BRIEF 1A2Y C 129              
 48.292	-21.572	 20.967  1.111
 45.504	-21.751	 18.368 -0.505
 44.348	-18.362	 17.097 -0.688
 40.888	-17.407	 15.934 -1.195
 40.859	-15.462	 12.646  0.867
 40.008	-11.984	 13.966  1.485
 42.490	-12.298	 16.835  0.040
 45.366	-13.153	 14.437  0.823
 44.352	-10.385	 11.969  1.149
 44.560	 -7.758	 14.750 -0.788
 48.020	 -8.966	 15.858 -0.759
 49.380	 -9.059	 12.280  0.900
 48.105	 -5.501	 11.725 -1.112
 49.815	 -4.201	 14.885 -2.450
 53.006	 -5.849	 13.565 -2.371
 52.875	 -3.920	 10.263  0.874
 51.676	 -6.542	  7.738 -0.938
 48.715	 -4.652	  6.179 -0.471
 49.936	 -3.628	  2.678 -0.351
 53.543	 -4.681	  3.470 -0.230
 55.105	 -4.528	 -0.006 -0.715
 51.645	 -4.067	 -1.538 -0.104
 50.039	 -7.173	  0.037 -0.888
 46.613	 -6.660	  1.708  0.152
 46.112	 -8.052	  5.260  0.190
 43.874	-11.007	  4.297 -0.069
 46.734	-12.607	  2.284  0.413
 48.681	-13.155	  5.514  1.096
 45.686	-14.532	  7.452  0.273
 44.808	-16.931	  4.559  1.504
 48.433	-18.146	  4.361  1.001
 48.509	-18.947	  8.122  0.765
 45.248	-20.893	  7.806 -0.641
 46.540	-23.240	  5.073 -0.190
 50.098	-23.497	  6.457  1.136
 49.532	-24.148	 10.211  1.517
 45.745	-23.948	 10.737 -1.139
 46.419	-21.015	 13.105 -0.392
 48.559	-23.230	 15.379  0.513
 51.675	-21.475	 16.788  1.366
 53.492	-24.774	 17.445 -2.445
 52.903	-26.615	 14.162  1.019
 55.773	-28.591	 12.563 -0.396
 56.159	-30.670	  9.386  0.699
 59.087	-32.787	  8.267 -1.069
 59.489	-32.633	  4.519  0.390
 60.619	-35.707	  2.592 -0.890
 63.642	-33.681	  1.421  0.539
 64.869	-33.663	  5.028 -0.297
 63.968	-30.163	  6.256  1.170
 61.304	-29.222	  8.806 -0.001
 58.800	-26.320	  8.810  0.979
 58.148	-24.367	 12.015  0.918
 55.421	-22.240	 13.592  1.509
 52.413	-20.164	 12.544  1.081
 54.019	-19.337	  9.161  1.193
 55.988	-22.593	  8.765  1.516
 59.536	-21.189	  8.442  1.430
 61.958	-23.655	  6.702  1.272
 65.129	-25.155	  8.309  0.817
 67.332	-25.494	  5.195 -0.604
 67.096	-21.863	  4.086 -0.510
 65.625	-19.626	  6.789  1.189
 66.068	-20.894	 10.382  1.504
 68.493	-23.390	 11.946 -0.069
 67.375	-26.684	 13.555 -0.625
 70.874	-28.190	 13.741 -1.136
 69.714	-31.293	 11.843 -1.324
 69.314	-30.247	  8.217 -1.012
 72.092	-30.738	  5.618 -1.091
 72.975	-27.566	  3.728 -1.108
 71.416	-25.180	  6.288 -0.842
 71.752	-21.501	  5.234 -0.613
 69.865	-19.890	  8.167  1.184
 69.186	-16.615	  6.281 -0.878
 66.895	-15.198	  9.020  1.511
 69.673	-15.877	 11.535 -0.721
 67.485	-17.494	 14.196 -0.177
 66.987	-20.946	 15.803 -0.740
 63.832	-22.763	 14.588  1.487
 62.756	-23.433	 18.208 -0.258
 62.486	-19.675	 18.863 -1.033
 59.629	-19.509	 16.337  0.661
 57.130	-21.627	 18.294 -0.026
 55.965	-18.926	 20.708 -0.208
 52.410	-17.621	 21.357  0.219
 53.796	-14.187	 20.519  0.539
 54.169	-13.877	 16.711  1.081
 56.984	-11.251	 16.743 -1.086
 59.817	-13.599	 15.686 -0.310
 57.833	-15.268	 12.880  0.694
 56.672	-11.889	 11.522  0.333
 60.241	-10.567	 11.498 -2.450
 61.514	-13.538	  9.461  1.504
 58.508	-13.304	  7.100  1.022
 59.443	 -9.647	  6.333  0.331
 63.007	-10.725	  5.400 -0.636
 61.716	-13.456	  3.079  0.870
 59.379	-11.043	  1.206 -0.686
 61.880	 -8.555	 -0.247 -0.923
 59.647	 -7.391	 -3.123 -0.180
 56.038	 -7.181	 -4.296 -0.529
 56.122	-10.805	 -5.560 -0.250
 57.546	-12.446	 -2.386  1.132
 54.502	-14.324	 -1.002  0.647
 55.287	-16.943	 -3.673 -1.320
 57.615	-18.271	 -0.917  0.974
 54.567	-20.089	  0.520  1.227
 53.276	-22.757	 -1.903 -0.009
 49.935	-22.994	 -0.048  0.381
 49.378	-19.229	 -0.602  1.001
 50.204	-19.477	 -4.328 -2.283
 47.924	-22.466	 -4.868 -1.132
 45.053	-21.896	 -2.399 -0.666
 44.933	-18.134	 -1.582  1.503
 46.102	-16.266	 -4.712 -1.106
 43.057	-15.658	 -6.937 -0.136
 40.468	-15.847	 -4.127 -1.081
 38.701	-13.186	 -2.010 -0.730
 41.355	-13.090	  0.781  0.526
 39.623	 -9.947	  2.246 -0.230
 36.733	-12.307	  3.215 -0.610
 38.923	-13.654	  6.048 -0.067
 38.907	-10.232	  7.789 -0.306
 35.479	 -8.641	  7.146 -0.986
 33.513	 -8.303	 10.410 -0.819
 36.703	 -8.359	 12.506  1.507
 36.744	 -5.250	 14.685 -1.839
 39.897	 -3.594	 13.359 -0.297
BRIEF 1A2Y A 107              
 25.198	 -0.807	 -1.519       
 28.031	  1.677	 -0.814       
 27.819	  4.768	 -3.099       
 30.670	  7.277	 -3.786       
 30.174	 11.087	 -4.013       
 33.056	 12.758	 -5.975       
 33.500	 16.571	 -6.121       
 33.948	 18.941	 -7.889       
 32.592	 17.946	-11.358       
 35.245	 20.108	-13.099       
 38.324	 22.241	-12.350       
 39.975	 24.968	-14.477       
 43.652	 25.453	-13.589       
 47.064	 26.510	-14.862       
 50.391	 24.665	-14.956       
 52.185	 25.075	-11.637       
 48.989	 25.267	 -9.555       
 47.962	 22.748	 -6.852       
 44.512	 21.110	 -6.867       
 42.534	 18.663	 -4.668       
 39.639	 16.226	 -5.423       
 37.353	 14.632	 -2.764       
 35.631	 11.220	 -2.626       
 33.228	 10.397	  0.262       
 31.521	  7.000	  0.776       
 28.043	  6.254	  2.191       
 29.583	  3.525	  4.412       
 33.041	  2.671	  5.867       
 35.347	  1.214	  3.145       
 38.398	  0.609	  5.387       
 41.067	  2.257	  3.162       
 40.241	  0.050	  0.116       
 40.056	  2.953	 -2.387       
 41.868	  3.462	 -5.742       
 42.156	  6.417	 -8.199       
 42.383	  6.289	-12.069       
 43.343	  8.900	-14.727       
 41.735	  8.930	-18.221       
 43.080	 10.925	-21.218       
 40.774	 11.788	-24.128       
 40.215	  8.721	-26.351       
 42.191	  6.323	-24.097       
 41.440	  3.672	-21.432       
 41.586	  4.474	-17.660       
 45.003	  3.948	-15.994       
 45.745	  3.091	-12.339       
 47.254	  5.992	-10.316       
 46.890	  5.096	 -6.601       
 45.699	  2.044	 -4.599       
 44.887	  1.286	 -0.908       
 44.388	  5.059	 -0.316       
 48.052	  6.160	 -0.390       
 50.195	  3.832	 -2.535       
 51.376	  5.218	 -5.855       
 51.377	  2.836	 -8.827       
 54.664	  2.136	-10.665       
 55.955	  5.011	-12.769       
 53.539	  7.520	-11.212       
 55.184	 10.913	-10.307       
 55.589	 11.913	 -6.648       
 53.589	 15.132	 -7.144       
 50.412	 12.979	 -6.793       
 49.396	 12.134	 -3.170       
 46.397	 10.278	 -1.695       
 44.866	 10.435	  1.814       
 41.838	  9.432	  3.889       
 40.234	  6.908	  6.247       
 36.805	  5.570	  7.143       
 34.324	  7.398	  4.901       
 36.346	 10.392	  3.578       
 39.248	 10.484	  1.053       
 41.187	 12.956	 -1.198       
 43.629	 13.127	 -4.141       
 46.092	 16.046	 -4.360       
 48.261	 17.090	 -7.331       
 51.106	 19.484	 -6.454       
 52.360	 21.841	 -9.187       
 50.338	 20.218	-11.969       
 51.923	 19.638	-15.430       
 50.635	 19.502	-19.085       
 50.252	 15.706	-19.026       
 47.933	 15.819	-15.977       
 44.963	 17.393	-17.754       
 42.118	 14.899	-18.341       
 39.530	 13.042	-16.170       
 39.876	 11.316	-12.761       
 37.744	  8.605	-11.055       
 37.716	  6.996	 -7.548       
 36.680	  3.300	 -7.022       
 36.079	  1.269	 -3.777       
 36.907	 -2.425	 -3.165       
 35.124	 -3.193	  0.164       
 33.197	 -6.439	 -0.553       
 30.764	 -6.409	 -3.541       
 29.267	 -4.718	 -5.469       
 32.052	 -2.242	 -6.317       
 31.122	  1.333	 -7.480       
 32.893	  4.399	 -9.003       
 32.617	  8.094	 -8.166       
 31.031	 10.342	-10.836       
 34.315	 11.767	-12.172       
 36.164	 15.103	-12.322       
 37.326	 16.943	-15.484       
 40.625	 18.873	-15.025       
 40.941	 21.529	-17.730       
 43.431	 24.237	-18.782       
 42.549	 27.711	-17.477       
BRIEF 1A2Y B 116              
 53.692	 -8.496	-21.010       
 50.171	 -8.527	-19.621       
 47.569	 -7.836	-22.359       
 43.748	 -7.885	-22.541       
 41.619	 -7.417	-25.748       
 37.818	 -7.225	-26.185       
 35.796	 -8.551	-29.171       
 32.101	 -7.788	-29.708       
 29.272	 -7.586	-32.328       
 29.254	 -3.781	-32.668       
 25.571	 -3.462	-33.574       
 22.851	 -5.635	-32.000       
 19.054	 -5.713	-32.234       
 16.947	 -5.385	-29.029       
 15.534	 -8.803	-29.923       
 18.917	-10.534	-29.584       
 21.504	-10.862	-26.786       
 24.940	 -9.301	-26.227       
 28.066	-11.508	-26.152       
 31.605	-10.145	-25.718       
 34.918	-12.031	-25.395       
 38.061	-10.865	-23.539       
 41.228	-12.643	-24.760       
 44.184	-12.350	-22.369       
 47.912	-13.106	-22.402       
 50.963	-12.820	-20.163       
 49.321	-14.296	-17.011       
 47.115	-17.220	-15.854       
 43.362	-16.688	-15.261       
 43.600	-19.015	-12.227       
 45.635	-16.444	-10.259       
 43.813	-13.142	-10.987       
 40.233	-11.833	-11.259       
 38.788	-10.064	-14.340       
 36.235	 -7.190	-14.020       
 33.823	 -5.778	-16.664       
 33.207	 -1.969	-16.833       
 31.252	  0.236	-19.301       
 31.191	  3.936	-20.281       
 28.390	  5.628	-22.309       
 29.740	  8.232	-24.757       
 30.623	 11.456	-22.956       
 29.797	  9.907	-19.554       
 31.462	  8.209	-16.569       
 32.426	  4.643	-15.592       
 29.891	  1.970	-14.421       
 30.864	 -1.408	-12.764       
 29.164	 -4.478	-14.293       
 30.638	 -7.486	-12.480       
 33.623	 -9.821	-12.039       
 34.901	-13.413	-12.052       
 37.532	-14.366	 -9.414       
 40.558	-16.591	-10.129       
 38.679	-19.480	 -8.464       
 35.646	-19.108	-10.744       
 33.201	-17.423	 -8.307       
 31.130	-14.496	 -9.724       
 29.637	-11.190	 -8.413       
 27.403	 -8.643	-10.236       
 26.046	 -5.070	-10.262       
 22.838	 -5.142	 -8.131       
 20.438	 -3.483	-10.595       
 21.737	 -5.466	-13.619       
 22.234	 -8.898	-12.031       
 19.061	-10.501	-13.462       
 20.260	-10.002	-17.063       
 24.043	-10.537	-16.915       
 26.154	-13.707	-16.932       
 30.000	-13.971	-16.734       
 32.017	-17.202	-17.353       
 35.484	-18.279	-18.538       
 37.736	-20.946	-20.111       
 41.079	-21.178	-18.215       
 42.792	-23.370	-20.888       
 41.992	-20.879	-23.667       
 42.725	-17.684	-21.712       
 39.232	-16.296	-22.455       
 36.559	-14.518	-20.337       
 32.936	-14.074	-21.555       
 30.203	-11.485	-20.832       
 26.588	-12.182	-21.826       
 23.709	 -9.691	-21.445       
 20.009	-10.026	-22.342       
 16.946	 -7.736	-22.568       
 18.832	 -4.939	-24.385       
 17.711	 -1.291	-24.105       
 19.141	  1.733	-25.960       
 20.615	  2.689	-22.581       
 23.046	 -0.211	-23.052       
 24.880	  1.744	-25.804       
 28.501	  2.193	-24.567       
 32.199	  1.282	-24.749       
 32.782	 -2.018	-22.848       
 36.138	 -2.782	-21.096       
 37.651	 -5.864	-19.406       
 40.339	 -5.268	-16.726       
 42.661	 -7.454	-14.617       
 42.338	 -7.239	-10.826       
 45.429	 -7.801	 -8.677       
 44.861	 -7.755	 -4.871       
 42.137	 -5.068	 -4.899       
 43.130	 -2.727	 -7.808       
 42.505	 -2.867	-11.587       
 46.110	 -2.827	-12.873       
 45.804	 -3.491	-16.656       
 42.881	 -2.591	-18.961       
 41.885	 -3.479	-22.536       
 41.296	 -0.788	-25.224       
 37.528	 -1.429	-25.191       
 34.881	 -2.244	-27.800       
 31.914	 -0.049	-28.733       
 28.373	 -1.372	-28.782       
 25.200	  0.289	-30.080       
 21.680	 -0.990	-29.489       
 19.591	 -0.738	-32.676       
 15.821	 -0.226	-32.755       
