BRIEF 1ADQ A 206              
  1.719	-25.217	  8.694  0.625
  2.934	-21.997	  7.084  0.522
  5.350	-19.779	  8.986 -0.037
  5.367	-15.980	  9.029  0.042
  8.259	-14.001	 10.489  0.588
  7.474	-10.347	 11.244 -0.428
  9.757	 -7.344	 11.995 -3.099
  9.600	 -4.928	 14.974 -0.404
  7.635	 -1.682	 15.038 -3.099
  9.549	  1.226	 13.437 -0.492
  9.114	  3.253	 16.634 -3.097
 10.323	  0.326	 18.742  0.366
 13.693	  0.238	 16.993  0.463
 14.234	  3.995	 16.926 -0.293
 13.656	  4.814	 20.603 -0.277
 15.983	  3.210	 23.170 -0.365
 13.118	  3.174	 25.697  0.626
 11.042	  0.623	 23.762  0.525
 11.738	 -3.088	 23.282  0.671
 11.844	 -4.102	 19.585  0.214
 10.652	 -7.660	 18.956  0.137
 10.794	-10.176	 16.114  0.639
  7.698	-12.350	 15.768  0.508
  7.530	-15.930	 14.486 -3.099
  3.916	-17.025	 14.010  0.092
  2.293	-20.066	 12.379 -3.099
 -1.054	-20.961	 10.793  0.522
 -2.683	-24.301	  9.863 -3.099
 -1.331	-26.911	 12.296 -0.433
 -1.297	-30.590	 11.303 -0.413
 -3.569	-33.028	 13.150  0.563
 -1.278	-35.124	 15.368  0.037
  0.939	-34.126	 18.329  0.286
  2.072	-30.530	 19.042  0.533
  5.778	-31.454	 19.264 -3.099
  7.388	-28.196	 18.107 -1.029
 11.031	-27.038	 18.056  0.409
 12.658	-23.600	 17.715  0.187
 16.219	-22.672	 16.760  0.567
 16.724	-18.914	 16.608  0.705
 19.937	-18.379	 14.656  0.453
 20.896	-14.738	 15.202  0.155
 23.514	-14.348	 12.446  0.426
 26.166	-16.141	 14.479 -0.026
 24.985	-16.033	 18.078 -3.099
 22.086	-18.288	 19.069  0.346
 19.442	-18.010	 21.782  0.507
 17.611	-21.201	 20.747  0.334
 14.872	-20.946	 23.404  0.316
 14.231	-17.192	 23.624  0.236
 10.687	-16.667	 24.959  0.088
  8.559	-19.065	 22.916  0.645
  5.463	-18.921	 25.121  0.164
  2.265	-19.142	 23.016 -1.024
 -0.163	-17.049	 25.065 -3.099
 -3.207	-18.703	 23.513  0.512
 -5.569	-15.769	 23.030 -0.039
 -8.437	-18.156	 22.320 -1.031
-11.425	-16.609	 20.590 -3.060
-13.941	-19.114	 19.234  0.769
-11.578	-21.723	 17.750  0.053
 -8.569	-19.619	 16.745  0.061
 -5.232	-19.689	 18.596 -0.347
 -1.872	-19.721	 16.833 -0.339
  1.667	-20.371	 18.066 -3.099
  3.517	-17.065	 18.318 -0.424
  7.194	-16.712	 19.219  0.569
  8.523	-13.219	 19.894 -3.099
 12.226	-12.390	 20.140 -3.099
 13.617	 -9.499	 22.155  0.290
 15.952	 -7.651	 19.802  0.172
 18.871	 -5.360	 20.582 -3.099
 18.140	 -2.067	 18.811  0.065
 21.529	 -1.772	 17.086  0.604
 21.692	 -5.434	 16.083 -0.346
 18.524	 -4.933	 14.040 -3.090
 19.735	 -1.551	 12.765 -0.089
 23.021	 -3.112	 11.613 -0.358
 21.548	 -5.796	  9.392  0.696
 21.671	 -8.960	 11.480  0.496
 19.672	-11.920	 10.128  0.502
 17.020	-13.202	 12.521  0.406
 15.996	-16.716	 11.479  0.496
 13.150	-18.795	 12.878  0.762
 13.357	-22.570	 12.495  0.450
  9.818	-23.856	 13.043  0.044
  9.014	-27.566	 13.122  0.625
  6.148	-29.848	 14.142  0.687
  5.103	-33.498	 14.358 -1.023
  3.436	-33.520	 10.955 -3.099
  5.588	-31.309	  8.749 -0.461
  8.011	-33.275	  6.513 -0.452
 10.878	-30.948	  7.464 -0.358
 11.531	-27.777	  9.453 -0.117
 10.590	-24.562	  7.660  0.318
 12.958	-21.637	  8.218 -0.012
 12.402	-17.907	  7.672  0.532
 14.872	-14.986	  7.830  0.324
 14.394	-11.233	  8.316  0.595
 16.639	 -8.151	  8.414  0.597
 16.198	 -4.421	  7.805  0.715
 15.984	 -3.207	  4.187 -2.062
 19.658	 -3.486	  3.238 -0.613
 20.895	 -0.142	  1.971  0.696
 22.527	  3.128	  2.979 -1.844
 20.034	  5.189	  5.052 -0.880
 18.753	  8.536	  3.853 -0.540
 17.410	 11.294	  6.104 -0.322
 13.768	 12.166	  5.321  0.659
 12.831	 15.708	  4.348  0.007
  9.586	 16.882	  5.961  0.748
  7.337	 19.597	  4.552  0.436
  3.946	 20.644	  5.881  0.499
  1.276	 21.876	  3.489  0.333
 -1.682	 24.057	  4.574  0.380
 -5.290	 23.448	  3.356  0.064
 -6.071	 24.061	 -0.305  0.322
 -8.000	 27.342	 -0.579  0.346
-10.754	 25.316	 -2.311  0.396
-11.091	 23.099	  0.760  0.261
-11.791	 26.119	  2.972  0.361
-15.305	 26.001	  1.520  0.348
-15.739	 22.877	  3.648  0.512
-16.162	 22.470	  7.416  0.482
-13.132	 20.211	  7.919 -0.067
 -9.903	 21.271	  6.210  0.531
 -7.018	 18.837	  5.918  0.597
 -3.379	 19.473	  6.776  0.609
 -0.787	 17.567	  4.770  0.613
  2.719	 16.405	  5.680  0.672
  5.093	 15.413	  2.891  0.482
  7.862	 13.120	  4.103  0.593
 10.203	 12.232	  1.241  0.043
 13.688	 11.158	  0.237  0.297
 14.066	  8.670	  3.084  0.764
 15.379	  5.114	  3.268  0.546
 14.742	  2.519	  4.510  0.730
 10.954	  2.648	  4.365 -0.053
 10.652	  1.973	  8.088  0.046
  9.548	  5.335	  9.500  0.470
  7.034	  6.696	 12.047  0.242
  4.833	  9.763	 11.570  0.663
  2.503	 11.260	 14.174  0.315
  0.586	 14.502	 14.557  0.752
  0.168	 16.643	 17.668  0.204
 -1.391	 20.022	 18.397  0.040
 -0.776	 21.589	 21.802  0.709
  1.490	 18.867	 23.146  0.427
 -1.246	 16.265	 22.707  0.239
 -1.495	 13.587	 19.993  0.549
 -4.259	 14.155	 17.448  0.570
 -5.918	 10.835	 16.590  0.223
 -7.782	 12.097	 13.510 -0.014
 -5.086	 11.498	 10.870  0.389
 -4.042	  8.812	  8.375  0.526
 -0.727	  8.092	  6.681  0.619
 -0.168	  6.566	  3.245  0.770
  2.384	  3.733	  3.010  0.283
  5.886	  4.476	  1.641  0.507
  5.926	  4.790	 -2.144  0.457
  9.227	  3.824	 -3.813 -0.077
 10.192	  6.989	 -5.643  0.706
 12.349	  7.073	 -8.773  0.626
 15.388	  8.151	 -6.727  0.744
 15.496	  4.739	 -5.038  0.406
 14.268	  6.464	 -1.874  0.447
 10.761	  6.457	 -0.438  0.091
  8.090	  9.034	  0.302  0.681
  4.673	  9.200	  1.926  0.631
  1.931	 11.597	  2.962  0.598
  0.220	 12.038	  6.301  0.717
 -3.117	 13.818	  6.369  0.197
 -4.533	 15.395	  9.532  0.621
 -8.241	 16.266	  9.392  0.607
 -9.129	 19.304	 11.516  0.679
-12.268	 21.418	 11.820  0.414
-11.725	 24.594	  9.827  0.565
-12.892	 26.467	 12.921  0.314
 -9.791	 25.238	 14.748  0.236
 -7.574	 25.970	 11.747  0.672
 -9.029	 29.493	 11.550 -0.340
 -8.093	 30.097	 15.196  0.183
 -4.418	 30.022	 14.248  0.602
 -3.656	 26.833	 16.150  0.404
 -0.223	 25.336	 15.517  0.392
 -0.109	 21.669	 14.525  0.628
  3.071	 19.631	 14.159  0.284
  4.157	 16.723	 11.963  0.762
  6.490	 14.570	 14.037  0.129
  8.611	 12.054	 12.170  0.769
 10.936	  9.405	 13.583  0.378
 13.535	  7.751	 11.361  0.769
 16.880	  5.991	 11.706  0.344
 18.909	  8.551	  9.726  0.693
 17.584	 11.589	 11.598  0.219
 19.757	 13.533	 14.076  0.092
 17.960	 12.257	 17.192  0.361
 15.713	  9.768	 15.393  0.561
 13.188	 12.612	 15.645 -0.015
 12.096	 15.814	 13.876  0.487
  8.867	 17.781	 13.546  0.538
  7.422	 20.593	 11.449  0.175
  4.619	 22.952	 12.449  0.264
  1.688	 24.554	 10.607  0.428
 -0.324	 27.675	 11.465  0.677
 -2.378	 30.526	  9.994 -0.276
BRIEF 1ADQ L 213              
 32.992	 22.861	 29.486       
 32.613	 26.653	 29.569       
 30.029	 28.873	 27.872       
 30.254	 32.655	 27.849       
 27.487	 35.089	 27.000       
 27.343	 38.900	 27.424       
 25.621	 40.067	 30.641       
 23.161	 42.327	 28.820       
 22.086	 43.358	 25.326       
 20.081	 46.519	 24.785       
 18.230	 46.826	 21.488       
 15.459	 49.236	 20.516       
 12.223	 47.745	 19.081       
 12.428	 46.627	 15.463       
 16.181	 45.998	 15.624       
 17.599	 42.484	 15.736       
 19.051	 41.198	 18.994       
 21.919	 38.778	 18.430       
 22.914	 37.004	 21.648       
 26.378	 35.421	 21.565       
 27.127	 32.148	 23.383       
 30.886	 31.620	 23.496       
 32.265	 28.105	 23.791       
 35.538	 26.304	 23.028       
 34.800	 24.200	 19.919       
 31.090	 24.737	 20.609       
 30.547	 23.835	 16.963       
 30.917	 20.158	 17.876       
 28.034	 20.504	 20.322       
 24.385	 21.387	 19.873       
 23.509	 24.609	 21.694       
 20.054	 25.036	 23.234       
 18.363	 28.284	 24.265       
 15.903	 29.024	 27.052       
 13.888	 32.147	 27.798       
 13.301	 32.945	 31.459       
 10.888	 35.764	 32.210       
 10.907	 37.419	 35.667       
  9.158	 35.088	 38.091       
  8.527	 32.472	 35.403       
 10.260	 29.148	 34.696       
 12.498	 29.178	 31.566       
 11.158	 27.980	 28.205       
 12.928	 26.196	 25.343       
 12.908	 28.627	 22.395       
 15.586	 26.940	 20.289       
 17.182	 23.524	 20.512       
 19.703	 21.486	 18.529       
 21.239	 24.713	 17.161       
 18.443	 25.990	 14.918       
 15.205	 24.063	 15.577       
 12.220	 25.884	 17.098       
  9.563	 24.158	 19.259       
  5.925	 24.405	 18.042       
  4.604	 27.852	 18.859       
  7.847	 29.779	 19.261       
  7.785	 32.712	 16.771       
  9.713	 32.581	 13.501       
 11.824	 35.631	 14.364       
 13.692	 33.405	 16.854       
 16.602	 31.890	 14.934       
 19.505	 29.824	 16.201       
 23.046	 29.749	 14.812       
 26.191	 27.830	 15.808       
 29.601	 27.133	 14.255       
 33.277	 27.197	 15.162       
 33.728	 28.912	 18.513       
 30.379	 30.717	 18.633       
 26.634	 30.089	 18.795       
 24.465	 33.122	 18.030       
 20.793	 33.455	 19.000       
 19.207	 35.958	 16.657       
 15.890	 37.697	 17.267       
 14.532	 39.642	 14.301       
 12.062	 42.499	 14.869       
 12.677	 42.475	 18.633       
  9.542	 43.353	 20.607       
  8.877	 44.347	 24.229       
  7.402	 40.931	 24.963       
 10.833	 39.505	 24.145       
 12.326	 41.195	 27.219       
 13.741	 38.478	 29.506       
 16.862	 36.438	 30.245       
 18.192	 34.121	 27.550       
 20.320	 31.108	 28.479       
 22.423	 28.988	 26.156       
 22.797	 25.415	 27.360       
 24.948	 22.571	 26.086       
 25.413	 18.987	 27.224       
 29.082	 18.216	 27.676       
 29.410	 14.702	 26.257       
 32.920	 14.340	 27.709       
 31.784	 14.335	 31.353       
 27.987	 13.965	 31.411       
 27.091	 17.414	 32.729       
 24.689	 20.081	 31.465       
 26.409	 23.461	 31.314       
 24.297	 26.614	 31.084       
 25.610	 30.010	 30.127       
 25.611	 32.951	 32.510       
 22.501	 34.386	 30.910       
 21.885	 37.525	 28.884       
 19.406	 40.312	 29.580       
 17.650	 41.419	 26.398       
 16.605	 44.932	 27.336       
 14.213	 46.188	 24.661       
 15.012	 49.905	 24.699       
 12.116	 52.143	 25.681       
 13.365	 55.103	 27.713       
 16.740	 56.913	 27.543       
 19.826	 55.602	 29.359       
 20.399	 56.842	 32.906       
 23.824	 57.328	 34.503       
 24.283	 55.183	 37.648       
 24.973	 57.001	 40.909       
 27.202	 54.876	 43.147       
 28.249	 55.456	 46.768       
 30.378	 53.116	 48.878       
 29.800	 53.238	 52.627       
 32.451	 52.128	 55.165       
 31.456	 49.408	 57.633       
 30.243	 51.187	 60.778       
 32.265	 50.748	 63.980       
 29.354	 48.731	 65.394       
 29.997	 46.008	 62.809       
 33.694	 46.103	 63.699       
 32.599	 45.684	 67.333       
 30.762	 42.505	 66.331       
 34.052	 41.376	 64.726       
 32.742	 41.699	 61.167       
 33.272	 44.232	 58.377       
 31.023	 44.849	 55.395       
 31.519	 47.222	 52.472       
 28.158	 48.304	 51.047       
 28.249	 49.574	 47.460       
 24.926	 51.069	 46.375       
 24.192	 51.646	 42.677       
 21.061	 53.535	 41.643       
 19.117	 55.278	 38.854       
 20.479	 53.306	 35.910       
 18.971	 52.106	 32.634       
 19.254	 49.528	 31.130       
 18.899	 47.653	 34.399       
 22.244	 45.882	 34.189       
 25.619	 46.791	 35.689       
 28.744	 44.806	 36.502       
 30.051	 45.623	 39.973       
 33.632	 44.773	 40.934       
 35.587	 45.017	 44.182       
 39.323	 45.478	 44.619       
 41.539	 45.943	 47.671       
 44.652	 48.002	 46.891       
 44.083	 47.585	 43.164       
 44.072	 43.793	 43.291       
 40.580	 42.339	 42.694       
 38.959	 40.540	 45.631       
 36.822	 37.635	 44.433       
 35.847	 35.931	 47.697       
 33.098	 37.372	 49.890       
 31.276	 39.260	 47.139       
 27.477	 39.001	 46.870       
 25.655	 41.374	 44.527       
 21.911	 41.749	 44.061       
 20.204	 41.842	 40.671       
 19.005	 45.245	 39.392       
 15.447	 46.164	 40.376       
 13.210	 48.900	 38.945       
 11.176	 48.864	 42.174       
  8.633	 51.497	 41.095       
 10.523	 54.699	 40.220       
 11.157	 53.197	 36.746       
 14.938	 53.545	 37.155       
 16.846	 50.440	 38.226       
 18.919	 50.035	 41.386       
 21.157	 47.400	 42.982       
 23.471	 46.627	 45.906       
 26.895	 44.964	 46.152       
 28.313	 43.511	 49.378       
 31.819	 42.490	 50.429       
 31.646	 40.616	 53.727       
 35.240	 40.592	 54.955       
 36.951	 40.139	 58.323       
 37.533	 43.230	 60.524       
 41.274	 42.538	 60.283       
 41.218	 42.353	 56.472       
 39.516	 45.754	 56.457       
 42.337	 47.226	 58.552       
 45.106	 45.533	 56.556       
 44.616	 47.521	 53.334       
 45.348	 51.083	 52.229       
 42.077	 51.455	 50.304       
 39.074	 49.555	 48.916       
 37.355	 50.359	 45.620       
 33.998	 49.492	 44.090       
 33.847	 49.835	 40.315       
 30.557	 49.507	 38.453       
 30.587	 49.205	 34.668       
 27.322	 50.304	 33.063       
 27.922	 49.360	 29.418       
 31.418	 50.604	 28.665       
 31.348	 53.333	 31.316       
 33.205	 52.256	 34.461       
 32.517	 54.417	 37.525       
 34.283	 53.659	 40.791       
 34.413	 54.942	 44.348       
 37.206	 54.381	 46.860       
 36.884	 54.008	 50.630       
 40.161	 54.041	 52.563       
 40.481	 52.479	 56.063       
 41.800	 55.862	 57.232       
 41.512	 59.508	 56.172       
 43.375	 61.488	 58.835       
 44.839	 61.243	 62.340       
BRIEF 1ADQ H 223              
 -0.511	 19.577	 27.422       
  2.336	 18.416	 29.649       
  2.650	 19.350	 33.322       
  5.408	 18.567	 35.817       
  4.401	 19.322	 39.411       
  6.965	 19.396	 42.209       
  6.394	 19.222	 45.966       
  9.268	 18.655	 48.390       
  9.601	 20.936	 51.392       
 10.840	 24.437	 52.113       
 12.921	 26.052	 54.854       
 15.388	 23.746	 56.624       
 18.377	 23.963	 58.969       
 21.757	 22.991	 57.415       
 22.743	 19.348	 57.676       
 19.057	 18.353	 57.623       
 17.416	 16.491	 54.723       
 14.538	 16.947	 52.265       
 12.987	 14.651	 49.662       
 11.619	 16.400	 46.583       
  9.011	 14.878	 44.291       
  7.804	 15.531	 40.767       
  4.600	 13.961	 39.462       
  4.330	 14.188	 35.684       
  1.406	 14.276	 33.261       
  0.773	 14.623	 29.530       
  3.382	 12.178	 28.216       
  4.860	  8.702	 28.631       
  7.153	  8.991	 31.666       
  8.783	  5.631	 30.880       
 10.194	  7.129	 27.679       
 11.988	 10.195	 28.993       
 14.978	 10.881	 31.208       
 13.946	 13.386	 33.861       
 16.309	 15.977	 35.298       
 16.433	 18.423	 38.186       
 17.791	 21.907	 37.594       
 17.949	 24.529	 40.336       
 18.114	 28.291	 40.106       
 20.024	 30.170	 42.782       
 17.749	 32.978	 44.108       
 18.962	 35.846	 41.987       
 21.347	 34.382	 39.428       
 21.273	 31.705	 36.753       
 20.257	 28.092	 36.417       
 22.382	 25.164	 37.569       
 21.855	 21.546	 36.584       
 21.534	 19.213	 39.578       
 20.960	 15.606	 38.465       
 19.377	 13.268	 35.955       
 18.203	  9.681	 35.543       
 17.514	  7.458	 32.530       
 14.119	  5.951	 31.653       
 14.800	  2.547	 33.234       
 16.650	  4.067	 36.218       
 19.744	  2.368	 34.753       
 21.781	  5.540	 34.308       
 21.960	  7.964	 37.235       
 24.110	 11.116	 37.086       
 24.762	 14.055	 39.429       
 26.420	 17.452	 39.529       
 29.889	 17.639	 41.081       
 28.562	 20.175	 43.597       
 25.958	 17.588	 44.639       
 27.686	 14.202	 44.277       
 27.391	 12.179	 47.455       
 24.740	 14.373	 49.049       
 21.741	 14.353	 46.702       
 20.156	 11.100	 45.506       
 17.933	 11.214	 42.403       
 15.194	  8.601	 41.980       
 12.220	  7.870	 39.732       
  9.095	  5.698	 39.718       
  7.719	  4.862	 36.276       
  4.711	  3.031	 37.722       
  3.745	  6.200	 39.606       
  4.975	  8.752	 37.025       
  7.169	 10.325	 39.710       
 10.687	 11.763	 39.904       
 12.382	 12.320	 43.278       
 15.453	 14.059	 44.695       
 16.608	 12.954	 48.149       
 18.519	 15.986	 49.397       
 20.823	 14.662	 52.137       
 23.360	 16.722	 54.082       
 21.871	 20.057	 53.052       
 23.915	 23.256	 52.971       
 23.099	 26.978	 52.817       
 24.659	 27.137	 49.334       
 21.844	 24.782	 48.261       
 19.178	 27.445	 48.830       
 17.587	 27.570	 45.370       
 14.373	 27.124	 43.397       
 14.395	 23.493	 42.263       
 12.936	 22.810	 38.826       
 11.840	 19.482	 37.436       
 12.577	 18.866	 33.754       
 11.563	 16.548	 30.925       
 14.094	 15.867	 28.185       
 13.379	 14.548	 24.691       
 15.968	 12.120	 23.352       
 15.856	  8.615	 21.863       
 19.444	  8.033	 20.743       
 21.745	  6.178	 23.153       
 23.880	  9.222	 23.958       
 22.007	 12.470	 23.434       
 22.908	 16.050	 24.272       
 19.972	 16.639	 26.625       
 17.761	 19.711	 26.385       
 15.074	 20.522	 28.896       
 11.846	 20.362	 26.931       
  9.448	 20.973	 29.826       
 10.067	 22.710	 33.135       
  7.972	 22.705	 36.292       
  7.036	 25.873	 38.194       
  9.855	 25.081	 40.624       
  9.661	 24.521	 44.395       
 11.862	 26.401	 46.845       
 14.188	 24.999	 49.494       
 15.671	 27.479	 51.945       
 18.605	 26.311	 54.011       
 19.451	 28.450	 57.041       
 19.673	 28.303	 60.834       
 17.184	 30.699	 62.406       
 13.669	 30.911	 60.995       
 12.200	 34.268	 62.018       
 15.034	 36.601	 62.992       
 15.086	 40.113	 64.458       
 17.138	 42.260	 62.041       
 20.209	 43.871	 63.594       
 20.354	 47.479	 62.326       
 23.759	 49.124	 61.788       
 24.059	 52.745	 60.560       
 26.376	 53.607	 57.651       
 28.073	 56.983	 57.320       
 30.159	 58.553	 54.558       
 31.489	 62.082	 55.188       
 30.638	 65.774	 54.831       
 30.044	 66.902	 51.245       
 28.271	 69.752	 49.443       
 30.537	 71.769	 47.139       
 32.301	 69.027	 45.121       
 29.131	 66.927	 44.794       
 25.715	 66.101	 46.280       
 25.679	 65.509	 50.037       
 25.787	 61.703	 50.216       
 24.853	 62.014	 53.900       
 24.308	 58.551	 55.402       
 22.683	 55.188	 54.755       
 20.960	 52.492	 56.804       
 22.102	 48.868	 56.574       
 19.563	 46.374	 57.878       
 20.911	 42.871	 58.307       
 20.341	 39.615	 60.199       
 16.672	 39.259	 59.239       
 14.973	 36.118	 57.937       
 12.728	 35.775	 56.094       
 12.381	 38.980	 54.042       
  9.072	 40.881	 54.304       
 10.843	 44.144	 55.134       
  9.570	 47.717	 54.761       
 12.088	 50.208	 56.170       
 11.225	 53.832	 56.936       
 13.347	 56.834	 57.893       
 11.734	 59.405	 60.191       
 12.419	 63.052	 61.025       
 11.660	 65.295	 64.009       
  8.948	 66.999	 61.953       
  6.566	 66.087	 59.123       
  8.503	 64.271	 56.404       
  8.029	 66.719	 53.523       
 10.111	 64.982	 50.846       
  8.661	 61.523	 51.460       
 11.183	 59.442	 49.516       
 13.882	 56.817	 50.120       
 16.390	 55.002	 47.905       
 15.344	 51.413	 48.489       
 17.444	 48.470	 47.327       
 17.106	 44.688	 46.851       
 17.807	 42.269	 49.688       
 20.771	 39.900	 49.284       
 21.094	 36.157	 49.948       
 23.653	 35.963	 52.758       
 24.910	 32.961	 54.717       
 21.649	 31.804	 56.257       
 20.342	 35.375	 56.564       
 19.271	 38.396	 54.501       
 20.634	 41.951	 54.285       
 19.296	 45.165	 52.746       
 20.480	 48.780	 52.822       
 18.584	 52.035	 52.211       
 20.344	 55.229	 51.142       
 19.103	 58.769	 51.700       
 20.779	 61.559	 49.744       
 20.587	 64.882	 51.587       
 20.245	 68.238	 49.777       
 22.723	 70.103	 52.019       
 22.153	 70.909	 55.695       
 18.964	 72.955	 55.483       
 18.168	 73.514	 59.161       
 14.600	 74.595	 58.395       
 13.551	 75.086	 62.034       
 13.847	 71.385	 62.854       
 17.355	 70.792	 64.172       
 18.627	 67.556	 62.634       
 20.528	 66.306	 65.697       
 20.554	 62.785	 64.257       
 18.536	 60.966	 61.604       
 16.422	 57.942	 62.487       
 15.968	 54.624	 60.702       
 13.267	 52.065	 61.487       
 12.568	 48.613	 60.061       
  9.063	 47.174	 59.645       
  9.406	 43.394	 59.838       
  6.893	 40.788	 61.074       
  8.325	 39.565	 64.390       
 11.331	 41.691	 65.272       
 10.879	 45.456	 65.225       
 13.957	 47.663	 65.598       
 14.862	 51.330	 65.247       
 18.470	 52.525	 65.128       
 19.888	 56.026	 65.498       
 21.846	 57.383	 62.539       
