BRIEF 1AHW C 200              
-30.380	-53.169	 13.458  1.182
-30.952	-49.546	 14.514 -0.169
-29.959	-47.884	 17.771  1.239
-28.926	-44.251	 17.530  1.262
-25.604	-43.005	 18.753  0.183
-25.398	-39.895	 20.917  1.818
-25.312	-36.154	 20.223 -0.185
-25.178	-33.166	 22.509  1.457
-22.738	-34.456	 25.082  1.005
-22.487	-31.604	 27.581  0.393
-20.324	-31.276	 30.604  0.969
-22.384	-29.574	 33.314 -0.843
-20.697	-28.679	 36.583  1.505
-20.616	-26.277	 39.539 -0.180
-17.945	-26.575	 42.284  1.525
-16.479	-29.682	 40.621  0.710
-19.795	-31.592	 40.836  0.666
-19.732	-32.920	 37.356  0.912
-22.416	-34.541	 35.276 -0.812
-22.614	-35.471	 31.681  1.275
-26.033	-34.932	 30.153 -0.118
-26.679	-35.993	 26.533  1.805
-29.145	-36.861	 23.780 -0.221
-31.287	-38.219	 22.508  0.780
-33.677	-39.532	 25.100  0.728
-33.371	-43.318	 24.798 -0.662
-35.866	-44.752	 22.293 -0.453
-35.759	-48.519	 23.054  0.523
-32.025	-48.464	 23.872  0.912
-29.643	-48.216	 26.863  0.185
-26.418	-46.175	 27.128  1.746
-23.217	-47.141	 28.929  0.930
-20.612	-44.425	 29.661  1.626
-16.853	-44.668	 29.509  0.390
-14.632	-42.001	 31.108  0.757
-10.829	-41.776	 31.111  0.467
 -8.356	-38.981	 31.702 -1.066
 -6.528	-37.472	 28.710 -1.862
 -6.285	-40.250	 26.090 -0.580
 -6.241	-43.511	 28.097 -1.266
 -7.574	-46.637	 29.811  0.017
-11.235	-46.029	 29.703  0.324
-13.301	-46.590	 32.771 -0.662
-16.963	-47.473	 32.396 -0.731
-19.183	-45.806	 35.067 -0.810
-22.855	-45.495	 34.076  1.733
-23.883	-49.012	 33.178 -0.397
-26.701	-49.606	 30.638  0.440
-28.700	-46.766	 32.132  0.476
-31.647	-45.149	 30.417 -1.502
-30.981	-41.750	 31.902 -0.280
-29.357	-39.249	 29.584  0.755
-27.155	-38.095	 32.490 -0.487
-24.120	-39.548	 34.203  1.277
-22.694	-38.177	 37.451  1.097
-18.955	-38.644	 36.953  1.058
-17.851	-36.651	 39.997  1.243
-15.926	-39.394	 41.837 -1.390
-13.787	-39.576	 38.750 -0.950
-13.108	-35.878	 37.945 -0.321
-12.373	-34.946	 41.610 -1.851
 -9.404	-37.393	 41.853 -0.946
 -7.426	-34.765	 39.861 -0.829
 -9.119	-31.499	 39.035 -0.843
 -6.158	-30.358	 36.890 -2.216
 -6.442	-33.198	 34.407 -1.318
 -8.436	-33.104	 31.200 -0.318
-10.984	-35.914	 31.140  1.273
-12.385	-37.476	 28.029 -0.568
-15.533	-39.542	 27.867  0.863
-17.837	-41.378	 25.625  1.278
-21.335	-42.772	 25.502  1.782
-22.012	-46.162	 23.959  0.656
-25.550	-46.725	 22.625  1.593
-26.907	-50.229	 23.206 -0.112
-30.247	-51.602	 21.825  0.293
-32.990	-52.208	 24.429 -0.515
-35.203	-55.261	 24.548 -0.268
-35.014	-58.621	 22.829 -0.363
-19.800	-53.099	 17.765 -0.118
-22.058	-50.593	 19.666  1.681
-22.278	-47.029	 18.364 -1.067
-20.580	-44.369	 20.482 -0.225
-19.994	-40.660	 20.488  0.551
-17.246	-38.903	 22.382 -1.180
-17.618	-36.048	 24.773  0.706
-15.659	-32.804	 24.548 -1.375
-12.574	-32.563	 26.804 -1.022
-13.083	-31.388	 30.324  0.652
-10.495	-29.704	 32.491 -0.304
-12.188	-29.349	 35.930  0.554
 -9.889	-26.607	 37.193 -0.950
-10.691	-24.369	 34.249 -2.027
-14.363	-24.771	 33.343  0.109
-16.461	-25.636	 36.369  0.911
-18.764	-22.812	 37.088  0.008
-18.197	-21.072	 40.366  1.178
-21.263	-21.189	 42.590  0.585
-22.818	-17.956	 43.724  0.911
-20.802	-16.485	 46.622  1.788
-22.235	-15.598	 49.999 -1.045
-21.244	-12.976	 52.496  0.803
-20.956	-15.145	 55.622 -1.370
-21.202	-12.386	 58.178 -1.062
-19.886	 -9.008	 59.187 -0.043
-19.027	 -6.960	 62.229 -0.991
-17.302	 -3.619	 62.686 -0.889
-13.683	 -3.773	 63.863 -0.665
-12.959	 -0.201	 64.952 -0.501
-13.212	  2.600	 62.346 -0.385
-13.874	 -0.096	 59.711  0.722
-16.404	 -2.913	 58.897  1.088
-14.916	 -6.471	 58.800 -0.154
-16.827	 -8.118	 55.806  1.064
-16.433	-11.872	 55.053 -0.361
-17.197	-14.488	 52.420  0.739
-18.362	-18.062	 53.229 -0.368
-15.566	-20.536	 52.419  0.436
-17.763	-22.961	 50.415 -0.406
-17.088	-26.699	 50.626 -0.812
-16.391	-28.822	 47.519  1.818
-16.667	-32.446	 46.561 -1.827
-12.847	-32.400	 46.045 -0.385
-11.490	-34.808	 48.600 -1.810
 -7.844	-34.653	 49.739 -2.214
 -6.983	-37.357	 52.218 -0.558
-10.293	-38.358	 53.820 -1.653
-11.327	-34.718	 53.766 -1.010
-13.348	-32.406	 51.471 -0.700
-11.269	-29.355	 50.586 -1.105
-12.893	-25.960	 50.417 -0.099
-13.182	-23.758	 47.418 -0.280
-10.211	-21.845	 48.780 -1.047
 -8.422	-25.092	 49.534 -0.399
 -8.596	-26.027	 45.924 -0.439
 -7.678	-22.735	 44.247 -0.370
 -5.456	-21.034	 46.739 -0.757
 -4.274	-17.515	 45.887 -0.803
 -5.764	-18.247	 42.455 -0.701
 -9.104	-17.023	 43.703  0.281
 -9.763	-13.344	 44.131 -1.337
-13.065	-12.041	 45.603  1.566
-14.279	 -8.725	 44.228 -0.539
-16.403	 -6.666	 46.602  1.096
-18.630	 -3.871	 45.238 -0.812
-20.102	 -1.805	 48.028  0.756
-21.777	  1.585	 47.912  0.038
-23.845	  3.819	 50.099  0.205
-27.607	  3.732	 49.593  0.050
-27.577	  7.488	 49.524  0.321
-25.940	  7.532	 46.025  0.540
-25.639	  5.697	 42.739 -0.289
-21.826	  5.638	 42.421 -0.487
-20.110	  2.463	 43.717 -0.567
-16.696	  1.494	 45.082 -0.889
-14.501	 -1.658	 44.852 -0.976
-12.037	 -3.749	 46.845 -0.625
-10.172	 -6.935	 46.047 -1.349
 -9.101	 -9.706	 48.379 -0.309
 -7.528	-13.146	 47.922 -0.833
 -8.487	-14.509	 51.347 -0.156
-12.000	-14.257	 52.749  0.696
-12.381	-10.963	 54.527 -0.154
-12.250	 -7.286	 53.714 -0.456
-11.608	 -4.442	 56.180  0.022
-13.301	 -1.599	 54.486  0.626
-13.656	  1.818	 56.179  0.115
-17.228	  3.245	 55.773  1.552
-18.873	  6.534	 56.718 -0.037
-20.059	  7.102	 60.290  0.449
-23.763	  6.458	 60.402 -0.073
-24.614	  5.565	 56.772  0.920
-26.339	  2.778	 54.878  0.204
-23.993	  0.624	 52.755  1.623
-25.087	 -2.286	 50.601  1.156
-22.667	 -4.981	 49.494  1.109
-22.203	 -7.546	 46.772  0.782
-19.159	 -9.754	 45.982  1.545
-17.964	-11.827	 42.955  0.418
-15.525	-14.696	 42.644  0.884
-12.958	-14.477	 39.977 -2.276
-10.376	-17.197	 39.239 -0.140
 -7.661	-15.011	 37.635 -0.979
 -5.814	-17.937	 36.138 -0.598
 -8.649	-18.798	 33.735 -2.064
 -9.423	-17.599	 30.225 -1.877
-13.186	-18.294	 30.196 -2.319
-15.464	-19.206	 33.190 -0.014
-13.534	-16.597	 35.162  0.412
-16.374	-15.193	 37.158 -1.067
-19.323	-16.385	 39.335  1.369
-22.686	-14.718	 39.701 -0.943
-22.852	-11.820	 42.126 -0.793
-23.902	-12.697	 45.723  1.652
-27.339	-11.368	 46.829 -0.933
-26.967	 -7.663	 47.672 -0.270
-27.083	 -7.034	 51.488  0.129
-27.248	 -3.722	 53.338  1.814
-26.094	 -2.229	 56.710  1.061
-27.664	  0.671	 58.542  0.921
BRIEF 1AHW A 214              
 -8.419	  8.941	 48.536       
 -5.525	  6.480	 49.189       
 -2.349	  8.226	 48.001       
  0.844	  6.701	 46.439       
  4.158	  8.485	 46.795       
  6.829	  7.368	 44.374       
 10.408	  8.622	 44.583       
 12.683	  9.890	 42.836       
 11.058	 11.692	 39.895       
 14.067	 11.307	 37.675       
 17.315	  9.488	 38.079       
 20.453	  8.892	 35.938       
 22.422	  5.722	 36.400       
 25.081	  3.923	 34.520       
 24.797	  0.540	 32.946       
 25.311	 -2.511	 35.136       
 24.466	 -0.318	 38.140       
 21.622	 -1.220	 40.487       
 18.657	  1.058	 40.993       
 15.779	  1.311	 43.395       
 12.600	  3.211	 42.692       
 10.122	  3.497	 45.600       
  6.431	  3.744	 46.278       
  4.849	  4.473	 49.670       
  1.053	  4.292	 49.972       
 -0.781	  6.118	 52.732       
 -2.198	  2.841	 54.060       
 -1.729	 -0.857	 53.950       
 -2.488	 -1.677	 50.289       
 -1.903	 -5.319	 51.009       
  0.605	 -5.971	 48.225       
 -1.795	 -4.866	 45.533       
  1.030	 -2.887	 44.048       
  2.125	 -3.236	 40.399       
  5.129	 -1.721	 38.651       
  4.673	 -0.539	 35.037       
  7.315	  0.500	 32.446       
  6.455	  2.928	 29.722       
  8.966	  3.216	 26.759       
  8.307	  6.502	 24.936       
  5.301	  6.448	 22.633       
  4.293	  3.047	 23.973       
  1.385	  1.587	 25.925       
  2.701	  0.608	 29.415       
  4.066	 -2.857	 30.182       
  3.502	 -4.731	 33.381       
  6.866	 -5.445	 35.042       
  5.983	 -6.681	 38.567       
  2.533	 -7.528	 39.936       
  1.210	 -8.386	 43.461       
  4.204	 -6.651	 45.001       
  6.709	 -9.287	 43.977       
  5.628	-11.490	 41.060       
  7.562	-11.161	 37.769       
  5.107	-11.172	 34.880       
  4.635	-11.772	 31.166       
  8.298	-12.411	 30.175       
 10.025	 -9.782	 32.392       
 13.780	-10.018	 32.849       
 15.072	-11.663	 35.996       
 17.026	 -8.503	 36.909       
 13.707	 -6.886	 37.839       
 12.463	 -7.563	 41.376       
 10.193	 -5.813	 43.839       
  9.851	 -6.055	 47.615       
  7.025	 -4.845	 49.821       
  4.389	 -5.105	 52.496       
  1.697	 -2.743	 53.423       
  2.890	  0.767	 52.787       
  6.406	  0.245	 51.646       
  7.102	 -0.929	 48.159       
 10.239	 -0.804	 45.979       
 11.224	 -1.991	 42.443       
 14.850	 -2.709	 41.927       
 16.820	 -3.211	 38.712       
 20.066	 -5.128	 39.505       
 22.128	 -4.669	 36.344       
 20.821	 -1.598	 34.590       
 20.793	 -1.919	 30.798       
 20.049	 -0.029	 27.651       
 16.385	 -0.763	 27.223       
 15.604	  0.279	 30.721       
 15.530	  3.905	 29.718       
 11.835	  4.230	 30.295       
  9.419	  5.596	 32.821       
  8.187	  3.400	 35.676       
  4.956	  3.732	 37.529       
  3.522	  1.876	 40.496       
 -0.193	  1.368	 40.453       
 -2.045	  0.300	 43.550       
 -5.189	 -1.548	 42.670       
 -6.390	 -2.837	 46.015       
 -9.530	 -0.670	 46.278       
-11.226	  2.257	 44.416       
 -9.965	  4.484	 43.114       
 -6.901	  2.846	 41.548       
 -3.916	  5.100	 41.958       
 -0.748	  5.270	 39.891       
  2.213	  6.861	 41.609       
  3.882	  9.933	 40.076       
  6.313	  7.768	 38.156       
 10.077	  8.050	 37.702       
 12.254	  8.457	 34.570       
 15.500	  6.475	 34.453       
 18.068	  7.958	 32.052       
 21.154	  5.793	 31.458       
 24.543	  7.402	 31.995       
 27.043	  6.330	 29.354       
 30.350	  6.979	 27.546       
 30.607	 10.304	 25.648       
 29.812	 10.453	 21.917       
 30.086	 12.916	 18.968       
 26.983	 13.661	 16.912       
 27.441	 12.646	 13.291       
 25.942	 15.661	 11.419       
 23.811	 15.900	  8.223       
 22.416	 18.858	  6.304       
 19.729	 18.757	  3.662       
 18.842	 21.720	  1.295       
 15.246	 22.649	  0.473       
 13.715	 19.994	 -1.730       
 12.713	 21.468	 -5.059       
  9.299	 19.990	 -4.391       
  8.927	 22.096	 -1.275       
 10.209	 25.137	 -3.149       
  7.202	 24.862	 -5.443       
  5.176	 25.970	 -2.413       
  6.947	 29.114	 -1.472       
  8.947	 28.243	  1.589       
 12.159	 26.407	  2.346       
 13.442	 24.316	  5.217       
 16.980	 23.352	  5.714       
 17.232	 20.428	  8.101       
 20.346	 19.673	 10.165       
 20.295	 16.164	 11.745       
 22.646	 15.732	 14.697       
 22.272	 12.039	 15.455       
 23.759	  9.660	 17.997       
 25.387	 12.022	 20.466       
 25.905	 12.038	 24.289       
 25.353	 14.044	 26.585       
 21.864	 15.091	 25.547       
 23.154	 18.621	 25.995       
 23.913	 20.506	 22.728       
 23.907	 24.058	 21.379       
 23.116	 24.477	 17.634       
 23.603	 27.681	 15.578       
 22.324	 28.371	 12.058       
 24.395	 30.910	  9.993       
 23.142	 32.238	  6.632       
 26.053	 33.996	  4.878       
 28.476	 34.193	  7.739       
 28.005	 35.157	 11.392       
 24.697	 36.574	 10.363       
 23.108	 33.642	 12.091       
 19.376	 33.215	 12.597       
 16.030	 32.444	 14.325       
 13.021	 30.785	 12.623       
 14.620	 27.535	 13.688       
 12.819	 24.688	 15.484       
 14.597	 22.001	 17.463       
 13.498	 18.622	 18.734       
 15.443	 15.915	 20.602       
 14.761	 12.249	 20.687       
 14.833	 10.086	 23.717       
 17.711	  7.973	 24.873       
 17.939	  5.229	 22.362       
 17.119	  1.886	 23.820       
 20.197	  0.305	 22.288       
 23.161	  2.632	 22.457       
 21.822	  5.036	 25.068       
 22.545	  8.152	 22.980       
 20.500	 11.053	 21.566       
 19.767	 12.402	 18.036       
 18.495	 15.935	 17.431       
 16.945	 17.769	 14.507       
 17.372	 21.412	 13.729       
 15.222	 23.114	 11.088       
 15.540	 26.716	  9.844       
 12.527	 27.654	  7.710       
 13.105	 30.556	  5.304       
 10.780	 31.088	  2.338       
 12.010	 30.700	 -1.302       
 12.532	 34.505	 -1.080       
 15.177	 34.744	  1.612       
 16.383	 31.251	  0.604       
 17.340	 32.536	 -2.800       
 18.541	 35.792	 -1.405       
 21.528	 33.883	  0.037       
 23.916	 31.076	 -0.781       
 25.743	 29.765	  2.254       
 23.751	 27.671	  4.669       
 25.370	 26.009	  7.703       
 24.569	 24.862	 11.247       
 27.096	 24.710	 14.124       
 26.959	 22.123	 16.865       
 28.848	 22.889	 20.025       
 29.018	 19.764	 22.145       
 31.844	 18.783	 24.517       
 33.004	 15.825	 22.475       
 35.057	 18.481	 20.603       
 36.401	 21.962	 21.466       
 35.704	 23.341	 18.011       
 32.239	 23.677	 16.413       
 30.753	 20.858	 14.398       
 29.910	 22.722	 11.180       
 28.160	 21.377	  8.069       
 27.284	 23.392	  5.053       
 25.911	 23.525	  1.546       
 25.510	 26.422	 -0.909       
 22.405	 27.195	 -2.922       
 23.984	 26.976	 -6.370       
 21.234	 25.700	 -8.725       
 23.222	 27.025	-11.669       
BRIEF 1AHW B 214              
 -4.590	-13.650	 19.459       
 -5.911	-11.251	 22.091       
 -6.098	 -7.523	 21.225       
 -7.751	 -4.174	 21.913       
 -8.401	 -1.570	 19.185       
 -8.659	  2.195	 19.358       
 -9.534	  5.108	 16.999       
 -5.913	  6.399	 16.779       
 -6.843	  9.975	 16.267       
 -9.780	 12.196	 17.050       
-10.020	 16.006	 16.806       
-13.006	 17.466	 18.768       
-14.542	 20.882	 19.186       
-14.608	 22.246	 22.795       
-17.973	 21.793	 24.458       
-18.857	 18.806	 22.341       
-18.817	 15.292	 23.707       
-17.029	 12.252	 22.356       
-17.140	  8.512	 22.532       
-13.763	  6.732	 22.168       
-14.107	  2.972	 21.703       
-11.901	  0.028	 22.257       
-12.701	 -3.203	 20.398       
-11.805	 -6.455	 22.045       
-10.389	 -9.412	 20.157       
 -9.637	-12.974	 21.204       
-11.278	-12.815	 24.650       
-14.768	-11.962	 25.908       
-15.109	 -8.708	 27.856       
-17.813	-10.133	 29.957       
-15.067	-12.256	 31.641       
-12.845	 -9.315	 32.631       
-12.834	 -5.766	 33.825       
-12.116	 -3.170	 31.166       
-10.305	 -0.038	 32.306       
 -9.651	  3.448	 30.890       
 -6.474	  5.350	 31.726       
 -5.793	  8.890	 30.560       
 -2.344	 10.485	 30.077       
 -1.719	 14.192	 29.335       
  1.499	 15.408	 27.574       
  4.181	 16.287	 30.134       
  2.288	 14.117	 32.657       
  1.938	 10.625	 33.985       
 -0.863	  8.104	 33.779       
 -4.236	  8.802	 35.444       
 -6.980	  6.213	 36.100       
-10.356	  7.322	 34.608       
-12.515	  4.372	 35.680       
-13.428	  0.693	 35.150       
-16.351	 -1.446	 34.035       
-17.453	 -5.036	 34.694       
-19.126	 -5.964	 31.375       
-20.595	 -8.898	 33.219       
-23.172	 -7.482	 35.612       
-22.893	 -3.997	 34.047       
-21.116	 -2.321	 36.986       
-18.733	  0.573	 36.717       
-16.391	  2.363	 39.147       
-14.950	  5.861	 38.670       
-12.189	  7.948	 39.980       
-13.869	 10.801	 41.831       
-12.076	 13.345	 39.634       
-13.953	 12.087	 36.538       
-17.493	 11.474	 37.811       
-19.875	 13.376	 35.656       
-17.115	 14.140	 33.199       
-16.977	 10.530	 32.048       
-19.122	  7.369	 31.559       
-17.672	  4.000	 30.575       
-20.186	  1.876	 28.592       
-19.770	 -1.600	 26.983       
-21.675	 -3.459	 24.231       
-21.204	 -7.105	 25.133       
-22.493	 -8.159	 21.648       
-19.809	 -6.307	 19.722       
-17.235	 -6.965	 22.469       
-16.613	 -3.253	 22.864       
-16.072	 -1.014	 25.897       
-16.645	  2.754	 25.557       
-15.567	  5.939	 27.333       
-17.513	  9.058	 26.604       
-16.094	 12.364	 27.785       
-18.113	 15.679	 27.979       
-18.266	 19.449	 28.489       
-14.790	 19.307	 26.802       
-11.979	 21.710	 27.587       
 -8.378	 21.752	 26.350       
 -7.647	 19.893	 29.549       
 -9.078	 16.747	 27.978       
 -6.465	 16.696	 25.226       
 -4.423	 13.574	 26.111       
 -4.071	  9.919	 25.094       
 -6.605	  7.370	 26.224       
 -5.660	  3.723	 26.720       
 -8.222	  0.990	 27.551       
 -6.789	 -1.978	 29.446       
 -7.783	 -5.405	 30.589       
 -7.689	 -6.437	 34.194       
 -7.331	-10.126	 34.947       
 -7.529	 -9.190	 38.675       
 -3.862	 -9.408	 39.469       
 -2.733	 -6.800	 36.854       
 -3.726	 -4.894	 33.666       
 -2.527	 -7.555	 31.209       
 -3.361	 -6.022	 27.800       
 -3.388	 -2.477	 26.642       
 -4.954	 -1.047	 23.539       
 -2.559	  1.273	 21.620       
 -3.495	  4.811	 22.517       
 -6.238	  7.142	 21.151       
 -4.917	 10.689	 20.773       
 -7.745	 13.075	 21.680       
 -7.207	 16.704	 20.711       
 -9.900	 19.232	 21.673       
 -9.599	 22.277	 19.447       
-11.392	 24.340	 16.824       
 -8.474	 24.662	 14.482       
 -9.404	 22.469	 11.588       
 -7.756	 19.287	 10.372       
 -4.718	 19.777	  7.999       
 -3.168	 16.750	  6.199       
  0.635	 16.724	  6.297       
  3.058	 17.762	  3.557       
  5.767	 15.138	  3.148       
  8.975	 16.526	  1.578       
 11.867	 14.103	  1.078       
 15.378	 14.960	  2.201       
 17.927	 13.208	 -0.014       
 21.533	 14.327	  0.295       
 22.728	 17.309	 -1.772       
 25.736	 14.975	 -2.322       
 26.925	 11.988	 -0.207       
 27.770	 13.280	  3.285       
 31.015	 13.029	  5.160       
 29.932	 11.569	  8.473       
 29.666	  7.811	  8.105       
 30.447	  5.161	  5.450       
 26.679	  4.701	  5.249       
 24.332	  7.566	  4.169       
 21.503	  9.467	  6.071       
 18.225	 10.053	  4.271       
 15.235	 11.834	  5.787       
 11.558	 12.612	  5.441       
 10.206	 16.062	  6.542       
  6.519	 15.933	  7.543       
  5.236	 19.494	  7.819       
  2.180	 21.658	  8.323       
 -0.122	 18.988	  9.734       
 -2.705	 18.947	 12.545       
 -3.876	 17.469	 14.793       
 -1.462	 14.829	 16.127       
 -0.136	 12.184	 15.523       
  1.610	 11.066	 12.225       
  3.049	  7.616	 11.997       
  6.300	  7.813	  9.970       
  7.633	  4.498	  8.762       
 10.449	  3.380	  6.317       
  9.986	  0.808	  3.543       
  6.751	  0.064	  5.401       
  8.583	 -0.746	  8.599       
 11.024	 -3.203	  7.070       
 13.861	 -0.673	  7.164       
 14.058	 -0.240	 10.959       
 17.598	 -0.216	 12.277       
 18.756	  3.346	 11.552       
 15.519	  5.254	 12.214       
 15.023	  8.372	 14.256       
 11.639	  9.995	 14.321       
 11.707	 13.287	 16.080       
  8.577	 14.404	 18.002       
  6.322	 17.003	 16.550       
  6.793	 20.726	 17.158       
  4.012	 23.261	 17.083       
  4.541	 26.337	 14.958       
  1.285	 28.137	 14.150       
 -1.342	 25.465	 15.022       
  0.555	 23.073	 12.824       
  3.461	 20.816	 13.748       
  6.467	 19.577	 11.868       
  7.871	 16.134	 12.675       
 10.826	 14.714	 10.843       
 12.345	 11.280	 10.327       
 15.796	 10.125	  9.199       
 16.661	  6.531	  8.189       
 20.369	  5.857	  7.805       
 21.390	  3.220	  5.272       
 24.688	  2.018	  3.766       
 26.004	  4.044	  0.772       
 26.092	  0.687	 -1.012       
 22.327	  0.327	 -0.710       
 21.057	  3.679	 -2.045       
 20.177	  4.509	 -4.839       
 21.242	  0.876	 -5.401       
 18.079	 -0.117	 -3.506       
 14.793	  1.662	 -2.752       
 14.071	  3.637	  0.420       
 10.596	  4.994	  0.862       
  9.395	  6.909	  3.890       
  5.608	  6.323	  4.270       
  3.763	  8.885	  6.388       
  0.383	  8.205	  8.108       
 -1.863	 10.982	  9.408       
 -4.921	  9.187	 10.950       
 -6.781	 12.295	 12.092       
 -7.467	 12.791	  8.302       
 -7.295	  9.225	  6.928       
 -4.164	 10.112	  4.950       
 -1.224	  7.850	  4.100       
  1.481	  9.531	  2.020       
  4.288	  7.456	  0.426       
  7.483	  9.177	 -0.539       
 10.352	  7.628	 -2.524       
 13.481	  9.680	 -1.865       
BRIEF 1AHW D 214              
 26.155	 65.673	 36.830       
 24.900	 62.961	 39.277       
 25.015	 64.784	 42.641       
 25.663	 63.127	 46.026       
 24.487	 64.809	 49.178       
 26.183	 63.513	 52.333       
 24.921	 64.444	 55.859       
 25.895	 65.556	 58.489       
 28.803	 68.039	 58.001       
 30.402	 67.356	 61.409       
 29.305	 65.132	 64.214       
 30.462	 64.609	 67.792       
 29.707	 61.369	 69.566       
 31.504	 59.380	 72.176       
 33.214	 56.106	 72.678       
 31.159	 52.984	 72.333       
 28.446	 55.143	 70.795       
 26.948	 54.368	 67.356       
 26.848	 56.677	 64.381       
 25.362	 56.900	 60.951       
 26.732	 58.977	 58.074       
 24.521	 59.366	 55.062       
 24.669	 60.004	 51.366       
 21.736	 60.378	 48.984       
 22.458	 60.320	 45.225       
 20.305	 62.363	 42.834       
 19.511	 59.113	 41.062       
 19.858	 55.346	 41.365       
 23.592	 54.741	 41.443       
 23.273	 50.932	 41.565       
 25.255	 50.390	 44.736       
 28.339	 51.950	 43.318       
 29.013	 53.647	 46.591       
 32.220	 53.447	 48.587       
 32.890	 55.098	 51.914       
 36.361	 56.493	 52.632       
 38.116	 57.458	 55.801       
 40.740	 60.126	 55.769       
 42.783	 60.521	 58.972       
 44.599	 63.975	 58.919       
 47.584	 64.178	 56.569       
 46.828	 60.677	 55.144       
 45.883	 59.154	 51.829       
 42.281	 58.001	 52.024       
 41.585	 54.426	 53.121       
 38.749	 52.550	 51.537       
 36.304	 51.396	 54.281       
 33.238	 50.035	 52.419       
 32.860	 49.320	 48.714       
 29.862	 48.390	 46.533       
 27.485	 49.764	 49.098       
 27.997	 46.937	 51.668       
 31.340	 45.162	 51.392       
 33.861	 45.536	 54.133       
 37.328	 45.837	 52.455       
 41.113	 45.594	 52.856       
 41.102	 44.686	 56.553       
 38.496	 47.119	 57.738       
 37.137	 46.535	 61.253       
 33.842	 44.644	 61.557       
 32.326	 47.594	 63.378       
 31.949	 49.430	 60.082       
 29.020	 48.696	 57.845       
 26.957	 50.372	 55.266       
 23.592	 49.793	 53.744       
 22.091	 51.124	 50.589       
 20.043	 50.692	 47.475       
 19.444	 53.281	 44.809       
 19.814	 56.805	 46.124       
 20.066	 56.200	 49.805       
 23.322	 55.029	 51.384       
 24.623	 55.154	 54.950       
 27.781	 54.202	 56.872       
 27.431	 53.226	 60.518       
 30.285	 52.842	 62.950       
 28.880	 50.587	 65.747       
 31.210	 51.008	 68.704       
 32.878	 54.355	 68.191       
 36.569	 54.128	 69.064       
 39.503	 56.474	 69.430       
 41.038	 56.001	 65.931       
 37.764	 56.884	 64.312       
 38.370	 60.616	 64.608       
 38.744	 61.265	 60.883       
 36.755	 62.517	 57.914       
 34.593	 60.151	 55.875       
 33.505	 60.565	 52.250       
 31.194	 58.489	 50.132       
 32.213	 58.271	 46.465       
 29.839	 57.306	 43.693       
 31.633	 55.750	 40.714       
 28.993	 54.051	 38.570       
 29.179	 56.419	 35.573       
 31.246	 59.591	 34.832       
 32.042	 61.795	 36.649       
 32.866	 60.121	 39.930       
 31.559	 62.341	 42.674       
 32.827	 62.291	 46.214       
 30.201	 63.547	 48.572       
 31.207	 66.473	 50.732       
 32.368	 64.394	 53.662       
 31.573	 64.432	 57.393       
 34.039	 65.089	 60.232       
 33.669	 62.856	 63.271       
 34.989	 64.241	 66.574       
 35.100	 61.992	 69.664       
 33.551	 63.272	 72.903       
 35.509	 62.389	 75.973       
 36.531	 62.885	 79.619       
 37.838	 66.450	 80.114       
 41.570	 66.867	 80.738       
 44.198	 69.298	 81.869       
 46.997	 70.483	 79.514       
 50.492	 69.474	 80.674       
 52.422	 72.771	 79.953       
 56.028	 73.317	 78.878       
 57.917	 76.528	 78.164       
 61.049	 76.910	 75.974       
 63.433	 79.881	 75.931       
 65.117	 80.979	 72.632       
 67.845	 78.585	 71.585       
 71.257	 80.252	 71.846       
 71.396	 78.980	 68.315       
 68.456	 81.029	 67.087       
 69.854	 83.966	 69.048       
 72.874	 84.116	 66.762       
 70.403	 85.137	 64.062       
 69.254	 88.061	 66.169       
 65.650	 86.968	 66.755       
 63.991	 84.831	 69.477       
 61.126	 82.374	 69.747       
 59.629	 81.178	 73.021       
 57.464	 78.148	 72.579       
 54.790	 77.083	 75.032       
 53.416	 73.588	 74.474       
 49.915	 72.839	 75.740       
 49.685	 69.118	 75.201       
 47.005	 66.537	 75.758       
 44.007	 68.748	 76.764       
 40.235	 68.367	 76.332       
 38.119	 70.426	 75.369       
 40.035	 71.651	 72.295       
 38.751	 74.906	 73.562       
 41.534	 77.032	 75.174       
 42.790	 80.557	 75.630       
 46.538	 81.176	 75.819       
 48.142	 84.418	 77.045       
 51.790	 85.585	 76.706       
 53.059	 88.036	 79.420       
 56.434	 89.862	 79.079       
 57.265	 91.435	 82.468       
 53.916	 91.270	 84.297       
 50.452	 92.122	 82.907       
 52.296	 93.633	 80.012       
 51.256	 90.659	 77.938       
 51.628	 90.604	 74.144       
 50.822	 89.881	 70.536       
 53.206	 88.762	 67.760       
 52.422	 85.276	 68.978       
 51.376	 82.314	 66.785       
 49.033	 79.510	 67.745       
 48.281	 76.130	 66.168       
 46.324	 73.093	 67.277       
 46.616	 69.427	 66.602       
 43.706	 67.186	 65.807       
 41.922	 64.906	 68.144       
 44.503	 62.232	 69.003       
 43.830	 58.844	 67.494       
 44.666	 57.154	 70.793       
 43.454	 59.274	 73.798       
 41.085	 61.630	 71.920       
 42.739	 64.776	 73.383       
 44.356	 67.872	 71.887       
 47.825	 69.490	 72.049       
 48.575	 73.127	 71.259       
 51.614	 75.309	 70.507       
 51.962	 78.985	 71.234       
 55.026	 80.792	 69.872       
 55.938	 84.369	 70.786       
 58.640	 85.646	 68.439       
 60.523	 88.583	 69.960       
 63.851	 89.496	 68.351       
 67.022	 89.224	 70.502       
 66.301	 92.946	 71.196       
 63.047	 92.888	 73.057       
 64.142	 89.430	 74.270       
 67.084	 90.894	 76.140       
 65.115	 94.025	 76.972       
 63.177	 91.842	 79.467       
 63.577	 88.867	 81.799       
 60.178	 87.337	 82.765       
 58.575	 85.174	 80.155       
 55.432	 83.121	 80.802       
 52.150	 81.868	 79.282       
 48.637	 81.778	 80.791       
 46.475	 78.732	 80.152       
 42.768	 79.334	 80.741       
 40.920	 76.037	 80.418       
 38.066	 75.012	 82.749       
 39.806	 71.827	 83.828       
 41.025	 74.188	 86.498       
 39.599	 77.414	 87.809       
 42.967	 79.137	 87.993       
 45.408	 79.999	 85.110       
 48.023	 77.440	 84.094       
 51.234	 79.459	 84.218       
 54.727	 78.290	 83.084       
 57.603	 80.734	 83.220       
 61.333	 81.271	 82.784       
 63.674	 84.273	 83.163       
 66.415	 85.149	 80.608       
 69.212	 85.127	 83.186       
 72.273	 84.241	 81.118       
 74.542	 85.421	 83.941       
BRIEF 1AHW E 214              
 54.799	 44.965	 46.788       
 52.282	 47.292	 45.112       
 52.952	 51.033	 45.280       
 52.461	 54.468	 43.740       
 55.223	 57.180	 43.858       
 54.684	 60.989	 43.999       
 56.735	 64.204	 43.691       
 55.830	 65.108	 47.258       
 56.634	 68.820	 46.757       
 56.104	 71.103	 43.820       
 56.582	 74.886	 43.867       
 55.471	 76.465	 40.548       
 55.023	 79.942	 39.138       
 51.515	 81.144	 38.183       
 50.559	 80.918	 34.541       
 53.023	 78.086	 34.059       
 52.032	 74.469	 33.418       
 53.163	 71.350	 35.227       
 53.133	 67.609	 34.897       
 53.159	 65.667	 38.112       
 53.980	 61.927	 38.025       
 52.707	 58.713	 39.686       
 55.117	 55.825	 39.411       
 53.518	 52.387	 39.593       
 55.404	 49.534	 41.253       
 54.111	 45.994	 41.740       
 51.431	 45.817	 39.106       
 51.074	 46.961	 35.519       
 49.083	 50.119	 34.978       
 47.595	 48.867	 31.719       
 45.584	 46.284	 33.693       
 44.036	 49.045	 35.761       
 42.379	 52.446	 35.442       
 44.585	 55.226	 36.770       
 42.840	 58.072	 38.648       
 43.917	 61.562	 39.796       
 42.155	 63.272	 42.677       
 42.628	 66.885	 43.843       
 42.193	 68.115	 47.460       
 42.403	 71.881	 48.441       
 43.268	 72.826	 52.084       
 40.018	 73.568	 53.919       
 38.096	 71.243	 51.580       
 37.392	 67.649	 50.759       
 38.373	 65.478	 47.786       
 37.558	 66.347	 44.136       
 37.972	 63.883	 41.293       
 39.992	 65.282	 38.352       
 39.752	 62.360	 35.945       
 40.867	 58.921	 34.872       
 42.815	 57.075	 32.167       
 42.598	 53.496	 30.981       
 46.313	 53.013	 30.169       
 45.176	 49.874	 28.230       
 43.445	 51.399	 25.206       
 44.723	 54.944	 25.885       
 41.290	 56.320	 26.832       
 40.587	 59.093	 29.431       
 37.488	 60.624	 31.142       
 37.416	 63.944	 33.012       
 35.113	 65.781	 35.396       
 33.735	 68.704	 33.262       
 35.131	 71.137	 35.858       
 38.626	 70.087	 34.778       
 38.362	 69.816	 30.998       
 40.949	 72.024	 29.307       
 42.672	 72.700	 32.640       
 44.019	 69.188	 32.853       
 45.249	 66.261	 30.748       
 46.031	 62.805	 32.071       
 48.618	 60.791	 30.205       
 50.421	 57.481	 30.748       
 53.686	 55.914	 29.550       
 53.017	 52.259	 29.795       
 56.755	 51.458	 29.622       
 57.787	 53.142	 32.880       
 54.354	 52.294	 34.311       
 53.752	 55.951	 35.041       
 50.570	 57.977	 34.852       
 50.719	 61.804	 34.508       
 48.494	 64.797	 35.091       
 49.472	 68.070	 33.626       
 47.662	 71.204	 34.794       
 47.955	 74.594	 33.023       
 47.052	 78.274	 33.259       
 47.895	 77.869	 36.938       
 46.069	 79.963	 39.505       
 46.525	 80.074	 43.224       
 43.271	 78.073	 43.134       
 45.395	 75.155	 42.104       
 47.669	 74.936	 45.115       
 46.420	 71.585	 46.346       
 47.584	 68.074	 47.045       
 47.274	 65.536	 44.256       
 46.727	 61.835	 44.755       
 46.695	 59.174	 42.105       
 44.742	 56.050	 42.856       
 44.155	 52.619	 41.433       
 40.730	 51.652	 40.340       
 40.260	 47.902	 40.367       
 36.681	 48.398	 39.157       
 35.009	 47.956	 42.535       
 37.279	 50.557	 44.231       
 40.349	 52.787	 44.469       
 42.406	 50.089	 46.228       
 45.681	 52.134	 46.270       
 46.801	 55.685	 46.731       
 49.969	 57.553	 45.999       
 50.855	 59.650	 49.053       
 50.056	 63.192	 48.133       
 51.998	 65.711	 46.024       
 51.581	 69.158	 47.613       
 51.374	 71.413	 44.526       
 52.070	 75.071	 45.378       
 51.547	 77.887	 42.832       
 53.584	 80.886	 43.894       
 56.287	 83.381	 42.980       
 57.905	 83.587	 46.355       
 61.068	 81.585	 46.430       
 61.929	 78.237	 47.952       
 63.634	 78.708	 51.291       
 64.958	 75.673	 53.245       
 64.011	 75.338	 56.966       
 65.869	 76.538	 60.050       
 65.585	 73.736	 62.636       
 66.261	 74.551	 66.323       
 66.231	 72.160	 69.317       
 63.994	 72.760	 72.281       
 65.549	 71.158	 75.319       
 64.287	 72.261	 78.764       
 66.092	 75.083	 80.538       
 65.510	 72.689	 83.495       
 63.591	 69.376	 84.068       
 60.084	 70.273	 83.047       
 57.555	 70.161	 85.883       
 54.554	 68.751	 84.148       
 54.991	 64.962	 83.710       
 57.264	 62.381	 85.446       
 58.670	 62.068	 81.947       
 60.067	 65.012	 79.934       
 59.093	 67.074	 76.791       
 61.516	 67.848	 73.941       
 60.646	 70.108	 70.982       
 61.899	 71.108	 67.484       
 61.155	 74.518	 65.975       
 61.205	 74.274	 62.115       
 61.215	 77.892	 61.012       
 61.219	 80.102	 58.006       
 60.707	 77.361	 55.401       
 58.545	 77.614	 52.251       
 56.728	 76.008	 50.427       
 55.048	 73.155	 52.304       
 55.564	 70.511	 53.476       
 58.194	 69.514	 56.118       
 57.848	 65.940	 57.425       
 59.123	 65.874	 60.999       
 60.138	 62.687	 62.667       
 61.970	 61.663	 65.901       
 64.902	 59.240	 66.015       
 64.226	 58.673	 62.325       
 60.737	 57.558	 63.285       
 61.703	 55.142	 66.040       
 60.580	 57.134	 69.077       
 56.963	 57.412	 67.912       
 54.548	 57.383	 70.856       
 54.442	 60.802	 72.507       
 54.751	 62.797	 69.314       
 52.898	 66.040	 68.475       
 53.526	 67.791	 65.184       
 51.575	 71.052	 64.978       
 50.463	 72.341	 61.529       
 52.376	 74.890	 59.535       
 51.645	 78.558	 60.131       
 52.306	 81.333	 57.623       
 53.980	 84.520	 58.833       
 55.035	 86.607	 55.828       
 55.447	 83.948	 53.093       
 57.219	 81.485	 55.429       
 55.730	 78.869	 57.715       
 56.726	 77.629	 61.121       
 55.855	 74.155	 62.220       
 57.004	 72.554	 65.447       
 57.123	 69.104	 66.990       
 57.453	 67.968	 70.618       
 58.178	 64.413	 71.781       
 57.829	 63.396	 75.397       
 60.194	 60.793	 76.701       
 60.838	 59.581	 80.224       
 63.239	 61.615	 82.318       
 65.093	 58.285	 82.761       
 65.885	 58.164	 79.007       
 67.355	 61.634	 78.333       
 70.013	 62.854	 78.118       
 70.650	 59.273	 79.136       
 69.835	 58.174	 75.614       
 69.707	 60.079	 72.323       
 66.746	 62.045	 71.005       
 67.076	 63.537	 67.556       
 64.365	 65.363	 65.703       
 64.804	 64.844	 61.906       
 63.118	 67.413	 59.612       
 62.637	 66.819	 55.821       
 61.742	 69.685	 53.442       
 61.156	 67.856	 50.099       
 60.692	 71.060	 48.074       
 64.363	 71.870	 48.537       
 65.809	 68.352	 48.944       
 66.938	 69.145	 52.429       
 66.925	 66.856	 55.455       
 68.123	 68.297	 58.768       
 68.916	 66.348	 61.895       
 68.975	 68.097	 65.209       
 70.070	 66.098	 68.204       
 68.740	 68.078	 71.153       
BRIEF 1AHW F 200              
 70.308	  7.780	 21.453       
 69.241	 11.418	 21.175       
 65.734	 12.809	 21.342       
 65.857	 16.310	 22.754       
 63.512	 17.355	 25.571       
 61.049	 20.247	 25.188       
 61.360	 24.011	 25.654       
 58.781	 26.827	 25.301       
 55.788	 25.154	 26.898       
 53.180	 27.823	 26.444       
 49.683	 27.754	 27.723       
 47.354	 29.450	 25.290       
 43.708	 30.112	 26.266       
 40.741	 32.373	 25.628       
 37.334	 31.656	 27.143       
 38.751	 28.580	 28.966       
 39.566	 26.852	 25.701       
 43.113	 25.875	 26.601       
 45.872	 24.434	 24.398       
 49.476	 23.691	 25.471       
 52.012	 24.511	 22.723       
 55.747	 23.623	 22.940       
 59.162	 23.477	 21.234       
 60.764	 22.243	 19.175       
 58.941	 20.698	 16.250       
 59.502	 16.927	 16.561       
 62.716	 15.809	 14.831       
 62.349	 12.009	 14.314       
 60.352	 11.969	 17.548       
 56.937	 11.970	 19.185       
 55.785	 13.622	 22.448       
 53.288	 12.571	 25.060       
 51.704	 15.089	 27.417       
 50.945	 14.496	 31.125       
 48.860	 17.079	 33.018       
 47.614	 16.848	 36.609       
 46.119	 19.457	 38.905       
 48.516	 21.010	 41.369       
 51.154	 18.402	 42.295       
 49.561	 15.052	 41.406       
 48.215	 12.034	 39.558       
 49.665	 13.049	 36.208       
 47.223	 12.347	 33.413       
 48.675	 11.430	 30.070       
 46.530	 13.221	 27.445       
 47.880	 13.688	 23.952       
 49.643	 10.363	 23.300       
 52.778	 10.041	 21.083       
 51.808	 12.843	 18.678       
 54.070	 14.800	 16.508       
 52.123	 18.041	 16.816       
 53.596	 20.714	 19.072       
 50.113	 21.404	 20.547       
 47.873	 19.483	 22.998       
 44.246	 20.590	 23.576       
 43.858	 20.216	 27.327       
 40.448	 21.937	 27.644       
 38.303	 19.023	 29.033       
 40.812	 18.725	 31.826       
 41.138	 22.408	 32.831       
 37.424	 22.903	 32.441       
 36.696	 20.352	 35.158       
 37.625	 23.117	 37.595       
 38.709	 26.526	 36.351       
 39.870	 27.595	 39.812       
 42.454	 24.822	 39.988       
 46.131	 25.290	 39.241       
 47.207	 22.781	 36.633       
 50.667	 21.379	 35.961       
 51.626	 19.574	 32.780       
 54.758	 18.042	 31.189       
 55.758	 16.765	 27.793       
 57.739	 13.535	 27.370       
 60.052	 13.594	 24.332       
 59.888	 10.251	 22.547       
 62.128	  8.993	 19.719       
 60.133	  8.432	 16.499       
 60.696	  5.414	 14.254       
 62.846	  2.301	 14.315       
 63.432	  7.022	 31.160       
 62.387	  9.423	 28.403       
 63.190	 13.032	 29.107       
 60.415	 15.505	 29.655       
 59.879	 19.170	 30.323       
 57.455	 20.659	 32.763       
 54.928	 23.299	 31.877       
 54.569	 26.402	 34.042       
 51.478	 26.367	 36.326       
 48.104	 27.573	 35.091       
 45.094	 28.907	 36.963       
 42.443	 29.106	 34.283       
 40.209	 31.511	 36.285       
 43.011	 34.043	 36.587       
 44.747	 33.678	 33.249       
 42.540	 32.738	 30.279       
 42.408	 35.905	 28.283       
 39.046	 37.480	 27.705       
 37.551	 37.369	 24.216       
 36.660	 40.741	 22.731       
 33.152	 41.720	 23.848       
 30.069	 42.323	 21.695       
 27.215	 44.803	 22.136       
 24.297	 42.437	 21.660       
 21.676	 45.097	 21.170       
 20.377	 48.484	 22.299       
 16.912	 50.058	 22.424       
 15.648	 53.255	 24.117       
 13.470	 52.716	 27.166       
 12.246	 56.299	 27.251       
 14.593	 59.043	 28.409       
 17.353	 56.378	 28.389       
 19.143	 53.941	 26.046       
 19.170	 50.293	 27.203       
 22.520	 48.952	 25.963       
 23.092	 45.204	 26.281       
 26.212	 43.048	 26.197       
 26.085	 39.495	 24.760       
 26.653	 36.869	 27.434       
 29.318	 34.660	 25.795       
 29.065	 30.901	 26.324       
 32.104	 29.044	 27.537       
 33.191	 25.396	 27.229       
 33.040	 25.247	 31.038       
 30.180	 22.951	 31.885       
 28.298	 22.539	 35.205       
 25.964	 19.504	 35.113       
 25.048	 18.675	 31.502       
 25.318	 22.329	 30.573       
 27.560	 25.080	 29.200       
 27.974	 27.947	 31.662       
 28.175	 31.404	 30.199       
 31.089	 33.706	 30.897       
 28.818	 35.389	 33.382       
 28.229	 31.929	 34.918       
 31.850	 31.266	 35.694       
 32.743	 34.659	 37.089       
 29.551	 35.981	 38.616       
 29.699	 39.426	 40.258       
 33.418	 39.202	 39.706       
 33.002	 40.526	 36.076       
 32.398	 44.212	 35.572       
 31.634	 45.424	 32.045       
 33.060	 48.899	 31.353       
 31.226	 51.078	 28.850       
 32.794	 53.950	 26.939       
 30.202	 55.983	 25.080       
 30.240	 59.490	 23.748       
 28.534	 61.493	 21.059       
 29.832	 62.160	 17.566       
 29.892	 65.897	 18.396       
 33.228	 65.716	 20.247       
 36.283	 63.754	 21.389       
 35.664	 63.841	 25.202       
 33.855	 60.649	 26.504       
 31.810	 59.195	 29.410       
 31.983	 55.858	 31.330       
 29.554	 53.439	 33.007       
 30.368	 50.294	 35.043       
 28.064	 47.276	 35.299       
 28.236	 43.711	 36.668       
 25.198	 42.438	 34.833       
 24.583	 42.759	 31.144       
 22.580	 45.869	 30.415       
 23.180	 49.557	 30.946       
 20.575	 52.270	 31.404       
 22.259	 55.523	 30.354       
 20.423	 58.834	 29.742       
 21.363	 60.565	 26.444       
 21.040	 64.009	 24.878       
 17.870	 64.250	 22.774       
 18.605	 63.964	 19.023       
 22.314	 63.083	 19.188       
 24.716	 60.522	 17.639       
 26.375	 58.353	 20.312       
 29.032	 55.696	 19.752       
 29.807	 52.767	 22.037       
 32.666	 50.503	 23.103       
 32.387	 47.832	 25.847       
 35.376	 46.240	 27.720       
 35.306	 43.369	 30.197       
 37.144	 43.361	 33.497       
 37.839	 40.665	 36.071       
 38.298	 42.622	 39.297       
 39.622	 39.704	 41.297       
 42.577	 39.222	 38.945       
 45.965	 40.799	 39.548       
 46.957	 40.417	 35.857       
 45.005	 39.385	 32.781       
 42.352	 41.854	 33.891       
 40.844	 43.257	 30.721       
 39.327	 42.266	 27.419       
 39.851	 43.855	 23.997       
 37.578	 46.856	 23.567       
 34.493	 45.815	 21.589       
 33.851	 47.122	 18.053       
 32.627	 50.682	 18.306       
 28.913	 51.172	 17.425       
 26.992	 54.465	 16.922       
 23.347	 55.491	 16.846       
 22.120	 58.392	 14.690       
