BRIEF 1AR1 B 252              
  0.740	 52.371	 18.162  0.732
  0.966	 54.441	 14.979  0.222
  3.513	 52.501	 12.912  0.707
  2.760	 49.238	 14.763  0.528
 -0.725	 49.374	 13.379 -1.205
 -3.290	 46.639	 13.003 -0.157
 -0.877	 43.891	 13.924 -0.538
 -2.627	 40.572	 14.395  0.145
 -2.783	 38.921	 17.851  0.145
 -0.977	 35.558	 17.681  0.145
  0.714	 34.474	 20.927  0.145
 -2.417	 34.539	 22.983  0.145
 -4.128	 31.688	 24.770  0.145
 -7.552	 30.634	 23.566  0.145
-10.483	 29.711	 25.761  0.145
-10.840	 25.976	 26.263  0.145
 -7.583	 25.370	 24.421  0.145
 -5.704	 22.104	 25.036  0.145
 -2.668	 22.594	 22.864 -1.214
  0.176	 25.044	 22.489 -0.223
  0.021	 28.598	 21.249  0.558
  0.772	 29.188	 17.522  0.109
  4.424	 28.247	 16.993  0.424
  5.989	 31.558	 16.064  0.071
  9.703	 30.976	 16.211  0.741
 11.985	 28.262	 14.873  0.758
 12.375	 27.037	 18.483  0.183
  8.612	 26.907	 18.995  0.700
  8.454	 24.709	 15.924  0.677
 11.116	 22.288	 17.137  0.694
  9.626	 22.325	 20.619  0.495
  6.050	 21.718	 19.510 -0.605
  7.220	 18.941	 17.225  0.341
  9.325	 17.198	 19.804  0.702
  6.477	 17.583	 22.194  0.667
  4.100	 15.997	 19.773  0.658
  6.591	 13.232	 19.112  0.629
  7.021	 12.387	 22.781 -1.094
  3.301	 12.732	 23.268 -0.548
  2.610	  9.784	 20.988 -0.241
  5.250	  7.670	 22.659  0.679
  3.852	  8.253	 26.160  0.351
  0.266	  7.917	 24.985 -1.211
  1.169	  4.614	 23.367  0.365
  2.812	  3.486	 26.557  0.367
 -0.171	  4.648	 28.552  0.649
 -2.551	  2.822	 26.253 -3.495
 -0.387	 -0.283	 26.485 -1.208
 -0.567	 -0.623	 30.281  0.649
 -4.163	  0.438	 30.062 -1.336
 -4.778	 -2.635	 27.883  0.499
 -2.860	 -5.059	 30.075 -0.434
 -4.934	 -3.817	 32.998  0.484
 -8.122	 -4.210	 31.050 -3.495
 -7.086	 -7.761	 30.248 -0.977
 -6.390	 -8.563	 33.910  0.083
 -9.815	 -7.195	 34.688 -1.225
-11.671	 -9.325	 32.154  0.145
 -9.633	-12.522	 31.893  0.145
 -8.192	-12.626	 35.431 -1.218
-10.984	-11.888	 37.896  0.681
-11.666	-14.628	 40.476 -3.495
-14.927	-15.402	 38.657 -3.495
-13.198	-15.857	 35.277 -1.136
 -9.931	-17.406	 36.486  0.598
-10.702	-19.399	 39.717  0.690
 -7.256	-20.892	 40.005 -1.212
 -4.368	-18.423	 40.105  0.145
 -1.234	-19.569	 38.368  0.145
  1.976	-19.607	 40.389  0.145
  4.750	-18.115	 38.214  0.393
  7.086	-15.695	 40.033  0.641
  9.531	-14.626	 37.305  0.481
 10.297	-15.006	 33.609  0.655
 13.661	-13.250	 33.164  0.586
 13.744	-13.188	 29.332 -0.502
 10.667	-10.924	 29.779  0.681
 12.523	 -9.067	 32.538  0.687
 15.072	 -8.330	 29.852 -1.215
 12.466	 -7.610	 27.192  0.302
 10.551	 -5.191	 29.344  0.526
 13.900	 -3.561	 30.238  0.764
 15.484	 -3.105	 26.815  0.145
 12.342	 -1.595	 25.314 -0.392
 12.166	  1.390	 27.689  0.758
 15.902	  1.960	 27.226  0.535
 15.415	  2.090	 23.499 -0.132
 12.429	  4.392	 23.730 -0.319
 14.298	  6.785	 26.004  0.705
 17.261	  6.502	 23.720 -0.214
 14.953	  7.298	 20.813  0.083
 13.555	 10.344	 22.553  0.653
 16.962	 11.477	 23.761  0.706
 18.174	 11.216	 20.161 -1.267
 15.801	 14.000	 19.034  0.653
 15.411	 16.185	 22.105  0.741
 19.169	 16.539	 22.392  0.705
 19.935	 18.381	 19.146  0.442
 16.828	 20.560	 19.714  0.252
 18.112	 21.562	 23.170  0.653
 21.457	 22.715	 21.739  0.641
 19.831	 24.574	 18.888  0.271
 17.687	 26.512	 21.391 -0.201
 20.184	 27.039	 24.187  0.689
 23.133	 28.016	 21.957  0.761
 23.087	 31.812	 21.577  0.049
 23.968	 33.349	 18.199  0.145
 27.288	 35.158	 17.790  0.126
 25.746	 37.854	 15.596 -0.994
 22.262	 38.879	 16.843  0.758
 20.427	 41.363	 14.643 -1.215
 18.970	 43.025	 17.741 -1.215
 20.129	 42.828	 21.347  0.709
 17.731	 43.931	 24.035 -0.121
 17.825	 43.752	 27.769  0.761
 14.873	 42.772	 29.916 -0.532
 14.898	 43.772	 33.579  0.481
 12.487	 42.218	 36.041  0.756
 11.246	 44.515	 38.752  0.732
  9.029	 43.990	 41.703  0.762
  5.875	 44.034	 39.599  0.741
  6.845	 45.457	 36.165  0.641
  9.368	 45.042	 33.349  0.741
 12.023	 47.415	 32.164  0.666
 13.734	 47.088	 28.792  0.755
 16.777	 48.635	 27.214  0.761
 18.005	 48.606	 23.641  0.582
 21.756	 48.867	 24.510  0.690
 23.084	 49.620	 21.051  0.594
 20.156	 51.930	 20.261 -3.495
 19.955	 54.326	 23.226 -0.526
 16.360	 53.340	 24.107 -1.215
 14.818	 52.385	 27.469  0.454
 11.319	 52.170	 28.879  0.702
  9.101	 50.543	 31.411  0.695
  6.200	 48.200	 30.727  0.691
  3.420	 48.056	 33.303  0.629
  0.244	 46.097	 33.154  0.734
 -2.669	 48.160	 31.822 -0.474
 -5.801	 48.474	 33.924  0.399
 -9.190	 47.352	 32.634 -0.492
-10.122	 50.914	 31.543  0.043
 -6.815	 51.839	 29.885 -0.117
 -7.083	 48.832	 27.497 -0.767
 -9.257	 49.917	 24.558 -3.495
 -7.409	 53.199	 24.054 -3.495
 -4.097	 51.289	 23.962 -3.494
 -5.476	 49.096	 21.183 -3.495
 -6.171	 45.899	 23.157  0.482
 -9.338	 43.833	 23.423  0.692
-10.945	 43.208	 26.788  0.145
 -9.865	 39.542	 26.923  0.145
 -6.213	 40.631	 26.617  0.145
 -6.502	 42.043	 30.119  0.145
 -3.878	 40.381	 32.329  0.653
 -1.552	 40.163	 29.321  0.705
 -1.328	 43.715	 27.929  0.376
  1.313	 46.205	 29.102  0.496
  1.303	 49.949	 28.422  0.695
  4.433	 49.752	 26.271  0.625
  5.272	 46.899	 23.936  0.549
  8.748	 45.581	 23.329 -1.200
  9.092	 45.768	 19.582 -1.273
 11.259	 43.701	 17.304  0.189
 11.635	 43.225	 13.519  0.758
 10.209	 39.968	 12.048 -0.506
 12.598	 37.345	 10.702  0.457
 15.600	 38.635	 12.698 -0.328
 17.680	 37.030	 15.479  0.461
 16.826	 38.825	 18.738  0.187
 18.990	 38.166	 21.761  0.691
 17.361	 38.990	 25.072 -0.303
 19.500	 39.564	 28.135  0.478
 17.338	 38.921	 31.160  0.311
 18.034	 39.877	 34.765  0.185
 16.249	 41.538	 37.711  0.622
 16.961	 44.209	 40.332 -0.021
 15.112	 42.929	 43.368  0.729
 13.750	 39.388	 43.380  0.735
 13.693	 36.455	 40.926  0.121
 11.183	 36.855	 38.060  0.763
 10.966	 34.905	 34.799  0.740
 10.672	 36.216	 31.252  0.633
  8.778	 34.158	 28.727  0.494
  6.822	 34.178	 25.494 -1.215
  5.113	 30.800	 25.053  0.711
  4.665	 31.283	 21.310 -1.030
  8.439	 31.584	 20.929  0.176
  9.162	 28.685	 23.279  0.596
 11.505	 30.919	 25.294  0.136
 11.817	 31.196	 29.038  0.761
 14.602	 32.283	 31.284  0.016
 14.652	 33.208	 34.962  0.762
 15.512	 36.858	 35.782  0.393
 18.008	 36.576	 38.678  0.407
 19.594	 39.583	 40.458  0.758
 23.340	 39.810	 39.880  0.756
 23.166	 37.508	 36.825  0.728
 22.597	 38.240	 33.139  0.545
 21.029	 35.195	 31.481  0.704
 20.398	 34.921	 27.749  0.762
 17.774	 33.659	 25.409  0.008
 17.335	 34.218	 21.733  0.423
 14.648	 33.790	 19.120  0.538
 13.278	 35.030	 15.805 -2.926
  9.637	 35.803	 15.077 -0.982
  8.190	 34.131	 11.997  0.336
  5.607	 36.780	 11.199  0.623
  4.250	 40.208	 12.105 -0.020
  1.918	 40.074	 15.068  0.756
  1.302	 40.488	 18.797 -1.099
  2.568	 37.948	 21.369 -0.306
  1.955	 37.778	 25.132 -1.214
  3.857	 36.581	 28.180  0.703
  3.361	 36.546	 31.969  0.762
  5.913	 36.496	 34.858  0.754
  7.059	 32.911	 35.325  0.716
  8.607	 32.851	 38.800  0.724
  6.875	 33.735	 42.081  0.679
  7.989	 37.301	 42.777  0.694
  5.661	 38.777	 45.394  0.756
  2.055	 39.856	 45.971  0.340
  1.746	 40.891	 42.295  0.737
  3.603	 38.127	 40.482  0.701
  0.451	 37.643	 38.357  0.740
  0.236	 41.291	 37.422  0.592
  3.376	 42.126	 35.391  0.704
  2.854	 40.780	 31.846  0.710
  4.996	 41.036	 28.719  0.681
  3.971	 42.097	 25.209  0.496
  6.095	 41.882	 22.134  0.348
  5.151	 43.209	 18.754  0.686
  6.961	 41.934	 15.702  0.587
  6.992	 44.083	 12.582 -0.888
  8.594	 44.402	  9.157 -0.104
 12.041	 45.984	  9.161 -1.215
 10.554	 49.044	  7.510 -0.474
  7.999	 49.422	 10.297 -3.495
 10.729	 48.710	 12.865  0.534
 13.029	 51.490	 11.644  0.206
 10.197	 53.978	 11.938 -0.910
  9.064	 52.923	 15.415  0.626
 12.746	 52.812	 16.427  0.037
 13.303	 56.391	 15.314 -1.215
 10.414	 57.691	 17.445 -2.835
 11.616	 55.615	 20.395 -1.220
 15.153	 57.047	 20.336 -3.495
 13.433	 60.352	 21.281 -0.370
 10.291	 59.306	 23.210  0.098
 12.259	 56.756	 25.256 -1.002
 15.712	 58.284	 25.172 -0.794
 18.148	 56.232	 27.250 -0.248
BRIEF 1AR1 A 529              
 -7.563	 10.039	 74.052       
 -5.834	  9.187	 77.377       
 -2.606	 11.217	 77.068       
 -0.354	  8.520	 78.561       
 -2.196	  5.531	 77.031       
 -1.504	  7.085	 73.626       
  0.765	 10.118	 73.522       
  3.092	  8.510	 76.051       
  3.251	  4.990	 74.529       
  6.448	  3.698	 72.891       
  4.928	  0.606	 71.315       
  5.498	  0.981	 67.567       
  1.860	 -0.039	 67.090       
  0.510	  2.962	 69.020       
  3.014	  5.525	 67.653       
  2.067	  4.592	 64.097       
 -1.614	  5.167	 64.930       
 -0.734	  8.570	 66.284       
  1.045	  9.465	 63.079       
 -1.896	  8.230	 61.029       
 -4.469	 10.308	 62.846       
 -2.292	 13.383	 63.077       
 -1.492	 13.264	 59.353       
 -5.171	 12.713	 58.747       
 -6.028	 15.922	 60.603       
 -3.249	 18.026	 59.084       
 -4.200	 16.561	 55.756       
 -7.796	 17.705	 56.159       
 -6.397	 21.155	 56.852       
 -4.061	 21.432	 53.837       
 -6.997	 20.094	 51.800       
 -9.331	 22.785	 53.077       
 -6.789	 25.380	 51.806       
 -6.936	 23.600	 48.487       
-10.716	 23.900	 48.327       
-10.498	 27.648	 48.923       
 -7.777	 28.007	 46.262       
-10.036	 26.237	 43.798       
-12.946	 28.542	 44.583       
-10.827	 31.489	 43.539       
 -9.342	 29.874	 40.407       
-12.706	 28.477	 39.368       
-13.585	 31.843	 37.773       
-11.195	 34.631	 36.585       
-11.048	 37.803	 38.623       
-10.267	 37.890	 42.328       
-13.627	 37.318	 44.031       
-12.630	 35.708	 47.379       
 -9.149	 36.752	 48.407       
-10.065	 40.428	 48.602       
 -7.700	 42.929	 50.103       
-10.632	 44.546	 51.913       
-11.157	 41.253	 53.729       
-11.236	 37.584	 52.722       
-14.725	 36.243	 51.930       
-16.299	 32.795	 51.872       
-19.169	 34.149	 49.882       
-18.403	 36.234	 46.809       
-20.005	 39.652	 46.450       
-20.454	 41.498	 43.146       
-21.792	 44.668	 44.763       
-18.760	 44.634	 47.053       
-15.499	 45.872	 45.572       
-12.872	 43.119	 45.751       
 -9.230	 44.117	 45.422       
 -6.895	 41.202	 44.606       
 -4.909	 40.044	 47.662       
 -1.911	 38.322	 46.109       
 -0.399	 37.662	 49.535       
 -3.296	 35.499	 50.748       
 -2.987	 33.377	 47.641       
  0.761	 32.928	 47.992       
  0.179	 31.963	 51.604       
 -2.451	 29.358	 50.794       
 -0.290	 27.596	 48.233       
  2.849	 27.835	 50.363       
  1.198	 26.350	 53.403       
 -0.715	 23.865	 51.373       
  2.533	 22.657	 49.887       
  4.385	 22.835	 53.183       
  1.748	 20.872	 55.107       
  1.506	 18.323	 52.305       
  5.206	 17.897	 51.683       
  6.245	 17.779	 55.342       
  3.426	 17.190	 57.746       
  1.105	 14.842	 55.897       
  2.263	 12.361	 53.249       
  5.580	 11.099	 54.629       
  4.279	 10.964	 58.224       
  1.366	  8.726	 57.099       
  3.475	  6.346	 54.974       
  6.743	  6.247	 56.912       
  5.634	  7.216	 60.413       
  2.233	  5.582	 60.101       
  2.215	  2.298	 58.211       
  5.985	  2.230	 58.503       
  6.033	  2.276	 62.311       
  3.131	 -0.061	 62.732       
  3.876	 -2.686	 60.104       
  7.570	 -2.710	 59.430       
  8.121	 -4.428	 62.818       
  5.328	 -6.955	 62.296       
  6.696	 -7.827	 58.876       
 10.170	 -8.668	 60.209       
  9.486	-10.552	 63.470       
 10.508	 -7.728	 65.817       
  8.517	 -6.968	 69.032       
  8.996	 -3.181	 68.742       
 11.388	 -0.583	 67.337       
 15.040	 -0.566	 68.421       
 14.511	  2.507	 70.613       
 10.832	  2.909	 71.547       
 11.783	  6.117	 73.381       
 13.038	  7.885	 70.230       
 10.119	  6.405	 68.363       
  7.780	  8.159	 70.777       
  9.956	 11.259	 70.784       
  9.837	 11.633	 67.014       
  6.030	 11.719	 67.215       
  6.285	 14.686	 69.569       
  8.821	 16.427	 67.387       
  6.372	 15.939	 64.526       
  3.485	 17.581	 66.419       
  5.883	 20.472	 67.213       
  6.736	 21.066	 63.584       
  2.996	 21.215	 62.896       
  2.415	 23.768	 65.633       
  5.453	 25.751	 64.488       
  4.084	 25.588	 60.957       
  0.651	 26.768	 62.035       
  2.430	 29.394	 64.075       
  4.417	 30.388	 60.989       
  1.184	 30.665	 59.033       
 -0.290	 32.856	 61.805       
  2.749	 35.058	 62.497       
  3.135	 38.311	 60.544       
  5.049	 38.648	 57.276       
  5.126	 39.607	 53.629       
  3.091	 42.769	 53.255       
  1.775	 43.608	 56.711       
 -0.292	 40.427	 56.613       
 -0.120	 36.912	 58.011       
  2.228	 34.137	 56.984       
  4.614	 33.748	 54.095       
  4.012	 33.464	 50.390       
  7.398	 32.367	 49.135       
  6.463	 28.911	 47.810       
  6.682	 25.577	 49.654       
 10.366	 25.472	 48.629       
 11.187	 28.958	 50.062       
 13.022	 30.590	 47.186       
 15.464	 33.439	 47.933       
 15.742	 36.439	 47.695       
 11.915	 36.417	 48.008       
 12.200	 34.281	 51.168       
 14.999	 36.311	 52.792       
 12.836	 39.461	 52.379       
  9.410	 38.710	 53.910       
  8.172	 41.298	 56.427       
  7.525	 39.489	 59.692       
  9.110	 36.410	 61.225       
  6.597	 33.947	 59.742       
  9.394	 32.703	 57.525       
 11.523	 32.148	 60.615       
  8.808	 30.105	 62.286       
  8.529	 28.099	 59.082       
 12.268	 27.429	 58.973       
 11.944	 26.075	 62.502       
  8.788	 24.102	 61.682       
 10.729	 22.392	 58.882       
 13.929	 21.999	 60.886       
 11.918	 20.214	 63.565       
 10.176	 18.020	 60.960       
 13.565	 17.057	 59.535       
 14.646	 15.842	 62.946       
 11.433	 13.877	 63.513       
 12.079	 12.017	 60.274       
 15.723	 11.332	 60.994       
 14.554	  9.799	 64.271       
 12.007	  7.503	 62.713       
 14.680	  6.733	 60.115       
 17.542	  5.986	 62.478       
 15.046	  3.770	 64.305       
 13.947	  2.041	 61.091       
 17.461	  1.267	 59.809       
 18.554	 -0.295	 63.115       
 15.438	 -2.436	 63.691       
 15.638	 -3.852	 60.155       
 19.361	 -4.608	 60.331       
 19.282	 -6.416	 63.717       
 15.960	 -7.193	 65.440       
 14.813	 -9.362	 62.490       
 13.266	-12.743	 63.378       
 15.581	-15.786	 63.631       
 14.220	-17.595	 60.561       
 13.844	-14.246	 58.782       
 16.536	-14.303	 56.119       
 17.273	-11.092	 54.241       
 15.728	-12.139	 50.933       
 12.688	-13.557	 52.707       
 11.736	-10.088	 54.031       
  8.466	 -8.572	 52.725       
  8.530	 -5.714	 50.226       
  6.802	 -3.119	 52.360       
  9.541	 -3.563	 54.948       
 12.052	 -3.164	 52.179       
 10.475	 -0.018	 50.732       
 10.302	  1.592	 54.155       
 13.868	  0.468	 54.904       
 15.389	  1.902	 51.734       
 13.379	  5.076	 52.209       
 14.986	  5.594	 55.626       
 18.356	  5.692	 53.911       
 17.281	  8.407	 51.479       
 16.067	 10.380	 54.487       
 19.453	 10.274	 56.200       
 21.248	 11.545	 53.115       
 18.753	 14.267	 52.214       
 17.442	 16.031	 55.338       
 20.895	 17.038	 56.613       
 21.454	 18.827	 53.330       
 18.015	 20.417	 53.560       
 18.717	 21.479	 57.139       
 21.875	 23.052	 55.758       
 20.008	 25.062	 53.110       
 17.174	 26.234	 55.345       
 19.645	 27.169	 58.046       
 21.472	 29.344	 55.527       
 18.126	 31.086	 55.067       
 17.491	 32.359	 58.618       
 21.183	 33.237	 58.557       
 20.773	 35.586	 55.577       
 17.699	 37.171	 57.067       
 18.651	 37.412	 60.770       
 22.405	 37.131	 61.311       
 23.334	 39.407	 58.383       
 24.982	 36.786	 56.123       
 24.746	 37.209	 52.349       
 24.748	 33.675	 50.903       
 21.801	 34.242	 48.582       
 22.062	 38.038	 48.328       
 23.546	 39.291	 45.015       
 23.972	 42.729	 46.619       
 26.590	 41.296	 48.950       
 27.981	 38.897	 46.345       
 25.595	 35.985	 46.838       
 23.865	 33.605	 44.418       
 20.163	 32.807	 44.968       
 20.553	 30.010	 42.407       
 23.036	 28.196	 44.640       
 20.213	 27.836	 47.104       
 18.183	 26.196	 44.360       
 20.951	 23.618	 43.922       
 21.217	 22.884	 47.643       
 17.443	 22.792	 47.934       
 16.754	 20.462	 45.049       
 19.609	 18.145	 46.011       
 17.101	 17.256	 48.707       
 13.963	 18.314	 46.820       
 14.151	 15.343	 44.482       
 14.959	 12.459	 46.880       
 11.987	 13.842	 48.862       
  9.586	 12.770	 46.123       
 11.006	  9.245	 46.116       
 10.755	  9.090	 49.885       
  7.090	  9.854	 49.338       
  6.529	  7.092	 46.840       
  8.737	  4.105	 47.851       
  6.595	  3.161	 50.873       
  3.594	  3.507	 48.614       
  5.166	  0.946	 46.338       
  5.567	 -1.426	 49.239       
  1.919	 -1.131	 50.270       
  0.913	 -1.591	 46.649       
  2.895	 -4.825	 46.192       
  1.318	 -6.387	 49.230       
 -2.144	 -5.247	 48.246       
 -1.679	 -6.625	 44.735       
 -0.335	-10.114	 45.485       
 -2.974	-10.512	 48.162       
 -5.862	 -9.683	 45.842       
 -4.363	-11.326	 42.760       
 -3.996	-14.500	 44.874       
 -0.533	-14.725	 43.402       
  2.946	-14.299	 44.781       
  4.827	-11.154	 43.921       
  6.345	-11.280	 40.463       
 10.119	-10.785	 40.259       
 10.835	-10.173	 43.950       
 14.597	 -9.626	 43.740       
 14.136	 -7.209	 40.775       
 11.543	 -5.212	 42.776       
 13.959	 -4.732	 45.662       
 16.868	 -3.845	 43.405       
 14.536	 -1.442	 41.606       
 13.757	  0.632	 44.680       
 17.469	  0.507	 45.446       
 18.322	  1.909	 42.023       
 15.529	  4.516	 42.112       
 16.807	  5.516	 45.513       
 20.452	  5.960	 44.534       
 19.501	  7.502	 41.179       
 17.037	  9.913	 42.765       
 20.095	 11.701	 44.199       
 21.885	 12.590	 40.950       
 19.167	 14.405	 38.961       
 17.996	 17.336	 41.107       
 18.726	 20.174	 38.635       
 15.816	 19.004	 36.473       
 13.940	 21.592	 38.571       
 16.176	 24.415	 37.402       
 16.229	 24.261	 33.572       
 15.225	 27.950	 33.395       
 17.526	 29.148	 36.224       
 20.577	 29.742	 34.053       
 22.475	 26.494	 33.773       
 25.071	 25.708	 31.139       
 23.892	 23.820	 28.100       
 26.071	 20.917	 29.299       
 24.545	 20.817	 32.791       
 21.085	 20.852	 31.210       
 21.925	 18.004	 28.815       
 23.402	 15.808	 31.513       
 20.524	 16.176	 33.978       
 18.053	 15.369	 31.202       
 19.872	 12.156	 30.286       
 20.306	 11.192	 33.930       
 16.693	 12.005	 34.782       
 15.448	  9.787	 31.968       
 17.223	  6.700	 33.412       
 15.045	  6.587	 36.552       
 12.158	  5.650	 34.229       
 13.747	  2.230	 33.607       
 13.677	  0.867	 37.214       
 10.239	  2.392	 37.605       
  9.238	  0.412	 34.518       
 10.163	 -2.924	 36.062       
  7.961	 -2.294	 39.093       
  4.927	 -1.329	 37.053       
  5.183	 -4.343	 34.806       
  5.993	 -6.738	 37.634       
  2.778	 -5.626	 39.278       
  0.966	 -6.352	 36.016       
  2.673	 -9.690	 35.707       
  1.678	-10.369	 39.291       
 -1.996	 -9.920	 38.630       
 -1.354	-11.824	 35.389       
 -1.727	-15.291	 36.848       
 -5.505	-14.905	 37.210       
 -7.861	-14.846	 40.192       
 -8.477	-11.269	 41.251       
-11.023	-10.048	 43.784       
-11.913	 -6.400	 43.274       
-12.278	 -5.383	 46.926       
-11.676	 -1.747	 47.869       
 -7.931	 -2.168	 48.537       
 -7.427	 -3.609	 45.052       
 -9.298	 -0.674	 43.518       
 -6.766	  1.704	 45.072       
 -3.816	 -0.379	 43.861       
 -5.301	 -0.545	 40.363       
 -5.969	  3.160	 40.255       
 -2.497	  3.822	 41.584       
 -1.045	  1.815	 38.708       
 -2.883	  3.839	 36.060       
 -2.738	  7.281	 37.645       
  0.866	  6.772	 38.600       
  1.779	  5.970	 35.038       
 -0.078	  8.984	 33.648       
  1.691	 11.163	 36.162       
  5.096	  9.518	 35.804       
  4.963	  9.495	 32.023       
  4.390	 13.251	 32.226       
  7.488	 13.474	 34.425       
  9.415	 12.069	 31.483       
  8.001	 14.840	 29.268       
  9.335	 17.371	 31.761       
 12.665	 15.574	 31.939       
 13.112	 16.915	 28.411       
 14.725	 20.359	 28.646       
 13.381	 21.639	 25.308       
  9.878	 20.774	 26.506       
 10.303	 21.973	 30.049       
 11.417	 25.284	 28.567       
  7.759	 25.872	 27.833       
  6.366	 23.818	 30.726       
  8.365	 25.160	 33.696       
  6.316	 27.179	 36.108       
  3.060	 26.385	 34.295       
  0.120	 24.286	 35.470       
  1.404	 21.339	 33.443       
  4.042	 20.480	 36.008       
  1.434	 21.171	 38.648       
 -0.680	 18.455	 36.993       
  2.313	 16.140	 36.861       
  3.160	 16.047	 40.544       
 -0.445	 15.773	 41.662       
 -0.864	 12.703	 39.525       
  2.163	 11.134	 41.186       
  1.246	 12.467	 44.655       
 -2.419	 13.269	 45.022       
 -3.301	 10.381	 42.716       
 -0.286	  8.201	 43.432       
  1.123	  8.200	 46.950       
 -2.270	  9.228	 48.352       
 -3.742	  6.207	 46.616       
 -1.073	  4.071	 48.236       
 -2.220	  5.443	 51.564       
 -5.873	  4.725	 50.955       
 -4.735	  1.281	 49.833       
 -2.860	  0.570	 53.034       
 -5.687	  2.049	 55.094       
 -8.447	 -0.097	 53.592       
 -6.181	 -3.130	 53.539       
 -4.964	 -2.936	 57.102       
 -7.842	 -1.175	 58.864       
 -9.543	 -4.313	 60.241       
 -6.128	 -5.634	 61.264       
 -5.292	 -2.488	 63.208       
 -8.744	 -1.906	 64.698       
-10.387	 -5.314	 64.745       
-13.339	 -3.800	 62.905       
-13.951	 -4.018	 59.190       
-14.920	 -1.158	 56.947       
-18.134	 -1.415	 54.946       
-17.303	 -2.646	 51.452       
-19.862	 -0.561	 49.547       
-18.775	  2.734	 51.121       
-15.162	  1.748	 50.592       
-15.848	  1.382	 46.892       
-17.964	  4.496	 46.463       
-15.166	  6.386	 48.169       
-12.853	  5.040	 45.495       
-14.964	  5.988	 42.485       
-15.763	  9.464	 43.818       
-12.067	 10.097	 44.430       
-11.044	  8.678	 41.048       
-13.508	 10.810	 39.086       
-12.903	 13.968	 41.165       
 -9.118	 13.692	 41.173       
 -8.893	 13.401	 37.399       
-11.374	 16.246	 36.848       
 -9.048	 18.372	 38.925       
 -5.629	 17.514	 37.573       
 -6.026	 16.231	 34.044       
 -7.295	 19.597	 32.665       
 -4.250	 21.308	 34.182       
 -2.189	 19.692	 31.426       
 -4.173	 21.844	 29.001       
 -3.724	 25.099	 30.954       
  0.025	 24.485	 31.042       
  0.223	 24.021	 27.265       
 -1.910	 27.129	 26.858       
  0.715	 28.903	 28.975       
 -1.156	 29.450	 32.261       
  1.684	 29.889	 34.816       
  1.548	 28.521	 38.352       
  1.239	 30.522	 41.584       
 -1.270	 32.965	 40.099       
 -4.283	 34.257	 42.009       
 -5.810	 35.323	 38.733       
 -5.557	 34.555	 35.050       
 -6.507	 35.865	 31.559       
-10.043	 34.799	 30.722       
 -8.663	 32.355	 28.103       
 -7.825	 29.970	 30.941       
-11.324	 30.240	 32.374       
-12.805	 27.035	 30.971       
-10.435	 24.446	 32.336       
 -9.993	 26.197	 35.697       
-13.749	 25.909	 36.245       
-13.924	 22.150	 35.522       
-10.785	 21.617	 37.598       
-12.380	 23.331	 40.578       
-15.626	 21.418	 40.320       
-13.452	 18.361	 40.373       
-12.068	 19.533	 43.706       
-15.541	 19.993	 45.189       
-16.345	 16.393	 44.323       
-12.998	 15.165	 45.703       
-13.440	 17.094	 48.978       
-16.842	 15.470	 49.596       
-15.143	 12.092	 49.103       
-12.578	 12.917	 51.778       
-15.329	 13.889	 54.197       
-17.164	 10.718	 53.202       
-13.946	  8.802	 53.780       
-13.468	 10.330	 57.210       
-17.011	  9.227	 58.048       
-16.216	  5.750	 56.770       
-13.211	  5.525	 59.139       
-15.247	  6.485	 62.183       
-18.206	  4.285	 61.378       
-15.736	  1.439	 61.001       
-14.002	  2.149	 64.313       
-17.317	  2.303	 66.184       
-19.730	 -0.040	 64.340       
-17.529	 -1.839	 61.835       
-17.901	 -5.608	 61.780       
-15.807	 -7.278	 64.495       
-12.954	 -9.376	 63.102       
-10.822	-10.891	 65.874       
 -9.437	-13.482	 63.434       
 -5.757	-13.180	 62.392       
 -6.658	-13.051	 58.669       
 -9.939	-11.794	 57.142       
 -8.657	-11.508	 53.556       
 -7.347	-14.751	 51.971       
 -4.463	-17.282	 52.044       
 -2.265	-14.893	 50.030       
 -2.217	-12.345	 52.797       
  0.938	-14.198	 53.819       
  2.835	-11.767	 56.044       
  3.268	-11.993	 59.801       
  0.425	 -9.575	 60.692       
 -1.913	-12.199	 59.257       
 -0.496	-14.609	 61.864       
 -1.273	-12.381	 64.873       
 -4.889	-11.721	 66.006       
 -6.967	 -8.593	 65.302       
 -5.881	 -6.313	 66.719       
 -2.400	 -7.567	 67.615       
 -1.644	 -8.146	 71.313       
  0.254	 -5.234	 72.919       
  3.378	 -7.388	 73.042       
  4.154	 -9.081	 69.780       
  6.748	-11.855	 69.212       
  7.906	-11.713	 72.874       
  7.607	-15.501	 73.519       
BRIEF 1AR1 C 118              
  8.502	 54.143	 -3.598       
 10.605	 51.001	 -3.393       
 12.244	 50.034	 -6.662       
 15.242	 47.981	 -7.769       
 16.793	 48.743	-11.164       
 19.112	 46.077	-12.469       
 21.333	 46.875	-15.453       
 24.322	 45.433	-17.300       
 22.506	 42.645	-19.153       
 24.067	 41.859	-22.505       
 24.919	 39.108	-24.945       
 28.274	 37.557	-24.034       
 30.400	 34.724	-25.341       
 31.388	 31.510	-23.491       
 34.109	 32.063	-20.884       
 33.448	 35.786	-20.890       
 32.863	 38.146	-17.970       
 30.064	 40.570	-17.206       
 28.934	 42.756	-14.314       
 25.293	 43.258	-13.490       
 24.093	 46.130	-11.294       
 21.037	 46.773	 -9.172       
 19.969	 50.241	 -7.998       
 17.819	 50.366	 -4.894       
 15.842	 53.339	 -3.655       
 12.883	 54.033	 -1.381       
 14.125	 52.103	  1.664       
 17.205	 51.811	  3.848       
 19.181	 49.640	  1.476       
 21.734	 49.301	  4.258       
 19.555	 47.182	  6.594       
 18.419	 44.528	  4.092       
 19.886	 41.251	  2.886       
 19.957	 41.218	 -0.918       
 20.018	 38.497	 -3.534       
 20.370	 37.745	 -7.172       
 17.927	 35.186	 -8.528       
 17.795	 34.050	-12.179       
 14.967	 32.710	-14.343       
 16.209	 30.320	-17.038       
 14.593	 30.298	-20.545       
 12.740	 27.191	-19.345       
 11.052	 29.486	-16.765       
 12.806	 27.842	-13.780       
 13.788	 30.159	-10.886       
 17.298	 29.550	 -9.503       
 18.988	 31.169	 -6.542       
 22.270	 32.736	 -7.668       
 23.773	 34.652	 -4.779       
 23.008	 36.172	 -1.394       
 24.702	 38.919	  0.544       
 23.928	 40.194	  4.039       
 23.636	 43.773	  5.326       
 27.345	 44.381	  5.936       
 28.486	 42.222	  3.014       
 30.688	 40.055	  5.202       
 28.788	 36.876	  4.358       
 28.009	 35.591	  0.883       
 26.137	 32.457	 -0.169       
 26.277	 30.731	 -3.577       
 24.945	 27.539	 -5.186       
 27.679	 25.209	 -6.459       
 26.312	 26.055	 -9.902       
 27.899	 29.510	 -9.786       
 30.407	 29.098	 -6.921       
 33.841	 30.525	 -7.738       
 32.512	 32.083	-10.960       
 30.100	 34.683	 -9.670       
 30.885	 37.266	 -7.012       
 28.187	 39.287	 -5.322       
 28.960	 42.600	 -3.638       
 27.232	 45.760	 -2.461       
 27.736	 49.461	 -1.814       
 25.484	 50.841	  0.926       
 26.735	 54.349	  0.202       
 25.633	 54.225	 -3.464       
 22.551	 52.108	 -2.691       
 23.541	 49.634	 -5.419       
 24.077	 45.825	 -5.587       
 26.504	 44.106	 -7.988       
 27.141	 40.666	 -9.543       
 30.518	 39.942	-11.174       
 30.051	 37.031	-13.543       
 33.049	 35.242	-15.021       
 33.706	 32.147	-17.136       
 30.092	 32.379	-18.285       
 28.451	 29.498	-20.124       
 25.250	 28.505	-21.916       
 23.752	 27.290	-18.624       
 24.088	 30.885	-17.368       
 21.904	 32.520	-19.984       
 18.773	 33.626	-18.177       
 16.880	 36.625	-16.886       
 18.630	 38.033	-13.817       
 16.652	 39.650	-10.999       
 17.889	 41.379	 -7.861       
 15.663	 40.885	 -4.871       
 15.201	 42.264	 -1.428       
 14.653	 39.929	  1.509       
 12.166	 40.225	  4.348       
 10.467	 37.618	  6.556       
 13.738	 35.696	  6.773       
 14.480	 34.935	  3.169       
 11.240	 35.661	  1.403       
 11.497	 38.193	 -1.454       
  8.961	 41.006	 -1.218       
 10.530	 43.144	 -3.935       
 11.849	 42.013	 -7.299       
 13.696	 44.096	 -9.864       
 12.548	 44.521	-13.479       
 15.162	 41.990	-14.465       
 18.038	 42.188	-16.931       
 18.718	 39.540	-19.566       
 22.049	 37.841	-19.974       
 22.524	 35.743	-23.091       
 25.529	 33.456	-23.632       
 25.974	 32.381	-27.296       
 28.771	 31.798	-29.822       
BRIEF 1AR1 D 108              
 18.672	 22.997	 -0.001       
 15.773	 20.551	  0.282       
 13.517	 19.826	 -2.692       
 10.191	 21.347	 -3.623       
  7.847	 19.501	 -5.919       
  5.175	 21.730	 -7.318       
  2.045	 20.084	 -8.736       
  0.457	 20.397	-11.299       
  3.191	 21.686	-13.700       
  0.429	 23.221	-15.794       
 -3.256	 23.831	-15.196       
 -6.093	 25.229	-17.262       
 -9.135	 26.995	-15.821       
-11.437	 29.930	-16.580       
-12.245	 33.195	-14.817       
-14.321	 32.402	-11.700       
-13.036	 28.913	-10.811       
-11.198	 27.908	 -7.650       
 -7.881	 26.210	 -8.197       
 -5.420	 24.661	 -5.811       
 -1.732	 24.530	 -6.606       
  0.327	 22.330	 -4.313       
  3.955	 22.334	 -3.281       
  5.660	 19.393	 -1.587       
  8.874	 19.345	  0.356       
 11.464	 16.610	  0.413       
 11.429	 17.045	  4.191       
  9.891	 19.013	  7.048       
 10.263	 22.773	  6.668       
  7.459	 23.574	  9.111       
  5.812	 26.719	  7.783       
  8.683	 28.382	  5.953       
  7.072	 28.501	  2.513       
  6.460	 31.588	  0.378       
  4.467	 31.941	 -2.820       
  4.994	 34.137	 -5.860       
  2.931	 35.029	 -8.868       
  4.424	 35.881	-12.226       
  2.173	 37.281	-14.909       
  3.581	 36.921	-18.433       
  6.750	 38.944	-19.062       
  6.781	 40.402	-15.568       
  8.853	 40.235	-12.414       
  7.572	 37.745	 -9.834       
  5.532	 39.331	 -7.057       
  5.525	 38.259	 -3.431       
  2.188	 36.702	 -2.432       
  2.513	 35.007	  0.943       
  5.157	 33.898	  3.390       
  5.247	 31.584	  6.344       
  2.881	 29.246	  4.491       
 -0.269	 31.324	  4.985       
  0.542	 34.926	  5.750       
 -0.464	 37.262	  2.950       
  1.991	 39.957	  1.977       
  1.113	 43.632	  2.097       
 -1.436	 44.528	 -0.582       
 -2.058	 40.946	 -1.748       
 -5.883	 40.338	 -2.258       
 -8.101	 37.968	 -0.193       
 -8.681	 35.523	 -3.113       
 -5.343	 33.903	 -2.292       
 -5.294	 31.430	  0.546       
 -1.977	 29.945	  1.536       
 -1.999	 26.680	  3.449       
 -0.042	 23.617	  4.489       
  2.564	 22.612	  7.006       
  5.747	 20.628	  7.429       
  5.824	 18.840	  4.087       
  2.608	 19.419	  2.191       
  1.662	 23.002	  1.261       
 -0.931	 24.512	 -1.053       
 -2.136	 27.812	 -2.480       
 -5.862	 28.075	 -3.132       
 -7.231	 30.802	 -5.394       
-10.877	 31.604	 -4.779       
-12.757	 32.747	 -7.923       
-10.006	 33.515	-10.421       
 -9.563	 36.852	-12.096       
 -8.169	 37.569	-15.586       
 -4.961	 38.896	-13.950       
 -4.346	 35.817	-11.750       
 -3.104	 33.852	-14.792       
  0.589	 33.161	-15.194       
  3.271	 31.162	-13.432       
  3.242	 30.498	 -9.673       
  6.178	 29.409	 -7.575       
  6.657	 28.238	 -4.038       
  9.868	 28.905	 -2.226       
 11.467	 27.711	  0.938       
 12.286	 30.963	  2.730       
 14.024	 29.937	  5.945       
 17.487	 28.595	  6.565       
 20.799	 29.423	  4.944       
 21.068	 30.328	  1.205       
 20.856	 29.136	 -1.459       
 17.266	 28.086	 -0.874       
 15.058	 26.004	 -3.157       
 12.254	 27.005	 -5.514       
  9.388	 24.884	 -6.815       
  9.306	 23.987	-10.523       
  6.470	 26.454	-10.853       
  3.055	 25.981	-12.342       
  1.516	 27.747	-15.282       
 -2.068	 28.867	-14.916       
 -3.789	 29.550	-18.253       
 -7.302	 30.326	-19.448       
 -9.417	 27.509	-20.961       
