BRIEF 1BGX T 828              
 16.840	 80.813	-30.898  0.399
 14.891	 82.529	-28.117 -1.693
 12.711	 85.593	-28.647 -2.325
  8.991	 86.401	-28.755 -0.344
  8.753	 90.196	-28.368 -0.808
 10.985	 93.004	-29.810 -2.321
 13.652	 94.929	-27.782 -0.626
 17.514	 95.437	-27.663 -0.903
 20.800	 96.946	-26.209 -1.770
 23.419	 95.177	-23.878 -1.349
 25.306	 96.345	-20.615 -1.028
 27.138	 94.253	-18.004 -0.492
 24.923	 91.903	-15.960  0.197
 21.994	 92.987	-18.130  0.186
 20.258	 91.769	-21.346  0.069
 22.252	 91.816	-24.650  0.761
 19.369	 92.139	-27.154  0.645
 19.274	 93.070	-30.903  1.100
 16.961	 95.467	-32.766  0.949
 17.278	 94.289	-36.390  0.877
 14.883	 91.381	-37.060  0.932
 12.608	 92.234	-34.100  0.586
 10.954	 95.080	-36.062  0.515
 10.289	 92.737	-39.017  0.389
  8.728	 90.163	-36.638  1.063
  5.928	 92.269	-35.089  0.962
  4.912	 93.645	-38.528  0.607
  4.059	 90.205	-39.935  0.378
  2.166	 89.371	-36.705  0.999
 -0.323	 91.094	-34.323  0.280
 -1.710	 93.019	-37.350  0.330
 -5.098	 93.601	-35.653 -0.317
 -3.803	 96.412	-33.440  0.775
 -4.798	 99.962	-34.548  0.377
 -5.995	103.233	-32.923  0.692
 -9.454	104.871	-32.982  0.158
 -8.233	107.508	-35.498 -0.792
 -6.411	105.428	-38.079  0.991
 -2.749	105.257	-36.989 -0.389
 -0.968	101.853	-37.016  0.352
  0.403	100.767	-33.635  1.034
  0.972	 96.972	-34.003  0.884
  4.781	 97.158	-33.616  1.037
  5.092	100.367	-31.539  0.427
  3.202	 98.551	-28.721  0.099
  6.060	 96.164	-27.830  0.900
  8.244	 98.738	-25.968  0.903
  6.519	 99.199	-22.569  0.025
  5.785	 95.455	-22.101  0.524
  9.002	 93.610	-23.033  0.811
 11.469	 95.949	-21.272  0.606
  9.117	 95.690	-18.243 -0.288
  9.203	 91.874	-18.154  0.406
 13.035	 91.983	-17.935  0.144
 13.122	 94.722	-15.264 -0.431
 11.826	 92.186	-12.674 -0.583
 15.193	 90.401	-12.893 -0.097
 16.992	 93.731	-13.476 -0.153
 20.576	 94.905	-13.838  0.702
 22.633	 98.067	-14.408 -0.109
 21.663	 99.838	-17.703 -0.112
 20.783	 99.486	-21.468 -0.420
 22.337	101.311	-24.504  0.408
 20.699	101.591	-28.060  0.773
 21.892	100.693	-31.664  0.730
 20.407	100.474	-35.191  0.918
 20.997	 98.452	-38.371  1.093
 23.417	 99.405	-41.171  0.299
 22.766	 96.677	-43.784  0.178
 21.953	 97.311	-47.467  0.394
 18.156	 96.826	-47.319  0.040
 17.142	 98.958	-44.294  0.934
 14.615	101.903	-44.247  0.802
 12.193	 99.819	-42.171  1.100
 14.824	 98.336	-39.818  0.495
 17.049	101.344	-38.959 -0.422
 14.102	103.783	-38.712 -0.465
 14.495	103.727	-34.898 -0.118
 17.097	106.465	-35.426 -0.879
 16.256	108.277	-38.635 -0.486
 16.701	111.745	-37.140  1.096
 20.043	110.579	-35.644  1.099
 22.033	108.688	-38.356  0.741
 21.720	105.863	-40.899  0.192
 19.714	105.211	-44.121  1.100
 19.247	102.589	-46.915  0.175
 16.373	101.576	-49.293 -0.347
 13.167	 99.437	-48.651  0.778
  9.282	 99.940	-48.744  0.961
  7.362	102.998	-47.449 -0.151
  4.607	101.318	-45.349  0.611
  6.709	100.800	-42.137  0.816
  9.150	103.773	-41.649 -0.248
  6.369	105.998	-40.226 -0.495
  5.735	103.849	-37.131  1.064
  9.285	103.761	-35.675  0.339
  9.338	107.592	-35.551 -0.240
  7.547	107.363	-32.191 -0.018
 10.034	105.161	-30.284  0.303
 13.210	107.222	-31.066  0.401
 12.197	109.911	-28.542 -0.483
 11.034	107.458	-25.829  0.065
 14.597	106.001	-25.911  0.576
 16.306	108.801	-23.960 -1.031
 13.272	109.314	-21.672  0.425
 13.637	106.007	-19.755 -0.115
 17.272	106.786	-18.970  0.154
 18.849	104.657	-21.702  0.501
 22.057	105.411	-23.639 -0.192
 22.819	105.423	-27.394 -0.408
 25.426	104.273	-29.964 -0.410
 25.642	104.063	-33.787  0.076
 28.311	102.656	-36.138 -0.973
 27.612	103.187	-39.854 -1.031
 28.904	100.747	-42.453  0.474
 29.067	 97.512	-40.418  0.212
 25.957	 95.294	-40.013  1.099
 23.925	 94.953	-36.769  1.070
 24.862	 91.259	-36.415  1.100
 28.575	 92.189	-36.321  1.100
 28.074	 94.663	-33.438  0.686
 26.653	 92.020	-31.043  0.812
 29.651	 89.705	-31.546  0.883
 32.088	 92.511	-30.708  0.981
 30.375	 93.656	-27.491 -0.011
 30.047	 90.050	-26.249  0.612
 33.731	 89.043	-26.351 -0.772
 34.980	 92.485	-25.198 -1.024
 33.057	 92.398	-21.907  0.370
 34.223	 88.789	-21.282 -0.697
 37.851	 89.949	-21.131 -2.480
 36.982	 92.893	-18.840 -2.614
 35.232	 90.749	-16.208 -0.075
 31.548	 91.487	-16.922 -2.603
 28.707	 88.938	-17.166 -1.154
 27.051	 88.847	-20.597  0.467
 24.302	 86.903	-22.420 -0.445
 24.300	 86.964	-26.288  0.508
 20.481	 87.203	-26.945  0.555
 18.799	 87.251	-30.411  0.891
 15.662	 86.227	-32.381  0.813
 17.190	 85.399	-35.771  1.100
 18.940	 82.028	-36.206  0.813
 22.483	 83.441	-36.554  1.100
 23.976	 83.854	-33.036  0.434
 24.280	 80.807	-30.686  0.485
 27.932	 79.812	-31.349  1.100
 29.158	 82.447	-28.880  0.965
 27.642	 80.541	-25.885  0.744
 30.497	 79.776	-23.454 -0.124
 31.527	 80.392	-19.826 -0.521
 30.016	 83.540	-18.183 -0.998
 27.792	 83.897	-21.276  0.321
 24.216	 82.670	-20.723  0.059
 20.779	 82.565	-22.464  0.712
 17.672	 84.610	-21.430 -0.332
 15.397	 87.235	-23.119  0.545
 13.043	 90.143	-22.226  0.752
 10.627	 88.214	-24.340  0.177
 10.675	 84.775	-22.622  0.419
 12.218	 82.141	-20.275  0.144
 15.841	 80.907	-19.572  0.067
 18.145	 78.263	-21.182 -0.203
 21.580	 77.007	-19.901  0.630
 24.761	 75.908	-21.784 -0.500
 24.042	 72.269	-20.993 -1.032
 20.576	 72.788	-22.499 -0.169
 22.338	 73.248	-25.892  0.644
 23.681	 69.681	-25.648 -2.614
 20.087	 68.381	-25.237  0.010
 18.093	 68.477	-28.558  0.296
 20.974	 69.446	-30.858  0.494
 23.939	 67.501	-29.388  0.454
 26.564	 69.721	-31.068  0.326
 29.289	 71.868	-29.434 -0.387
 29.363	 75.742	-29.465  0.905
 32.784	 75.989	-31.171 -1.032
 31.410	 74.161	-34.245  0.396
 27.858	 75.609	-34.235  0.617
 28.737	 77.891	-37.178  0.517
 28.538	 74.859	-39.465  0.943
 24.951	 74.020	-38.287 -0.118
 23.020	 76.663	-40.269  0.840
 25.352	 76.265	-43.289  0.707
 23.390	 73.160	-44.387  0.966
 19.876	 73.669	-42.942  0.469
 18.155	 76.552	-44.778  1.097
 15.255	 78.378	-43.067  1.062
 13.990	 81.949	-43.697  0.098
 16.073	 84.834	-45.188  0.828
 18.724	 82.359	-46.407  1.100
 18.407	 80.840	-49.883  1.071
 19.326	 77.128	-49.756  0.910
 16.986	 74.584	-51.478  1.001
 18.038	 70.927	-51.414  1.006
 17.470	 68.385	-48.607  0.797
 16.747	 65.132	-50.553  0.295
 16.353	 62.483	-47.834  0.762
 17.912	 59.048	-47.196  0.660
 16.947	 57.453	-43.865  1.097
 14.065	 59.838	-42.897  0.339
 16.576	 62.323	-41.416  1.067
 16.634	 64.651	-44.499  0.994
 18.411	 67.672	-42.922  1.054
 16.250	 68.338	-39.822 -0.300
 17.335	 65.202	-37.889  0.429
 20.702	 64.627	-39.691  0.780
 22.592	 67.595	-38.160  0.624
 24.472	 65.621	-35.426 -0.979
 26.041	 63.172	-37.931 -0.394
 27.823	 65.964	-39.832  0.006
 30.055	 66.610	-36.811 -0.071
 32.185	 63.586	-37.653  0.435
 34.234	 64.865	-40.626  0.166
 32.514	 68.058	-41.959  0.052
 32.676	 67.149	-45.734 -1.028
 31.459	 70.589	-46.903  0.044
 34.329	 72.491	-45.261 -0.226
 37.788	 70.773	-45.471 -0.999
 38.583	 67.053	-46.160 -0.057
 36.455	 64.010	-47.330 -0.047
 35.794	 62.886	-50.918 -0.192
 33.376	 59.912	-50.960 -0.982
 30.305	 59.224	-48.745  0.107
 26.573	 58.215	-48.837 -0.143
 23.886	 60.188	-50.796 -0.100
 22.096	 63.304	-49.390  0.439
 24.960	 63.770	-46.921 -0.222
 27.486	 64.495	-49.754  0.241
 25.388	 64.549	-52.971  0.091
 23.798	 67.979	-52.318  0.072
 27.141	 69.792	-51.704  0.546
 28.831	 69.276	-55.110 -0.462
 25.541	 69.548	-57.031 -0.887
 24.614	 72.998	-55.710 -0.165
 27.202	 75.526	-56.912 -0.747
 27.157	 79.174	-55.682 -0.386
 24.217	 78.306	-53.364 -1.033
 26.449	 77.464	-50.363  0.860
 28.548	 80.548	-51.249 -1.164
 25.423	 82.671	-50.529  0.044
 24.675	 80.952	-47.208  0.881
 27.663	 82.584	-45.405  0.487
 25.607	 85.637	-44.285 -1.032
 24.833	 83.652	-41.129  0.954
 28.557	 83.059	-40.646  0.762
 29.186	 86.813	-40.946  0.562
 29.301	 87.362	-37.168  0.843
 32.937	 88.522	-36.756 -1.014
 34.169	 89.493	-33.268 -0.465
 36.940	 91.884	-34.419  0.512
 35.402	 95.325	-35.164  0.284
 36.969	 98.723	-34.322 -0.358
 34.764	100.202	-31.562 -0.070
 35.557	101.736	-28.163 -1.034
 32.400	102.616	-26.124 -2.614
 32.495	102.837	-22.322 -1.053
 30.108	100.804	-20.161 -1.023
 28.360	103.182	-17.733 -1.032
 25.358	102.946	-15.380 -2.614
 21.727	104.054	-15.809 -2.515
 20.820	107.731	-16.267 -2.605
 17.957	109.797	-14.778 -1.032
 14.530	109.027	-16.293 -1.019
 12.401	111.876	-17.675  0.055
  8.924	110.788	-16.573 -2.614
  7.367	114.127	-17.586 -1.032
  7.467	113.310	-21.322 -1.032
  7.323	109.480	-21.019  0.433
  3.559	109.547	-20.361 -1.033
  2.945	112.376	-22.851 -2.390
  3.921	110.276	-25.891 -0.370
  2.078	107.099	-24.824 -0.085
 -1.314	108.863	-24.376 -1.032
 -1.363	109.868	-28.055 -0.402
 -0.909	106.142	-28.746  0.006
 -3.715	105.266	-26.281  0.434
 -1.350	103.048	-24.260  0.666
 -0.632	105.476	-21.400 -0.066
 -2.550	103.436	-18.831  0.163
 -0.326	100.318	-18.649  0.078
  2.415	102.137	-16.685 -0.243
  1.102	100.870	-13.314 -2.295
  2.770	 97.458	-13.627 -2.614
  5.738	 98.202	-11.329 -0.670
  3.672	 97.574	 -8.178 -2.614
  3.602	 94.505	 -5.923 -1.024
  0.628	 92.287	 -5.034 -0.073
 -0.708	 91.087	 -1.640 -1.279
 -3.526	 88.519	 -1.050 -1.035
 -4.588	 86.400	  2.034 -2.614
 -7.597	 84.092	  2.488 -2.614
 -8.627	 85.739	  5.770 -2.613
-11.327	 88.248	  4.813 -1.026
-14.172	 90.171	  6.540 -2.614
-17.975	 89.594	  6.652 -2.614
-21.119	 91.639	  5.756 -1.024
-24.939	 91.179	  5.438 -2.172
-27.211	 91.812	  2.389 -0.635
-27.074	 95.647	  1.736 -1.588
-26.216	 96.250	 -2.050 -2.590
-24.032	 93.457	 -3.552 -2.614
-24.101	 94.604	 -7.208 -2.614
-21.093	 93.547	 -9.275 -2.614
-19.881	 91.107	 -6.625 -1.031
-17.887	 87.870	 -6.860 -0.034
-20.040	 84.804	 -6.070 -0.964
-19.310	 81.280	 -4.806 -0.183
-21.513	 78.174	 -4.499  0.037
-21.790	 74.627	 -3.017 -0.062
-23.351	 71.713	 -4.944  0.059
-24.274	 68.085	 -4.193 -0.156
-22.646	 66.711	 -7.381 -0.324
-20.437	 68.071	-10.184 -1.013
-23.434	 68.204	-12.565 -0.321
-25.399	 71.526	-12.208 -0.461
-28.793	 70.372	-13.572 -0.469
-29.517	 67.659	-10.952 -2.614
-27.639	 69.308	 -8.052  0.268
-29.206	 71.164	 -5.112 -1.051
-27.846	 74.511	 -4.007 -0.784
-26.707	 74.185	 -0.386 -0.283
-24.989	 77.591	  0.045  0.109
-24.377	 80.835	 -1.901 -0.709
-22.225	 83.889	 -1.107  0.529
-20.836	 87.103	 -2.669 -0.969
-17.782	 89.406	 -2.351  0.020
-17.521	 93.207	 -2.666 -0.777
-14.736	 95.307	 -1.154 -1.336
-13.164	 92.370	  0.676 -0.691
-16.379	 91.467	  2.541 -2.465
-18.369	 88.170	  2.454 -0.094
-22.156	 88.345	  1.850 -0.985
-23.710	 85.054	  3.093 -0.444
-27.284	 83.903	  2.338 -0.385
-29.854	 82.013	  4.433 -0.336
-31.914	 80.841	  1.468 -2.020
-30.088	 79.586	 -1.694 -0.917
-32.994	 79.570	 -4.172 -0.458
-34.155	 83.092	 -3.193 -2.614
-30.658	 84.602	 -3.497 -1.062
-30.574	 83.905	 -7.264 -0.084
-33.280	 86.536	 -7.886 -0.559
-31.424	 89.346	 -6.077 -0.720
-28.319	 89.000	 -8.296 -0.997
-27.820	 90.835	-11.616 -0.451
-25.190	 88.526	-13.169 -2.614
-23.104	 85.506	-12.166 -2.614
-19.616	 86.971	-11.826 -1.032
-16.847	 84.813	-10.361 -2.614
-15.373	 81.291	-10.467  0.462
-17.534	 78.793	-12.457 -0.557
-19.943	 81.536	-13.586 -0.127
-21.274	 79.229	-16.362  0.408
-22.141	 76.348	-14.040  0.525
-24.278	 78.595	-11.763 -0.283
-26.254	 80.076	-14.675  1.009
-27.438	 76.569	-15.640 -0.454
-28.947	 76.092	-12.137 -0.070
-30.946	 79.312	-12.560  0.014
-32.360	 78.529	-16.032 -1.030
-33.991	 75.336	-14.632 -0.509
-35.893	 77.252	-11.949 -1.032
-36.989	 79.913	-14.446  0.120
-34.448	 82.737	-14.171 -0.002
-32.316	 84.419	-16.845 -2.614
-28.877	 84.826	-15.218 -0.743
-26.010	 85.905	-17.526 -2.614
-22.330	 85.064	-16.927 -0.728
-19.826	 87.890	-16.550 -1.031
-16.128	 87.634	-15.605 -0.428
-14.439	 84.327	-14.619  1.082
-10.865	 83.781	-13.273  0.524
-10.821	 80.344	-14.903  0.299
-10.759	 81.861	-18.384  0.518
 -8.156	 84.511	-17.403  0.582
 -5.524	 81.911	-16.483  0.709
 -6.408	 79.770	-19.550  0.935
 -5.230	 82.523	-21.924  0.707
 -1.969	 83.115	-19.989  0.147
 -1.124	 79.393	-19.453  0.299
 -3.199	 76.380	-20.680  0.701
 -1.919	 74.267	-17.770  0.079
 -4.337	 76.061	-15.452 -0.150
 -7.683	 74.446	-16.378  0.476
 -8.859	 73.944	-12.727 -0.125
-10.547	 76.096	-10.042  0.280
 -7.995	 74.603	 -7.646 -0.026
 -4.896	 75.066	 -9.782 -0.412
 -5.445	 78.800	-10.317  0.350
 -5.729	 79.320	 -6.557  0.350
 -2.811	 77.201	 -5.284 -1.032
 -0.343	 78.526	 -7.926 -0.433
 -1.088	 82.251	 -7.716 -0.275
 -1.663	 82.353	 -3.921  0.474
 -4.758	 80.861	 -2.287  0.565
 -6.828	 77.676	 -1.716  0.014
-10.139	 76.033	 -2.803 -0.026
-12.375	 74.912	  0.100 -0.957
-15.821	 73.242	  0.288 -2.608
-17.553	 76.284	  1.828 -0.085
-19.078	 79.003	 -0.402  0.129
-18.040	 81.882	  1.877 -0.100
-14.303	 81.328	  1.352 -0.352
-14.670	 80.564	 -2.375 -0.039
-16.518	 83.815	 -3.094  0.519
-13.743	 85.799	 -1.431 -0.386
-11.216	 83.903	 -3.580 -0.066
-12.713	 85.026	 -6.911  0.277
-12.098	 88.682	 -5.939 -1.051
 -8.371	 88.151	 -5.371 -1.002
 -7.820	 85.849	 -8.375  0.468
 -9.244	 88.707	-10.497 -0.483
 -6.922	 91.348	 -9.010 -1.062
 -3.782	 89.321	 -9.788 -2.614
 -4.656	 87.884	-13.232 -0.058
 -6.293	 91.059	-14.670 -2.614
 -3.063	 92.988	-14.135 -2.595
 -1.173	 90.432	-16.192 -1.015
 -3.937	 90.472	-18.850  0.348
 -4.027	 94.276	-19.289 -2.614
 -0.503	 94.180	-20.699 -1.032
 -1.764	 91.665	-23.247 -1.036
 -4.045	 93.213	-25.917 -1.522
 -4.238	 89.959	-27.912 -2.164
 -5.730	 88.138	-24.916  0.247
 -8.127	 91.000	-24.032 -2.614
 -9.717	 90.598	-27.492 -2.614
-10.063	 86.877	-26.810  0.626
-11.662	 87.573	-23.414 -0.089
-14.189	 90.256	-24.473 -2.614
-15.212	 89.022	-27.938 -1.032
-14.667	 85.233	-27.576  0.308
-14.544	 83.720	-24.015  1.059
-17.102	 85.735	-21.897 -0.146
-19.954	 85.860	-24.394  0.943
-19.470	 82.153	-25.182  0.652
-20.233	 81.298	-21.552 -0.199
-23.807	 82.454	-22.216 -2.604
-24.105	 80.059	-25.172  0.713
-22.779	 76.946	-23.363  0.950
-25.140	 77.663	-20.441  0.372
-28.195	 77.263	-22.684 -1.032
-27.108	 73.986	-24.340  0.834
-26.685	 72.355	-20.911  1.048
-29.925	 73.823	-19.518 -0.989
-32.184	 72.763	-22.424 -1.023
-30.574	 69.547	-23.638  1.097
-31.359	 67.091	-26.465  0.634
-34.457	 64.839	-26.679 -0.481
-33.798	 61.119	-27.173  0.364
-35.694	 58.261	-28.804  0.757
-36.531	 56.032	-25.884 -1.032
-37.853	 53.225	-28.149 -2.602
-34.532	 52.823	-30.055 -1.032
-31.980	 52.557	-27.197  0.894
-33.746	 49.432	-25.764 -2.614
-33.926	 47.788	-29.180 -1.975
-30.237	 48.515	-29.775  0.406
-29.468	 46.968	-26.372  0.417
-30.655	 43.566	-27.670 -2.614
-29.265	 44.076	-31.209 -0.475
-25.683	 44.681	-30.079  0.032
-26.057	 41.883	-27.477 -1.032
-26.259	 39.416	-30.373 -2.614
-23.001	 40.669	-31.927 -0.475
-21.359	 40.162	-28.500  0.227
-22.596	 36.571	-27.993 -2.614
-21.260	 35.554	-31.437 -2.529
-17.679	 36.795	-30.897  0.157
-17.791	 35.377	-27.327  0.151
-18.571	 31.976	-28.796 -1.526
-15.670	 32.316	-31.265 -0.577
-12.938	 32.364	-28.584  0.934
-14.843	 29.586	-26.746 -0.347
-14.651	 27.429	-29.916 -0.922
-10.865	 27.846	-30.032 -0.986
 -8.203	 26.924	-27.387  0.855
-10.519	 24.160	-26.158  0.666
-11.191	 24.487	-22.422 -0.476
-13.594	 27.225	-21.199 -1.026
-11.818	 29.889	-19.112  0.961
-12.366	 33.320	-17.498  1.079
-11.433	 35.946	-20.099  0.651
-10.259	 39.617	-19.695  0.431
 -8.448	 38.809	-16.421  1.101
 -4.644	 39.066	-16.818  0.650
 -3.993	 36.116	-14.451  0.834
 -6.192	 33.679	-16.390  1.082
 -5.133	 34.922	-19.869  0.904
 -1.530	 33.798	-19.249  0.668
 -2.809	 30.253	-18.595 -0.896
 -3.923	 29.939	-22.222  0.548
 -0.611	 31.449	-23.363  0.979
  0.974	 28.499	-21.469  0.874
 -0.777	 26.074	-23.816  0.309
 -0.368	 28.234	-26.933  0.012
  3.184	 29.520	-26.304  0.415
  3.941	 32.880	-27.921 -1.031
  5.013	 35.864	-25.765  0.597
  7.722	 38.194	-27.233  0.713
  8.997	 41.680	-26.324  0.037
  7.374	 45.023	-27.281 -0.104
 10.068	 47.726	-27.179  0.772
 11.078	 50.817	-25.185  0.831
  7.586	 51.209	-23.669  0.949
  7.955	 50.303	-19.950  0.736
  7.465	 46.591	-19.055  0.925
  7.848	 44.365	-15.895  0.804
  4.834	 45.603	-13.880  1.035
  1.325	 44.185	-13.390  0.257
 -0.318	 47.334	-14.843  0.502
  1.472	 46.767	-18.154  1.053
 -0.285	 43.412	-18.702  1.097
 -3.604	 45.188	-19.523  0.447
 -2.474	 48.337	-21.396  0.795
 -0.846	 47.553	-24.779  0.141
 -0.293	 43.771	-24.475  0.920
 -1.349	 41.509	-27.423  1.055
 -1.584	 44.652	-29.642  0.417
  1.633	 43.647	-31.454 -0.293
  0.788	 39.931	-31.550  0.951
 -2.356	 40.390	-33.748  0.113
 -0.198	 40.389	-36.896 -1.057
  0.219	 36.573	-36.697 -0.865
 -2.374	 34.568	-34.657  0.560
 -6.188	 34.638	-35.209  0.037
 -6.909	 33.771	-31.549  0.639
 -5.589	 37.169	-30.409  0.431
 -7.327	 38.961	-33.306 -1.032
-10.866	 37.943	-32.321 -1.031
-10.204	 39.573	-28.910  0.661
 -8.888	 42.911	-30.285  0.596
-11.628	 43.167	-32.963 -0.114
-13.956	 42.418	-30.036  0.428
-12.304	 45.297	-28.063  1.100
-13.500	 47.645	-30.798  0.212
-16.975	 46.061	-31.493  0.284
-17.919	 46.231	-27.829  0.158
-17.277	 49.824	-26.682  1.013
-19.907	 52.584	-27.134  0.871
-19.063	 54.075	-23.714  0.540
-16.045	 51.721	-23.431  0.733
-17.536	 48.338	-22.509  1.049
-20.181	 50.230	-20.509  1.079
-23.459	 51.709	-21.953  0.520
-24.568	 54.792	-20.015  0.500
-28.419	 54.596	-20.048  0.700
-29.833	 57.484	-22.074  0.981
-33.498	 56.998	-20.989  0.164
-32.588	 56.824	-17.297 -0.513
-30.222	 59.845	-17.321  0.215
-33.233	 61.876	-18.540  0.439
-34.299	 64.658	-16.105 -0.089
-37.742	 64.204	-14.380 -0.384
-38.468	 67.891	-15.015 -2.614
-37.452	 68.663	-18.629  0.725
-37.096	 65.209	-20.194  0.098
-33.828	 65.873	-22.077  0.950
-30.143	 64.776	-21.801  0.620
-27.849	 67.465	-20.393  1.040
-24.222	 67.592	-21.596  0.980
-21.586	 69.706	-19.813  0.598
-19.322	 71.678	-22.175  0.733
-16.039	 72.886	-20.632  0.549
-14.670	 76.114	-22.157  1.063
-11.110	 75.554	-20.907  0.629
-10.129	 71.821	-20.805  0.566
 -8.333	 71.334	-24.164  0.850
 -4.851	 72.486	-25.182  0.728
 -5.762	 73.466	-28.751  1.101
 -8.892	 75.496	-27.984  1.097
-11.854	 73.157	-28.516  1.100
-14.969	 72.612	-26.382  0.908
-14.511	 69.270	-24.609  1.046
-17.729	 67.581	-23.501  1.101
-18.544	 65.548	-20.361  0.529
-21.604	 63.410	-19.368  0.425
-21.551	 62.203	-22.147  1.098
-18.109	 62.891	-23.682  1.101
-19.174	 63.215	-27.325  1.025
-15.742	 64.660	-28.313  1.100
-14.271	 61.267	-29.303  1.101
-16.847	 59.209	-31.286  1.054
-15.789	 56.701	-33.963  1.087
-16.836	 58.252	-37.289  0.473
-17.364	 56.629	-40.743  0.932
-17.719	 53.340	-38.829  0.390
-20.934	 51.227	-38.852  0.151
-20.798	 51.154	-35.015  0.418
-20.563	 54.871	-34.307  0.993
-23.214	 55.736	-36.897  0.733
-25.901	 53.722	-35.040 -0.142
-25.349	 55.648	-31.771  0.907
-26.250	 58.950	-33.503  1.100
-29.696	 57.592	-34.518 -0.162
-30.790	 57.812	-30.865  0.734
-30.373	 61.591	-30.802  1.068
-33.611	 63.133	-32.174  0.355
-35.528	 66.423	-31.687  0.786
-38.981	 67.404	-30.329 -1.002
-42.425	 66.224	-31.604 -2.495
-42.501	 69.036	-34.204  0.227
-38.879	 70.250	-34.379 -1.258
-36.091	 69.147	-36.796 -1.029
-32.300	 68.789	-36.377  0.372
-30.100	 70.987	-38.584 -0.060
-26.546	 69.628	-38.392  0.791
-23.788	 71.681	-40.043  0.903
-20.117	 70.651	-40.386  1.100
-16.944	 72.506	-41.418  1.096
-15.733	 70.945	-44.688  1.098
-11.907	 70.637	-44.635  1.100
-11.167	 73.642	-42.359  0.984
 -7.875	 72.156	-41.051  1.069
 -6.507	 72.237	-44.622  1.057
 -7.751	 75.799	-45.202  1.093
 -6.022	 77.259	-42.128  0.663
 -2.786	 75.594	-43.321  0.935
 -2.936	 77.827	-46.421  1.086
 -3.761	 81.073	-44.587  1.011
 -0.841	 81.020	-42.113  0.294
  1.663	 80.020	-44.847  0.860
  0.602	 82.036	-47.872 -1.032
  1.080	 79.269	-50.429  0.985
  0.038	 80.356	-53.950 -1.017
 -0.569	 76.721	-54.999 -0.213
 -2.587	 75.615	-51.916  0.776
 -4.891	 78.685	-51.921  0.305
 -5.423	 78.009	-55.672 -1.014
 -7.399	 74.797	-54.983  0.970
 -9.894	 76.458	-52.594  0.942
-10.399	 79.647	-54.696 -1.032
-11.669	 77.498	-57.580 -1.019
-13.753	 75.127	-55.457  0.198
-11.963	 71.870	-56.319 -0.496
-11.050	 68.753	-54.297  1.100
 -7.823	 68.972	-52.287  0.888
 -7.122	 65.185	-52.200  1.100
 -7.314	 65.017	-56.029  0.141
 -5.285	 68.162	-56.874  0.217
 -2.405	 67.074	-54.587  1.042
 -1.890	 63.732	-56.374  1.045
 -2.009	 65.560	-59.729  0.581
  1.025	 67.807	-59.148  0.416
  2.992	 64.995	-57.409  0.619
  3.053	 62.252	-60.062  0.748
  2.536	 64.570	-63.057 -0.481
 -0.889	 63.298	-64.211  0.245
 -4.123	 65.241	-64.883 -0.969
 -6.995	 65.619	-62.357 -1.031
 -9.221	 63.204	-64.338 -1.008
 -6.659	 60.379	-64.666 -0.667
 -6.297	 60.108	-60.864  0.970
 -7.298	 56.607	-59.663  0.565
 -8.297	 55.504	-56.111 -0.624
 -4.684	 54.378	-55.422 -0.147
 -3.049	 57.788	-55.869  0.246
 -5.906	 59.675	-54.148  1.100
 -5.389	 57.416	-51.095  0.762
 -1.666	 58.136	-50.964 -0.037
 -2.371	 61.882	-51.054  1.038
 -5.066	 61.652	-48.360  1.099
 -2.599	 60.146	-45.859  0.818
 -0.196	 63.084	-46.314  0.892
 -2.969	 65.734	-46.187  1.064
 -4.158	 64.348	-42.811  1.067
 -0.597	 63.722	-41.653  1.054
  0.607	 67.303	-42.225  0.895
 -1.617	 68.410	-39.285  0.793
  0.847	 66.820	-36.832  1.096
  3.781	 66.564	-39.254  1.097
  4.211	 62.750	-39.334  0.818
  7.322	 60.784	-40.402  0.936
  8.391	 58.433	-43.207  0.701
  8.328	 55.533	-40.740  0.430
  4.751	 56.240	-39.620  0.929
  3.614	 56.752	-43.247  1.084
  5.126	 53.374	-44.229  0.633
  3.007	 51.572	-41.610 -0.222
 -0.322	 53.051	-42.760  0.598
  0.269	 52.311	-46.474  0.601
  1.806	 49.443	-48.498 -0.441
  4.560	 51.802	-49.716  0.688
  8.200	 51.003	-48.556 -0.114
 10.593	 53.054	-46.335  0.322
 12.793	 54.445	-49.171 -1.031
  9.760	 55.171	-51.410  0.391
  7.870	 57.013	-48.638  1.054
 10.510	 59.771	-48.485 -0.173
  9.886	 60.723	-52.127 -1.848
  6.169	 61.207	-51.426  0.556
  7.017	 63.911	-48.805  0.939
  9.427	 65.645	-51.220 -0.055
  6.918	 65.808	-54.108 -0.461
  4.560	 67.488	-51.600  1.082
  7.119	 70.205	-50.852  0.677
  8.070	 70.677	-54.552 -1.031
  4.437	 71.424	-55.435  0.410
  3.839	 73.487	-52.292  0.637
  7.033	 75.546	-51.515  0.433
  5.742	 77.899	-48.776 -0.040
  4.420	 74.941	-46.723  0.861
  7.986	 73.641	-46.187 -0.057
  9.023	 77.155	-45.198 -1.655
  6.092	 77.292	-42.733  0.553
  7.204	 74.127	-40.915  0.739
 10.653	 75.746	-40.617 -0.351
  8.955	 78.908	-39.318 -2.614
  6.925	 76.965	-36.731  0.182
 10.013	 74.967	-35.670  0.554
 11.581	 78.416	-35.269 -1.053
  8.632	 79.904	-33.415 -2.610
  8.287	 76.916	-31.060  0.941
 11.718	 75.640	-29.920 -0.025
 12.626	 79.277	-29.284 -0.960
  9.273	 80.880	-28.343 -1.021
  8.083	 78.357	-25.737  0.907
  4.548	 78.534	-27.138  0.452
  2.821	 78.496	-30.531  0.878
  0.665	 81.531	-31.347 -0.070
 -2.448	 81.394	-33.553  1.080
 -4.076	 84.058	-35.806 -0.092
 -6.018	 85.471	-32.858 -0.224
 -3.331	 85.054	-30.165  0.670
 -3.845	 81.828	-28.148  1.100
 -1.059	 80.390	-25.931  0.831
  0.392	 76.869	-25.317  1.023
  3.234	 76.690	-22.746 -0.091
  5.484	 73.698	-23.640  0.509
  9.224	 73.659	-22.671  0.695
  9.561	 70.068	-23.952  0.427
 10.809	 71.280	-27.351  0.865
 14.446	 71.089	-26.105 -0.336
 14.964	 67.599	-24.593  0.598
 17.805	 64.998	-24.487 -0.160
 15.883	 61.768	-25.262  0.888
 14.763	 61.115	-28.870 -0.394
 11.271	 60.054	-27.698  0.200
 10.550	 63.279	-25.774 -0.161
 11.702	 65.753	-28.489  0.783
  9.792	 64.009	-31.307  0.174
  6.573	 64.019	-29.260  0.133
  7.087	 67.732	-28.564  0.939
  7.525	 68.730	-32.223  0.937
  4.324	 66.831	-33.049  1.100
  2.468	 69.181	-30.680  0.425
  4.147	 72.358	-32.000  1.096
  2.531	 72.633	-35.458  0.838
 -0.668	 70.961	-34.211  1.101
 -2.006	 73.921	-32.188  0.832
 -2.027	 76.591	-34.894  0.986
 -4.054	 74.281	-37.156  0.944
 -6.592	 72.647	-34.783  1.100
 -6.765	 75.686	-32.479  1.097
 -7.612	 78.399	-35.004  0.758
-10.099	 76.010	-36.623  1.029
-11.793	 75.812	-33.224  1.086
-11.540	 79.567	-32.583  1.093
-13.439	 80.315	-35.825  0.893
-16.193	 78.107	-34.383  0.878
-16.015	 79.845	-31.008  1.091
-16.390	 83.273	-32.668 -0.058
-19.259	 81.952	-34.821  1.046
-21.286	 80.677	-31.836  1.095
-21.214	 84.215	-30.387  0.448
-22.542	 85.884	-33.556 -0.989
-25.167	 83.168	-34.170  0.570
-26.676	 83.400	-30.636 -0.467
-28.609	 86.672	-31.266 -2.614
-30.051	 85.266	-34.475 -0.590
-31.403	 82.057	-32.874  0.336
-33.498	 83.846	-30.219 -1.050
-35.612	 85.676	-32.844 -2.424
-36.008	 82.779	-35.296 -1.032
-37.122	 80.362	-32.565 -2.614
-34.119	 78.032	-32.796  0.524
-31.564	 76.697	-30.299 -0.077
-28.006	 75.351	-30.145  0.378
-27.357	 71.805	-28.905  0.574
-23.989	 70.064	-29.547  0.916
-20.398	 70.907	-30.585  1.073
-18.308	 67.868	-31.626  0.957
-14.862	 68.237	-33.331  1.100
-15.781	 70.892	-35.957  1.100
-19.551	 70.189	-36.252  1.091
-22.391	 72.294	-34.766  0.968
-25.789	 70.635	-34.258  0.732
-28.836	 72.942	-34.104  0.388
-32.575	 72.402	-33.501  0.912
-35.347	 74.420	-35.190  0.504
-35.643	 74.572	-40.262 -0.185
-35.184	 75.700	-43.879 -0.935
-34.890	 79.398	-42.928 -2.614
-32.345	 78.694	-40.180  0.245
-30.183	 76.414	-42.387 -1.030
-29.454	 79.309	-44.756 -2.614
-28.825	 81.826	-41.929 -0.456
-26.419	 79.548	-40.034  0.445
-24.385	 78.953	-43.211 -0.521
-23.851	 82.716	-43.708 -1.036
-22.569	 83.264	-40.138 -0.392
-20.144	 80.283	-40.100  1.101
-18.549	 81.144	-43.468  0.218
-18.469	 84.913	-43.025 -1.028
-16.994	 84.864	-39.518  0.694
-13.558	 86.386	-40.357 -0.028
-12.092	 87.558	-43.699 -2.614
 -9.569	 84.873	-44.683  0.804
 -7.372	 84.376	-47.773 -1.032
 -9.234	 81.124	-48.551  0.978
-12.987	 80.631	-49.134  0.899
-14.643	 78.636	-46.349  0.981
-17.366	 76.085	-47.142 -0.964
-19.853	 74.452	-44.749  0.764
-21.915	 71.334	-45.519  0.468
-25.529	 71.524	-44.333 -0.037
-27.996	 68.774	-43.405  0.014
-31.654	 68.886	-42.388 -2.614
-33.440	 65.890	-40.878  0.931
-35.492	 64.360	-38.051 -2.614
-32.446	 62.685	-36.518  0.640
-28.614	 63.064	-36.466  0.994
-28.215	 60.156	-38.976  0.149
-30.695	 61.749	-41.410 -0.017
-28.630	 64.957	-41.384  0.843
-25.229	 63.177	-41.454  0.982
-22.767	 66.111	-41.526  0.555
BRIEF 1BGX L 210              
-21.817	 61.917	 -1.192       
-23.547	 58.511	 -1.335       
-22.393	 55.427	  0.654       
-21.532	 52.160	 -1.110       
-21.965	 48.865	  0.763       
-21.366	 45.351	 -0.636       
-23.374	 42.448	  0.830       
-21.730	 40.166	  1.830       
-17.977	 40.488	  2.482       
-16.388	 37.020	  2.799       
-18.028	 33.996	  1.085       
-16.909	 30.679	 -0.480       
-18.260	 28.528	 -3.340       
-17.369	 25.167	 -4.971       
-16.718	 24.680	 -8.709       
-20.080	 24.284	-10.443       
-22.303	 26.206	 -7.998       
-24.423	 29.325	 -8.534       
-22.879	 32.496	 -7.028       
-24.726	 35.763	 -6.165       
-23.525	 39.070	 -4.624       
-25.069	 42.554	 -4.398       
-23.946	 46.197	 -4.221       
-26.346	 48.715	 -2.674       
-26.526	 52.509	 -2.370       
-28.361	 54.964	 -0.098       
-30.279	 56.871	 -2.796       
-31.789	 56.202	 -6.227       
-28.808	 54.866	 -8.166       
-28.600	 54.603	-11.971       
-26.022	 52.220	-13.520       
-23.147	 50.262	-11.930       
-19.470	 49.433	-12.521       
-18.031	 45.959	-11.660       
-14.393	 45.001	-11.097       
-12.181	 41.999	-10.208       
 -8.761	 41.623	 -8.478       
 -6.632	 38.476	 -7.860       
 -4.086	 38.262	 -5.006       
 -0.927	 39.790	 -6.462       
 -2.302	 41.770	 -9.431       
 -4.000	 45.008	-10.612       
 -7.800	 45.372	-10.735       
 -9.472	 45.044	-14.155       
-12.920	 44.963	-15.848       
-15.581	 42.183	-15.957       
-19.336	 42.999	-16.105       
-20.902	 46.323	-17.126       
-24.094	 48.387	-16.749       
-27.106	 46.282	-15.663       
-26.774	 43.018	-17.647       
-24.440	 42.307	-20.647       
-20.810	 41.060	-20.714       
-17.604	 42.983	-21.622       
-14.612	 42.488	-23.940       
-14.138	 38.776	-23.447       
-15.859	 37.365	-20.351       
-17.350	 33.848	-20.186       
-21.003	 33.122	-21.006       
-21.670	 31.791	-17.454       
-21.532	 35.313	-15.928       
-24.639	 37.574	-15.833       
-25.902	 40.861	-14.387       
-29.196	 42.165	-12.981       
-30.576	 45.182	-11.127       
-32.373	 48.526	-11.553       
-33.288	 51.205	 -9.015       
-31.666	 50.852	 -5.573       
-29.910	 47.495	 -5.836       
-27.593	 46.140	 -8.563       
-26.358	 42.512	 -8.466       
-23.932	 40.047	-10.113       
-24.935	 36.411	-10.712       
-22.695	 33.542	-11.926       
-24.397	 30.324	-13.098       
-21.315	 28.072	-13.263       
-18.366	 28.430	-10.867       
-14.740	 27.422	-11.637       
-11.345	 27.330	 -9.857       
-10.209	 30.549	-11.582       
-13.142	 32.830	-10.631       
-12.176	 33.203	 -6.941       
-11.162	 36.867	 -6.379       
-12.170	 40.261	 -4.840       
-14.991	 42.310	 -6.474       
-15.700	 46.100	 -6.307       
-18.543	 48.453	 -7.352       
-18.737	 52.112	 -8.437       
-21.183	 54.531	-10.154       
-20.973	 57.894	-11.944       
-24.630	 59.099	-11.980       
-25.320	 61.262	 -8.914       
-21.766	 60.634	 -7.606       
-18.243	 62.202	 -7.645       
-16.986	 58.594	 -7.983       
-15.894	 56.407	 -5.039       
-15.583	 52.605	 -4.801       
-17.207	 49.974	 -2.587       
-16.065	 47.812	  0.342       
-15.019	 44.630	 -1.498       
-16.694	 41.227	 -1.885       
-13.873	 38.728	 -1.314       
-14.953	 35.497	 -3.026       
-12.965	 32.386	 -2.124       
-13.019	 28.759	 -3.317       
-14.422	 25.841	 -1.288       
-12.571	 22.503	 -0.956       
-12.176	 19.444	  1.268       
-11.319	 19.565	  4.964       
 -7.563	 18.950	  5.270       
 -5.320	 18.372	  8.318       
 -2.658	 20.914	  9.398       
  1.107	 20.438	  9.035       
  2.454	 21.632	 12.384       
  6.199	 21.881	 13.132       
  7.927	 23.627	 16.040       
 11.041	 25.786	 15.400       
 13.968	 26.613	 17.785       
 15.673	 30.064	 17.923       
 19.028	 30.780	 16.184       
 22.499	 31.576	 17.609       
 22.313	 35.173	 16.348       
 19.227	 35.857	 18.474       
 20.591	 34.436	 21.766       
 23.763	 36.600	 21.524       
 21.615	 39.709	 21.117       
 19.451	 39.071	 24.172       
 16.138	 37.550	 23.091       
 14.672	 34.252	 21.960       
 11.691	 33.760	 19.660       
 10.056	 30.343	 19.270       
  8.115	 30.098	 15.987       
  5.538	 27.471	 14.928       
  4.399	 27.245	 11.298       
  1.047	 25.643	 10.455       
  0.514	 25.038	  6.718       
 -2.304	 23.575	  4.558       
 -5.704	 23.284	  6.353       
 -9.463	 24.000	  5.966       
-11.265	 26.066	  7.376       
 -9.720	 29.283	  8.823       
-10.869	 28.510	 12.395       
 -8.077	 26.965	 14.509       
 -6.917	 27.345	 18.148       
 -3.165	 27.395	 18.806       
 -2.085	 27.000	 22.454       
  1.417	 27.485	 23.872       
  2.386	 25.259	 26.810       
  5.737	 25.905	 28.517       
  6.641	 22.964	 30.823       
  2.981	 22.377	 31.709       
  1.768	 25.947	 32.223       
 -0.231	 27.751	 29.489       
  1.121	 31.045	 28.107       
 -1.239	 33.550	 26.472       
  0.864	 36.734	 26.513       
  3.358	 37.558	 23.753       
  1.631	 35.449	 21.094       
  1.631	 37.051	 17.624       
 -0.982	 35.448	 15.355       
 -1.055	 36.124	 11.599       
 -3.491	 34.728	  9.002       
 -2.997	 34.666	  5.219       
 -5.371	 34.899	  2.264       
 -6.525	 31.851	  0.301       
 -4.228	 30.366	 -2.392       
 -4.801	 30.135	 -6.170       
 -3.227	 26.682	 -6.656       
 -5.269	 24.498	 -4.237       
 -7.048	 27.195	 -2.151       
 -5.974	 26.583	  1.453       
 -5.222	 28.457	  4.709       
 -1.920	 28.991	  6.562       
 -1.175	 30.536	  9.977       
  1.917	 31.584	 11.944       
  2.404	 31.871	 15.704       
  5.499	 33.460	 17.242       
  6.223	 33.681	 20.982       
  8.741	 36.463	 21.655       
 10.481	 35.954	 25.040       
 13.832	 36.936	 26.628       
 17.123	 34.992	 26.898       
 16.789	 34.857	 30.697       
 13.337	 33.194	 30.496       
 14.487	 30.687	 27.832       
 17.422	 29.266	 29.848       
 15.142	 28.969	 32.925       
 12.638	 26.652	 31.221       
 13.103	 23.504	 29.066       
 10.101	 22.137	 27.129       
  8.049	 24.257	 24.691       
  4.879	 23.016	 22.952       
  2.729	 24.208	 20.043       
 -0.751	 22.669	 19.808       
 -3.441	 22.870	 17.096       
 -7.165	 22.223	 17.671       
 -8.943	 21.741	 14.331       
-12.256	 20.504	 12.855       
-10.597	 17.476	 11.198       
 -9.407	 15.962	 14.520       
-10.885	 15.480	 18.007       
 -7.451	 15.458	 19.696       
 -4.928	 18.320	 19.219       
 -1.802	 18.031	 17.029       
  1.017	 18.065	 19.607       
  4.616	 18.912	 18.632       
  7.340	 19.616	 21.208       
 11.129	 19.610	 21.605       
 13.531	 19.393	 24.544       
 16.677	 21.361	 25.254       
BRIEF 1BGX H 209              
  6.026	 52.959	-10.448       
  5.065	 54.814	 -7.292       
  8.058	 56.704	 -5.867       
  8.097	 58.547	 -2.535       
  8.697	 58.272	  1.257       
  7.921	 55.238	  3.389       
  7.274	 57.339	  6.495       
  5.863	 60.833	  7.208       
  5.321	 62.933	 10.384       
  1.936	 64.509	 11.320       
  0.730	 67.955	 10.085       
  3.429	 67.988	  7.354       
  3.337	 67.983	  3.525       
  3.491	 64.736	  1.519       
  5.276	 64.457	 -1.842       
  4.687	 61.542	 -4.236       
  5.330	 60.932	 -7.955       
  4.361	 58.338	-10.590       
  6.795	 58.093	-13.519       
  5.760	 57.198	-17.110       
  7.694	 56.215	-20.283       
  6.670	 55.527	-23.881       
  3.212	 57.124	-23.992       
  3.638	 60.779	-23.017       
  1.326	 62.964	-20.905       
  0.638	 65.211	-23.950       
 -0.859	 62.728	-26.470       
 -4.060	 61.480	-24.700       
 -5.501	 59.913	-21.471       
 -6.242	 61.338	-17.971       
 -4.232	 60.008	-15.014       
 -6.167	 59.400	-11.771       
 -5.240	 58.860	 -8.092       
 -7.157	 56.469	 -5.789       
 -6.237	 54.897	 -2.424       
 -7.226	 51.649	 -0.598       
 -6.448	 49.731	  2.708       
 -6.712	 48.701	  5.684       
-10.510	 48.843	  5.835       
-10.620	 48.017	  2.091       
-12.679	 51.191	  1.531       
-11.441	 53.457	 -1.269       
-11.428	 57.264	 -1.795       
-10.780	 59.545	 -4.789       
 -8.183	 62.325	 -4.993       
 -8.643	 63.552	 -8.589       
 -6.999	 63.363	-12.053       
 -4.645	 65.094	-14.536       
 -5.305	 65.431	-18.306       
 -2.918	 65.639	-21.287       
 -3.668	 69.333	-21.870       
 -3.197	 70.483	-18.278       
 -5.200	 69.372	-15.236       
 -9.035	 69.673	-15.623       
 -9.610	 67.806	-12.311       
-12.657	 68.078	-10.029       
-11.758	 66.324	 -6.726       
-14.204	 65.426	 -3.819       
-15.317	 67.470	 -0.733       
-11.759	 67.467	  0.716       
-10.183	 69.889	 -1.829       
 -8.486	 72.168	  0.746       
 -5.629	 69.684	  1.320       
 -5.018	 67.852	 -1.993       
 -2.930	 69.416	 -4.806       
 -2.119	 67.867	 -8.215       
  0.774	 69.167	-10.403       
  3.019	 67.829	-13.211       
  6.387	 67.976	-15.015       
  6.077	 67.245	-18.723       
  9.826	 67.531	-19.446       
 10.611	 64.585	-17.139       
  7.311	 62.897	-18.137       
  5.757	 62.423	-14.672       
  3.030	 63.844	-12.381       
  3.456	 64.982	 -8.750       
  1.068	 64.812	 -5.764       
  1.002	 67.139	 -2.736       
 -1.140	 66.350	  0.336       
 -0.844	 69.172	  2.866       
 -1.555	 68.682	  6.597       
 -1.406	 64.880	  6.558       
 -2.877	 63.335	  9.751       
 -3.749	 59.818	 11.041       
 -7.212	 60.092	  9.424       
 -5.705	 59.256	  6.012       
 -6.288	 55.585	  5.115       
 -3.209	 55.293	  2.754       
 -1.950	 52.851	  0.028       
 -1.911	 54.976	 -3.120       
 -2.498	 53.619	 -6.665       
 -1.943	 55.532	 -9.922       
 -5.035	 54.854	-12.022       
 -5.969	 56.173	-15.479       
 -9.115	 57.255	-17.364       
 -9.569	 56.824	-21.128       
-12.390	 59.387	-21.886       
-14.475	 59.837	-25.032       
-15.831	 56.580	-23.753       
-15.260	 56.416	-19.915       
-13.834	 53.318	-18.017       
-11.048	 52.219	-15.604       
 -8.808	 49.350	-16.769       
 -5.092	 49.575	-15.890       
 -4.458	 50.680	-12.190       
 -1.158	 51.332	-10.372       
  1.282	 49.422	 -8.137       
  0.331	 49.981	 -4.459       
  2.960	 51.227	 -1.918       
  2.135	 51.008	  1.785       
  2.828	 54.374	  3.399       
  2.046	 55.024	  7.064       
  1.740	 58.300	  8.988       
  3.566	 58.009	 12.327       
  5.854	 59.900	 14.710       
  8.244	 56.938	 15.216       
 11.761	 56.461	 13.753       
 12.904	 54.228	 10.868       
 14.435	 50.984	 12.223       
 16.559	 48.308	 10.445       
 15.507	 44.674	  9.939       
 17.098	 41.696	 11.648       
 17.020	 38.351	  9.826       
 17.283	 35.061	 11.780       
 17.527	 31.524	 10.271       
 15.236	 28.610	 11.235       
 15.940	 24.849	 11.032       
 13.516	 22.630	  9.053       
 11.441	 20.106	 11.052       
  9.003	 17.492	  9.643       
  9.056	 16.622	  5.890       
 11.498	 19.544	  5.426       
  9.711	 22.878	  5.920       
 12.079	 25.883	  6.112       
 11.535	 29.386	  7.508       
 12.789	 32.985	  7.642       
 12.156	 35.329	 10.580       
 12.356	 39.090	  9.964       
 11.679	 41.244	 13.042       
 12.436	 44.647	 14.533       
 11.772	 46.970	 11.524       
  9.790	 50.160	 10.762       
  7.905	 50.723	  8.530       
  6.265	 48.699	  5.684       
  7.254	 46.763	  3.531       
  9.958	 44.117	  2.904       
 10.407	 42.164	 -0.342       
 11.116	 38.500	  0.471       
 12.191	 36.086	 -2.284       
 13.681	 32.594	 -2.003       
 16.867	 31.971	 -4.049       
 16.694	 35.404	 -5.753       
 13.263	 34.571	 -7.135       
 13.920	 31.087	 -8.524       
 12.030	 28.968	 -5.975       
  8.312	 29.823	 -6.003       
  6.750	 26.441	 -5.151       
  5.473	 25.999	 -1.590       
  6.137	 29.633	 -0.647       
  3.679	 31.062	  1.922       
  4.268	 34.703	  2.898       
  2.702	 35.849	  6.197       
  1.723	 39.499	  6.790       
  3.335	 41.865	  9.318       
  1.794	 42.349	 12.783       
  2.110	 45.653	 14.693       
  3.290	 45.318	 18.283       
  4.032	 48.779	 19.708       
  5.689	 50.793	 16.884       
  7.410	 47.646	 15.573       
  6.738	 45.079	 12.798       
  7.307	 41.291	 12.532       
  7.044	 39.445	  9.170       
  7.665	 35.762	  8.384       
  7.729	 33.253	  5.492       
  8.013	 29.490	  4.910       
  8.892	 27.131	  2.048       
  8.326	 23.367	  1.724       
 10.645	 21.152	 -0.395       
 11.728	 17.476	 -0.550       
 14.372	 15.787	  1.638       
 16.596	 15.050	 -1.400       
 17.101	 18.799	 -1.878       
 18.209	 19.865	  1.636       
 21.090	 20.260	  2.340       
 22.801	 19.104	 -0.877       
 21.434	 22.296	 -2.398       
 21.765	 25.782	 -0.868       
 18.475	 27.533	 -0.007       
 18.693	 31.247	  0.926       
 16.315	 33.961	  2.209       
 16.726	 37.263	  0.364       
 15.245	 40.217	  2.273       
 15.258	 43.843	  1.046       
 13.939	 46.958	  2.847       
 13.547	 50.169	  0.784       
 12.945	 52.384	  3.809       
 16.255	 51.782	  5.623       
 18.186	 50.603	  2.519       
 19.246	 47.464	  4.379       
 19.845	 44.569	  1.975       
 21.211	 41.378	  3.512       
 21.282	 37.737	  2.380       
 20.915	 34.862	  4.930       
 21.687	 31.123	  4.467       
 19.897	 28.248	  6.239       
 22.648	 26.156	  7.895       
 22.146	 22.770	  9.653       
 22.637	 23.985	 13.234       
