BRIEF 1BQL Y 129              
 30.091	 12.431	 45.176  1.102
 31.584	  9.758	 47.325 -0.522
 31.734	 11.434	 50.705 -0.626
 34.483	  9.955	 52.946 -1.447
 33.811	  8.721	 56.530  0.851
 34.516	 11.627	 58.934  1.436
 33.472	 14.314	 56.380  0.049
 30.029	 12.578	 56.280  0.791
 30.008	 11.749	 59.998  1.139
 30.789	 15.418	 60.815 -0.705
 27.833	 16.688	 58.713 -0.747
 25.486	 13.992	 60.166  0.894
 26.663	 14.874	 63.740 -1.095
 25.789	 18.412	 62.735 -2.412
 22.382	 17.370	 61.461 -2.320
 21.327	 15.977	 64.899  0.865
 21.465	 12.321	 63.892 -0.990
 23.487	 11.562	 66.934 -0.419
 21.339	  9.466	 69.246 -0.364
 18.223	 10.154	 67.233 -0.264
 15.638	  7.750	 68.684 -0.664
 18.401	  5.346	 70.108 -0.130
 20.872	  5.390	 67.257 -0.808
 24.311	  6.835	 67.632  0.115
 26.471	  8.218	 64.796  0.149
 28.089	  4.785	 64.494 -0.136
 24.837	  3.506	 63.001  0.483
 24.070	  6.483	 60.723  1.086
 27.511	  6.366	 58.968  0.303
 27.472	  2.529	 59.070  1.484
 24.187	  2.436	 56.993  0.951
 25.544	  5.031	 54.563  0.729
 28.664	  2.810	 54.011 -0.716
 26.792	 -0.433	 53.415 -0.130
 23.807	  1.117	 51.584  1.127
 25.684	  3.346	 49.152  1.497
 29.455	  3.364	 49.810 -1.110
 28.847	  7.084	 50.608 -0.413
 27.931	  8.020	 47.082  0.487
 25.286	 10.744	 47.233  1.321
 24.107	 10.123	 43.684 -2.407
 23.672	  6.291	 44.206  1.009
 20.589	  4.784	 42.704 -0.399
 19.450	  1.138	 42.616  0.642
 16.256	 -0.352	 41.067 -0.990
 13.949	 -2.757	 42.807  0.415
 11.563	 -5.577	 41.918 -0.881
  8.437	 -3.353	 41.820  0.474
  8.992	 -0.259	 39.651 -0.260
 10.875	  1.513	 42.453  1.160
 14.341	  2.940	 42.733 -0.034
 16.368	  3.557	 45.985  0.974
 17.848	  7.056	 46.253  0.871
 21.052	  8.610	 47.487  1.489
 23.295	  7.997	 50.431  0.965
 20.621	  6.403	 52.410  1.182
 18.820	  4.568	 49.575  1.496
 15.333	  5.796	 50.355  1.414
 12.681	  3.900	 48.499  1.260
 10.418	  5.745	 46.059  0.788
  7.390	  3.659	 46.952 -0.568
  6.715	  4.736	 50.528 -0.546
  9.132	  7.560	 51.111  1.179
  9.855	  9.985	 48.290  1.469
  8.292	 10.666	 44.878 -0.178
  9.863	 10.060	 41.460 -0.171
  6.692	  9.911	 39.315 -2.005
  7.112	  6.523	 37.753 -1.251
  6.579	  4.271	 40.808 -0.996
  3.213	  2.684	 41.550 -1.066
  1.988	  2.521	 45.215 -2.159
  3.705	  5.871	 45.710  0.509
  2.792	  7.135	 49.118 -1.007
  5.609	  9.764	 49.305  1.133
  5.684	  9.969	 53.102 -0.873
  8.563	 12.495	 53.312  1.491
  6.681	 14.814	 50.879 -0.690
  9.796	 15.337	 48.820 -0.143
 10.964	 14.739	 45.220 -0.666
 13.450	 11.860	 45.227  1.468
 15.918	 14.024	 43.197 -0.248
 16.199	 16.218	 46.320 -0.992
 17.738	 13.146	 47.835  0.659
 20.540	 13.199	 45.240 -0.086
 22.314	 16.206	 46.569 -0.164
 25.834	 16.494	 47.829  0.215
 24.453	 18.181	 50.953  0.570
 22.670	 15.775	 53.240  1.075
 19.689	 17.976	 54.356 -1.023
 16.614	 16.429	 52.610 -0.274
 18.155	 12.961	 53.120  0.675
 18.577	 13.668	 56.901  0.339
 15.067	 15.063	 57.144 -2.414
 13.377	 12.117	 55.453  1.485
 15.671	  9.745	 57.474  1.022
 14.069	 11.242	 60.680  0.324
 10.533	 10.367	 59.625 -0.657
 11.665	  6.888	 58.486  0.896
 13.298	  6.093	 61.781 -0.508
 10.212	  7.532	 63.549 -0.934
  7.659	  5.049	 61.974 -0.269
  7.862	  2.500	 64.862 -0.421
 10.554	  0.174	 63.369 -0.223
 13.787	  2.002	 64.151  1.123
 16.690	  1.539	 61.745  0.678
 15.308	 -1.855	 60.574 -1.262
 13.896	 -0.174	 57.533  0.971
 17.398	 -0.236	 56.152  1.216
 18.125	 -3.655	 54.734  0.019
 21.931	 -3.153	 54.681  0.382
 21.999	 -1.601	 58.186  0.942
 20.039	 -4.648	 59.330 -2.312
 22.372	 -7.045	 57.445 -1.103
 25.841	 -5.489	 58.020 -0.648
 25.575	 -2.992	 60.947  1.484
 22.974	 -4.427	 63.403 -1.065
 24.482	 -6.271	 66.368 -0.115
 28.072	 -5.316	 65.682 -1.129
 30.312	 -2.613	 67.062 -0.634
 28.727	  0.179	 65.098  0.251
 30.746	  2.830	 66.987 -0.317
 33.750	  1.597	 65.083 -0.543
 32.607	  3.738	 62.167  0.011
 33.946	  6.967	 63.694 -0.215
 36.726	  5.487	 65.844 -0.888
 39.670	  7.712	 64.967 -0.643
 37.380	 10.264	 63.317  1.487
 37.310	 13.972	 64.065 -1.410
 33.637	 15.156	 64.314 -0.267
BRIEF 1BQL L 212              
 15.646	-10.941	 35.296       
 12.558	-12.927	 34.509       
 12.040	-14.530	 31.141       
  8.809	-13.460	 29.415       
  7.399	-15.864	 26.872       
  4.512	-14.686	 24.581       
  1.966	-16.885	 22.952       
  1.244	-17.026	 20.071       
  4.014	-15.418	 17.974       
  1.926	-14.675	 14.809       
 -1.820	-14.300	 15.027       
 -4.639	-13.040	 12.840       
 -8.106	-11.588	 13.258       
-10.832	 -9.953	 11.152       
-12.142	 -6.432	 11.922       
-15.064	 -6.613	 14.368       
-13.648	 -9.740	 16.282       
-12.017	-10.297	 19.781       
 -8.269	-10.651	 20.384       
 -6.413	-11.960	 23.480       
 -2.536	-12.029	 23.553       
 -0.859	-13.916	 26.358       
  2.589	-13.207	 28.084       
  3.990	-15.610	 30.764       
  6.636	-14.637	 33.325       
  9.131	-17.245	 34.706       
  8.794	-15.578	 37.990       
  6.144	-13.620	 39.715       
  6.197	 -9.919	 38.692       
  4.421	 -6.983	 40.341       
  3.226	 -5.054	 37.306       
  3.422	 -5.793	 33.453       
  3.764	 -3.209	 30.624       
  2.717	 -3.481	 27.051       
  4.181	 -1.639	 24.111       
  2.963	 -1.696	 20.521       
  5.160	 -1.277	 17.438       
  3.883	 -0.740	 13.878       
  6.427	 -1.307	 11.075       
  8.439	  1.763	 10.440       
  7.988	  3.503	 13.755       
  9.460	  3.299	 17.324       
  7.194	  1.357	 19.758       
  4.649	  3.220	 21.760       
  3.620	  2.523	 25.322       
  0.210	  1.015	 25.239       
 -0.773	 -0.427	 28.619       
  1.178	  0.614	 31.672       
  0.930	 -0.595	 35.245       
 -0.793	 -3.800	 34.233       
 -4.278	 -2.224	 33.427       
 -3.887	  1.480	 32.752       
 -4.092	  2.542	 29.052       
 -1.567	  5.145	 27.949       
 -2.713	  8.458	 26.609       
 -4.086	  7.593	 23.174       
 -4.851	  3.881	 23.573       
 -8.524	  3.623	 22.451       
-10.864	  2.212	 25.055       
-11.219	 -1.037	 23.100       
 -7.981	 -2.421	 24.591       
 -7.704	 -3.575	 28.200       
 -5.033	 -5.728	 29.913       
 -4.944	 -7.902	 33.038       
 -3.362	-10.832	 34.899       
 -1.119	-11.324	 37.985       
  2.158	-12.957	 38.884       
  2.684	-15.299	 36.017       
 -0.060	-14.660	 33.431       
 -1.031	-11.305	 31.898       
 -2.933	-10.537	 28.704       
 -3.941	 -7.775	 26.310       
 -7.492	 -8.095	 25.033       
 -9.056	 -6.203	 22.166       
-12.869	 -6.513	 21.992       
-13.667	 -5.215	 18.402       
-10.468	 -5.834	 16.232       
-10.089	 -2.652	 14.211       
 -7.652	 -2.681	 11.257       
 -5.263	 -0.216	 12.963       
 -4.731	 -2.788	 15.759       
 -2.227	 -4.704	 13.587       
  1.196	 -4.441	 14.927       
  3.456	 -6.334	 17.177       
  2.557	 -6.112	 20.846       
  5.359	 -6.654	 23.386       
  5.284	 -7.190	 27.184       
  7.974	 -6.028	 29.668       
  8.417	 -6.701	 33.340       
  9.881	 -3.381	 34.296       
 11.747	 -4.691	 37.268       
 15.267	 -4.506	 38.743       
 16.519	 -5.364	 35.324       
 13.787	 -5.156	 32.759       
 13.225	 -7.788	 30.079       
 10.874	 -7.655	 27.054       
  8.848	-10.554	 25.721       
  9.152	-12.005	 22.174       
  6.080	-10.211	 20.850       
  2.887	-11.339	 19.131       
  2.191	-10.250	 15.547       
 -1.327	 -9.251	 14.681       
 -2.190	 -9.509	 11.018       
 -5.771	 -8.746	  9.684       
 -7.602	-11.445	  7.867       
 -9.001	-11.625	  4.383       
 -9.860	-14.178	  1.780       
 -7.239	-16.500	  0.362       
 -5.882	-14.625	 -2.695       
 -3.768	-16.309	 -5.373       
 -0.345	-14.744	 -6.170       
  0.401	-13.102	 -9.585       
  3.850	-14.638	-10.370       
  6.271	-12.996	-12.902       
  9.838	-13.902	-14.039       
 12.401	-11.544	-15.585       
 15.461	-12.846	-17.404       
 18.959	-11.495	-16.641       
 19.341	 -7.937	-18.070       
 21.966	 -7.256	-20.855       
 23.569	 -4.839	-18.533       
 23.995	 -7.353	-15.642       
 25.259	 -9.949	-18.204       
 27.972	 -7.467	-19.119       
 29.107	 -7.519	-15.424       
 29.452	-11.259	-15.609       
 26.506	-12.296	-13.455       
 23.007	-13.228	-14.127       
 20.048	-12.902	-11.721       
 16.747	-14.363	-12.656       
 14.042	-12.494	-10.720       
 10.556	-13.740	 -9.879       
  7.967	-11.571	 -8.161       
  4.968	-13.408	 -6.640       
  2.673	-10.475	 -5.893       
 -0.549	-10.016	 -3.854       
 -1.450	-13.240	 -1.924       
 -3.110	-14.316	  1.332       
 -2.228	-16.609	  3.417       
  1.399	-15.599	  3.969       
  2.719	-19.082	  3.190       
  3.906	-19.963	 -0.240       
  6.808	-22.374	 -1.130       
  8.791	-21.201	 -4.224       
 10.971	-23.857	 -6.147       
 13.416	-23.382	 -8.959       
 13.979	-25.614	-11.970       
 17.039	-24.777	-14.026       
 16.662	-26.869	-17.209       
 14.129	-29.318	-16.301       
 14.231	-30.541	-12.757       
 16.884	-29.227	-10.443       
 16.913	-26.663	 -7.632       
 19.609	-24.194	 -6.474       
 21.299	-23.178	 -3.183       
 22.055	-19.449	 -3.886       
 18.433	-18.236	 -3.878       
 17.452	-14.992	 -2.028       
 13.895	-14.512	 -0.966       
 12.237	-11.538	  0.646       
  8.641	-11.027	  1.662       
  6.783	 -7.818	  2.201       
  4.783	 -6.913	  5.221       
  0.984	 -7.207	  4.855       
  0.296	 -4.295	  2.311       
 -2.166	 -1.963	  4.275       
 -4.269	 -0.675	  1.287       
 -5.445	 -4.302	  1.351       
 -3.983	 -7.050	  3.460       
 -1.851	 -9.049	  1.127       
  1.706	-10.472	  1.185       
  4.254	-10.340	 -1.771       
  7.516	-12.340	 -2.222       
 10.614	-11.857	 -4.445       
 12.802	-14.880	 -5.240       
 16.180	-14.488	 -6.924       
 18.448	-17.058	 -8.579       
 21.924	-15.611	 -9.021       
 23.951	-17.364	-11.470       
 27.355	-16.668	-12.790       
 27.198	-15.673	-16.518       
 28.592	-18.937	-18.023       
 26.570	-21.165	-15.676       
 23.715	-19.128	-17.123       
 24.606	-19.674	-20.838       
 25.309	-23.391	-20.182       
 21.502	-23.857	-19.759       
 18.093	-22.970	-21.285       
 14.843	-23.285	-19.298       
 14.372	-21.403	-16.003       
 11.185	-21.990	-14.050       
  9.640	-20.420	-10.980       
  6.973	-22.694	 -9.500       
  4.905	-21.529	 -6.644       
  2.805	-23.631	 -4.316       
 -0.011	-21.721	 -2.530       
 -3.125	-22.900	 -0.622       
 -5.267	-21.290	 -3.229       
 -4.197	-23.908	 -5.735       
 -4.119	-27.552	 -5.977       
 -1.449	-27.352	 -8.632       
  1.606	-25.028	 -8.676       
  1.526	-21.791	-10.548       
  4.627	-21.871	-12.871       
  6.285	-19.212	-14.990       
  9.159	-20.246	-17.330       
 11.475	-18.867	-20.006       
 14.181	-20.527	-22.153       
 16.611	-18.537	-24.216       
 19.857	-18.052	-22.580       
 20.947	-19.612	-25.884       
 19.597	-19.245	-29.385       
BRIEF 1BQL H 214              
 11.555	 20.677	 21.798       
 11.460	 16.947	 20.922       
 13.251	 13.677	 21.933       
 15.617	 13.828	 19.034       
 18.496	 11.395	 18.289       
 21.576	 11.232	 16.004       
 21.723	  9.781	 12.541       
 22.659	  6.239	 11.662       
 26.222	  4.995	 12.395       
 28.627	  2.795	 10.458       
 31.677	  1.862	 12.537       
 34.746	 -0.448	 12.522       
 34.668	 -3.363	 14.987       
 36.602	 -2.523	 18.100       
 35.782	  1.234	 18.170       
 33.313	  3.174	 20.329       
 30.432	  5.391	 19.357       
 28.106	  7.959	 21.045       
 24.378	  8.452	 20.332       
 22.776	 11.793	 21.343       
 19.191	 12.354	 22.513       
 18.377	 16.078	 22.438       
 15.607	 15.845	 24.760       
 14.129	 19.199	 24.695       
 11.190	 21.138	 26.106       
 10.745	 20.258	 29.859       
 12.940	 20.395	 32.988       
 15.438	 17.936	 31.741       
 17.120	 17.898	 35.168       
 14.069	 16.196	 36.512       
 13.302	 12.980	 34.534       
 14.979	  9.685	 33.723       
 15.714	  8.948	 30.074       
 15.875	  5.255	 29.322       
 17.648	  3.529	 26.432       
 16.492	  0.374	 24.587       
 18.096	 -1.806	 21.886       
 16.357	 -3.451	 19.047       
 17.886	 -6.172	 17.060       
 15.285	 -6.980	 14.284       
 14.098	-10.616	 14.549       
 14.996	-10.748	 18.268       
 13.318	 -7.465	 19.349       
 13.982	 -5.354	 22.373       
 16.600	 -5.339	 25.177       
 16.653	 -2.609	 27.876       
 20.053	 -1.007	 28.142       
 19.837	  1.345	 31.088       
 18.942	  4.955	 32.077       
 20.212	  8.284	 33.486       
 18.643	 11.084	 35.562       
 20.091	 14.238	 33.914       
 20.278	 16.360	 37.049       
 22.321	 14.060	 39.267       
 24.193	 11.937	 36.789       
 22.679	  8.801	 38.284       
 22.651	  5.777	 36.045       
 21.149	  2.338	 36.238       
 22.286	 -0.342	 33.730       
 21.037	 -3.788	 32.995       
 23.351	 -6.696	 33.940       
 24.283	 -7.319	 30.288       
 25.255	 -3.781	 29.324       
 27.264	 -2.717	 32.348       
 30.749	 -1.986	 30.901       
 29.498	 -1.982	 27.334       
 27.530	  1.191	 27.906       
 28.099	  4.545	 29.724       
 25.621	  7.489	 29.940       
 26.296	 11.190	 30.120       
 24.018	 14.234	 29.914       
 24.930	 17.806	 29.242       
 22.594	 20.047	 31.118       
 23.250	 23.122	 29.011       
 22.254	 21.692	 25.619       
 19.736	 19.281	 27.250       
 21.356	 16.449	 25.480       
 21.907	 12.967	 26.837       
 24.436	 10.613	 25.179       
 25.049	  6.839	 25.282       
 28.471	  5.380	 24.599       
 28.987	  1.888	 23.298       
 32.369	  0.553	 24.071       
 34.263	 -1.850	 21.896       
 31.661	 -2.367	 19.166       
 31.195	 -5.776	 17.571       
 28.815	 -7.110	 14.898       
 26.180	 -8.119	 17.399       
 25.842	 -4.440	 18.376       
 24.148	 -3.561	 15.040       
 20.599	 -2.407	 15.826       
 18.347	  0.517	 16.557       
 18.878	  2.346	 19.863       
 15.886	  4.217	 21.211       
 15.844	  6.866	 24.019       
 12.527	  7.117	 25.812       
 10.546	  8.468	 28.706       
  8.475	  6.315	 30.966       
  7.031	  8.389	 33.760       
  3.476	  9.541	 34.568       
  3.739	 12.912	 32.825       
  5.078	 11.730	 29.401       
  6.275	  8.508	 27.775       
  7.515	  9.519	 24.344       
 10.303	  7.513	 22.738       
 12.718	  8.913	 20.154       
 12.866	  7.440	 16.605       
 16.060	  5.420	 16.783       
 19.619	  5.455	 15.545       
 20.655	  2.394	 13.467       
 24.205	  1.299	 13.865       
 26.073	 -1.031	 11.611       
 29.390	 -2.278	 12.821       
 31.336	 -3.342	  9.755       
 34.724	 -3.363	  8.180       
 32.998	 -3.519	  4.867       
 33.285	 -0.558	  2.425       
 30.626	  1.847	  1.105       
 29.801	  0.217	 -2.136       
 27.496	  2.304	 -4.459       
 24.804	  0.105	 -6.109       
 24.295	 -1.211	 -9.482       
 20.641	 -0.745	-10.776       
 19.378	 -3.336	-13.308       
 15.986	 -2.761	-15.120       
 13.601	 -5.694	-15.093       
 11.497	 -5.731	-18.215       
  9.474	 -8.814	-19.484       
 10.202	 -9.125	-23.256       
  8.015	-12.134	-23.832       
  4.798	-10.517	-22.474       
  2.636	-13.548	-21.907       
 -0.427	-12.006	-20.386       
 -1.277	-13.030	-16.989       
 -3.940	-10.329	-17.616       
 -3.642	 -6.844	-19.311       
 -1.471	 -5.752	-16.449       
  2.285	 -5.276	-16.921       
  4.649	 -5.440	-13.920       
  8.291	 -4.378	-14.419       
 10.804	 -3.667	-11.607       
 14.310	 -2.631	-10.578       
 16.970	 -4.866	 -9.112       
 19.424	 -2.704	 -7.003       
 22.409	 -4.817	 -6.265       
 25.670	 -4.711	 -4.343       
 25.351	 -1.745	 -2.001       
 26.705	 -1.245	  1.460       
 25.413	  0.073	  3.991       
 21.602	  0.360	  4.161       
 19.393	  2.282	  3.166       
 18.482	  2.912	 -0.493       
 15.331	  4.834	 -1.628       
 13.940	  3.406	 -4.819       
 11.170	  5.466	 -6.247       
  9.074	  4.869	 -9.291       
  8.470	  7.420	-11.860       
 10.023	 10.088	 -9.806       
  7.302	  9.864	 -7.197       
  4.162	  9.808	 -9.269       
  3.887	  6.102	 -9.479       
  2.849	  5.269	 -5.993       
 -0.069	  2.948	 -6.442       
  1.162	 -0.562	 -7.307       
  4.672	 -0.241	 -6.142       
  6.301	 -2.893	 -4.006       
  9.844	 -2.402	 -2.666       
 10.945	 -5.597	 -1.021       
 13.385	 -5.334	  1.932       
 17.007	 -5.760	  1.274       
 18.654	 -9.092	  1.822       
 22.340	 -9.251	  2.811       
 24.272	-11.799	  0.907       
 28.128	-11.429	  0.514       
 28.517	 -8.458	  2.941       
 26.341	 -6.523	  0.533       
 22.552	 -5.991	  0.184       
 20.141	 -6.624	 -2.792       
 16.776	 -5.015	 -3.253       
 13.914	 -5.267	 -5.807       
 10.945	 -2.829	 -6.325       
  7.852	 -3.548	 -8.578       
  5.546	 -1.373	-10.499       
  2.331	 -2.439	-12.162       
  0.541	 -0.454	-14.745       
 -2.116	 -1.673	-17.292       
 -0.539	 -3.049	-20.554       
 -1.282	  0.147	-22.456       
  1.275	  2.432	-20.676       
  4.312	  0.260	-21.186       
  5.813	  0.647	-23.646       
  3.848	  3.767	-24.826       
  4.466	  5.999	-21.768       
  7.818	  5.536	-19.933       
  8.485	  4.202	-16.443       
 11.648	  5.271	-14.665       
 12.914	  3.927	-11.283       
 14.863	  6.490	 -9.224       
 17.328	  4.845	 -6.829       
 19.260	  6.834	 -4.241       
 21.853	  5.425	 -1.911       
 22.616	  8.497	  0.257       
 25.695	  6.984	  1.900       
 27.618	  7.044	 -1.382       
 25.894	  9.980	 -3.101       
 24.512	  8.102	 -5.989       
 21.363	  9.061	 -7.806       
 20.301	  6.696	-10.726       
 17.245	  6.661	-12.932       
 16.966	  3.630	-15.162       
 14.195	  3.830	-17.760       
 12.452	  0.438	-18.529       
 12.977	 -0.101	-22.280       
 11.489	 -3.214	-23.849       
