BRIEF 1BVK C 129              
 29.068	 90.365	 66.170  1.155
 28.058	 87.106	 67.696 -0.513
 25.039	 87.551	 69.984 -0.534
 23.671	 85.054	 72.484 -1.231
 20.463	 83.150	 72.069  0.829
 18.959	 84.906	 75.077  1.459
 20.709	 88.064	 74.051  0.040
 19.208	 87.897	 70.557  0.828
 15.936	 86.268	 71.463  1.137
 15.503	 89.403	 73.524 -0.717
 16.060	 91.759	 70.549 -0.757
 13.879	 89.713	 68.228  0.862
 11.334	 89.884	 71.004 -1.024
 11.738	 93.664	 71.175 -2.375
 11.519	 93.750	 67.400 -2.319
  8.129	 92.125	 66.903  0.904
  9.219	 88.652	 66.068 -0.935
  7.438	 86.892	 68.973 -0.390
  4.580	 84.966	 67.496 -0.417
  4.736	 86.881	 64.245 -0.343
  2.522	 85.212	 61.685 -0.556
  1.978	 82.630	 64.423 -0.052
  5.637	 81.774	 64.571 -0.848
  7.018	 81.103	 68.101  0.109
 10.154	 83.087	 69.103  0.172
 12.021	 79.730	 69.276 -0.134
 11.860	 79.610	 65.492  0.435
 13.394	 82.968	 65.004  1.086
 16.302	 82.105	 67.172  0.261
 16.897	 78.641	 65.636  1.476
 17.102	 80.266	 62.239  0.971
 19.806	 82.738	 63.004  0.744
 21.508	 80.025	 64.949 -0.657
 22.136	 77.897	 61.903 -0.130
 22.031	 80.448	 59.111  1.125
 24.431	 82.990	 60.588  1.488
 25.476	 81.230	 63.750 -1.077
 24.624	 84.406	 65.649 -0.398
 26.995	 86.608	 63.606  0.463
 25.902	 89.901	 62.117  1.330
 29.006	 89.999	 59.936 -2.369
 28.133	 86.687	 58.261  0.976
 28.443	 86.617	 54.499 -0.355
 28.131	 83.358	 52.497  0.698
 28.379	 82.688	 48.735 -1.015
 26.143	 80.742	 46.479  0.373
 26.145	 78.842	 43.219 -0.927
 25.259	 81.984	 41.248  0.448
 25.848	 85.691	 41.690 -0.271
 24.205	 85.510	 45.140  1.159
 25.763	 86.278	 48.445 -0.055
 23.600	 85.868	 51.606  0.975
 23.987	 88.643	 54.196  0.841
 23.776	 88.956	 57.963  1.481
 22.349	 87.131	 60.957  1.047
 19.371	 86.077	 58.848  1.142
 21.267	 85.614	 55.619  1.488
 19.163	 87.765	 53.426  1.439
 19.747	 86.996	 49.712  1.255
 21.421	 89.488	 47.322  0.839
 19.225	 88.353	 44.419 -0.545
 15.672	 88.854	 45.714 -0.613
 15.928	 90.861	 48.925  1.177
 18.776	 93.322	 49.396  1.483
 21.170	 94.942	 46.983 -0.208
 24.890	 94.644	 46.586 -0.243
 25.346	 96.021	 43.019 -2.014
 27.243	 92.927	 41.900 -1.880
 24.489	 90.359	 41.580 -1.052
 22.676	 89.545	 38.296 -1.001
 18.931	 90.120	 38.215 -1.911
 18.783	 91.902	 41.550 -0.214
 15.035	 92.446	 42.222 -1.289
 15.779	 93.984	 45.670  1.122
 12.286	 93.325	 47.088 -0.809
 13.206	 94.518	 50.606  1.483
 14.473	 97.725	 49.029 -0.620
 17.735	 97.797	 51.013 -0.146
 21.473	 97.501	 50.463 -0.602
 22.939	 94.228	 51.724  1.460
 25.505	 96.446	 53.455 -0.291
 22.861	 97.543	 55.972 -0.841
 22.383	 93.884	 56.907  0.670
 25.902	 93.270	 58.250 -0.077
 25.247	 95.787	 61.035 -0.180
 25.456	 95.165	 64.756  0.256
 21.726	 96.280	 64.766  0.497
 19.351	 93.533	 63.827  1.069
 16.721	 96.092	 63.058 -1.018
 17.455	 96.346	 59.350 -0.345
 17.501	 92.602	 58.955  0.665
 14.467	 91.890	 61.101  0.328
 12.395	 94.173	 58.896 -2.374
 13.377	 92.632	 55.641  1.476
 12.915	 89.235	 57.381  1.006
  9.378	 90.223	 58.186  0.305
  8.944	 90.981	 54.474 -0.662
  9.834	 87.468	 53.319  0.918
  7.394	 85.723	 55.716 -0.507
  4.266	 86.830	 53.911 -1.004
  1.594	 84.203	 54.277 -0.141
  1.917	 82.382	 57.621 -0.350
  4.212	 79.688	 56.197 -0.259
  6.754	 82.163	 54.958  1.122
  9.396	 80.713	 57.301  0.679
 10.138	 77.741	 55.024 -1.120
 12.291	 80.233	 53.080  0.970
 15.170	 79.852	 55.457  1.212
 17.107	 76.761	 54.390  0.066
 18.609	 76.072	 57.821  0.472
 15.286	 76.655	 59.576  0.945
 13.552	 74.227	 57.241 -2.233
 16.480	 71.786	 57.612 -1.089
 17.296	 71.868	 61.318 -0.715
 14.473	 73.742	 62.983  1.475
 11.074	 72.736	 61.600 -1.075
  9.507	 69.984	 63.636 -0.137
 12.027	 70.171	 66.489 -0.503
 11.778	 71.513	 69.985 -0.741
 12.475	 75.081	 68.732  0.566
 11.374	 76.473	 72.086 -0.069
 14.520	 75.122	 73.658 -0.965
 16.304	 77.969	 72.062  0.052
 14.427	 80.544	 74.094 -0.204
 14.147	 78.435	 77.241 -0.998
 16.219	 79.853	 80.033 -0.656
 16.104	 83.430	 78.757  1.479
 14.603	 85.994	 81.046 -1.690
 11.546	 87.113	 79.029 -0.199
BRIEF 1BVK A 108              
  6.145	 68.387	 85.806       
  3.961	 71.488	 85.560       
  0.388	 70.682	 86.648       
 -2.630	 72.530	 85.403       
 -5.333	 73.618	 87.835       
 -8.507	 74.725	 86.094       
-11.644	 76.102	 87.607       
-14.508	 76.099	 87.875       
-15.490	 72.514	 87.090       
-18.695	 73.775	 85.458       
-20.728	 76.944	 85.237       
-24.136	 78.128	 84.201       
-25.226	 81.390	 82.714       
-27.751	 83.102	 80.409       
-26.980	 83.934	 76.799       
-25.519	 87.382	 76.660       
-23.455	 86.969	 79.786       
-19.653	 86.970	 80.078       
-18.232	 83.853	 81.606       
-14.629	 83.393	 82.584       
-12.668	 80.239	 83.042       
 -9.167	 80.160	 84.496       
 -6.072	 78.003	 84.464       
 -3.469	 78.434	 87.231       
 -0.161	 76.797	 86.383       
  1.943	 74.880	 88.948       
  4.920	 76.649	 87.455       
  5.574	 79.391	 84.982       
  4.561	 78.262	 81.538       
  5.642	 81.504	 79.848       
  2.498	 82.269	 77.828       
  2.643	 78.958	 76.129       
 -0.992	 78.173	 77.145       
 -3.696	 76.870	 74.773       
 -7.509	 76.604	 74.998       
 -9.706	 74.024	 73.256       
-13.496	 73.758	 73.099       
-15.234	 70.359	 73.069       
-18.771	 69.488	 72.176       
-20.256	 66.152	 73.250       
-19.409	 63.612	 70.635       
-16.316	 65.133	 69.029       
-12.652	 65.953	 69.429       
-11.416	 69.112	 71.019       
-10.976	 72.094	 68.701       
 -8.386	 74.844	 68.958       
 -9.566	 78.280	 70.096       
 -6.554	 80.104	 71.415       
 -2.765	 79.701	 71.534       
  0.150	 81.540	 73.088       
 -2.353	 82.841	 75.595       
 -4.176	 85.414	 73.508       
 -3.822	 84.491	 69.931       
 -6.992	 83.005	 68.470       
 -7.358	 80.359	 65.816       
 -8.836	 81.043	 62.433       
-12.565	 81.329	 62.194       
-12.924	 81.532	 65.959       
-15.472	 84.228	 66.856       
-14.415	 87.343	 68.754       
-16.590	 86.490	 71.737       
-13.542	 84.560	 72.877       
-10.418	 85.958	 74.382       
 -7.586	 85.052	 76.625       
 -5.190	 87.023	 78.818       
 -2.618	 85.853	 81.299       
  1.020	 85.656	 82.144       
  3.232	 83.725	 84.479       
  1.044	 81.144	 86.155       
 -2.214	 82.967	 86.018       
 -4.178	 82.530	 82.829       
 -7.800	 83.299	 82.041       
-10.144	 82.692	 79.062       
-13.257	 84.838	 78.406       
-16.414	 84.256	 76.401       
-17.633	 87.840	 76.200       
-21.249	 86.894	 75.292       
-22.406	 83.400	 76.107       
-24.289	 82.184	 73.037       
-26.138	 78.833	 72.512       
-23.278	 77.629	 70.284       
-20.757	 77.981	 73.116       
-22.140	 75.216	 75.251       
-19.291	 72.725	 75.445       
-16.453	 71.861	 77.793       
-13.271	 73.955	 77.712       
 -9.794	 72.793	 78.543       
 -6.343	 74.327	 78.739       
 -3.040	 72.779	 77.985       
  0.389	 74.191	 78.580       
  3.164	 73.864	 76.041       
  6.058	 74.871	 78.265       
  8.536	 71.976	 77.837       
  7.349	 68.437	 78.258       
  5.366	 66.756	 79.471       
  2.223	 68.830	 78.926       
 -0.842	 68.644	 81.085       
 -4.402	 69.658	 80.525       
 -6.550	 71.466	 82.962       
 -9.610	 69.385	 83.874       
-11.840	 71.506	 81.671       
-14.883	 73.507	 82.661       
-18.356	 72.553	 81.418       
-20.162	 75.672	 80.309       
-23.921	 75.547	 80.150       
-27.137	 77.504	 79.755       
-28.917	 78.693	 82.853       
-32.458	 77.350	 83.036       
BRIEF 1BVK B 116              
 -6.296	 68.823	 53.402       
 -5.108	 67.915	 56.939       
 -6.636	 64.595	 58.016       
 -5.927	 62.188	 60.851       
 -7.835	 58.981	 61.478       
 -7.251	 56.612	 64.324       
 -7.848	 52.928	 63.878       
 -7.502	 50.043	 66.274       
 -9.363	 47.426	 68.370       
-12.424	 48.264	 70.445       
-12.151	 45.271	 72.724       
 -8.938	 44.169	 74.371       
 -8.363	 41.529	 77.040       
 -6.448	 42.918	 80.069       
 -2.672	 42.145	 80.400       
 -2.631	 42.165	 76.611       
 -0.989	 44.981	 74.687       
 -2.928	 47.894	 73.193       
 -1.716	 49.039	 69.752       
 -3.673	 51.663	 67.765       
 -2.697	 53.370	 64.461       
 -2.880	 56.979	 63.246       
 -2.773	 57.582	 59.552       
 -2.276	 61.168	 58.369       
 -2.326	 63.110	 55.097       
 -2.105	 66.660	 53.834       
  1.150	 67.404	 55.672       
  4.822	 66.503	 56.182       
  5.584	 63.635	 58.633       
  8.868	 65.344	 59.258       
  7.842	 68.996	 59.748       
  5.092	 68.282	 62.243       
  4.941	 66.074	 65.271       
  2.126	 64.044	 66.688       
  0.614	 63.880	 70.147       
 -1.552	 61.081	 71.496       
 -4.170	 62.099	 74.073       
 -6.833	 59.852	 75.582       
-10.146	 60.479	 77.280       
-12.068	 57.955	 79.432       
-15.768	 57.882	 78.729       
-17.166	 60.758	 80.769       
-13.789	 61.839	 82.165       
-11.348	 64.579	 81.005       
 -8.486	 64.830	 78.511       
 -5.249	 63.043	 79.373       
 -2.048	 63.702	 77.385       
 -0.239	 60.406	 76.644       
  2.790	 61.810	 74.861       
  4.270	 62.865	 71.521       
  6.776	 62.063	 68.791       
  8.561	 65.045	 67.348       
  9.005	 65.740	 63.656       
 12.595	 64.697	 64.186       
 11.677	 61.228	 65.345       
 11.912	 62.082	 69.058       
  9.552	 60.889	 71.825       
  8.343	 62.267	 75.170       
  5.949	 60.398	 77.408       
  3.839	 61.529	 80.325       
  5.737	 60.538	 83.473       
  3.037	 57.998	 84.442       
  2.390	 55.857	 81.342       
  6.071	 56.126	 80.381       
  7.381	 52.633	 81.090       
  4.568	 51.218	 78.937       
  3.914	 53.409	 75.848       
  6.024	 53.133	 72.720       
  5.535	 55.533	 69.829       
  6.423	 54.933	 66.239       
  6.435	 56.762	 62.951       
  6.144	 55.169	 59.574       
  6.817	 57.482	 56.720       
  5.773	 54.519	 54.521       
  2.051	 54.395	 54.955       
  1.966	 57.825	 56.622       
  1.192	 56.557	 59.990       
  2.204	 56.833	 63.607       
  1.762	 53.977	 66.045       
  1.093	 53.904	 69.798       
  1.579	 50.648	 71.712       
  0.191	 50.618	 75.189       
  1.496	 47.577	 77.022       
 -0.323	 45.316	 79.496       
 -3.568	 47.245	 79.732       
 -5.472	 47.173	 82.977       
 -9.068	 48.337	 82.752       
 -8.571	 52.076	 83.149       
 -6.904	 52.156	 79.752       
-10.483	 52.045	 78.569       
-10.807	 55.275	 76.599       
-10.927	 57.134	 73.347       
 -7.457	 57.602	 71.964       
 -6.852	 60.686	 69.896       
 -3.916	 61.570	 67.779       
 -3.461	 65.257	 67.060       
 -1.025	 67.118	 64.881       
  1.223	 69.519	 66.711       
  1.880	 72.801	 64.853       
  4.302	 75.075	 66.658       
  2.992	 74.535	 70.163       
 -0.716	 74.019	 69.566       
 -2.675	 70.866	 68.628       
 -4.454	 72.208	 65.557       
 -5.579	 69.070	 63.770       
 -7.275	 66.300	 65.654       
 -8.357	 62.838	 64.698       
-11.971	 61.724	 65.150       
-11.054	 59.421	 67.976       
-11.448	 55.694	 68.418       
-12.823	 54.009	 71.515       
-10.945	 51.149	 72.997       
-12.196	 49.225	 75.990       
-10.664	 46.400	 78.015       
-13.106	 43.656	 79.008       
-13.411	 41.395	 82.100       
BRIEF 1BVK D 108              
 26.671	 88.080	167.689       
 24.404	 89.558	164.983       
 20.834	 89.865	166.265       
 17.776	 90.002	163.973       
 14.883	 92.492	164.431       
 11.706	 91.634	162.562       
  8.779	 94.004	162.107       
  5.825	 94.079	162.147       
  4.915	 91.513	164.868       
  1.545	 90.505	163.317       
 -0.338	 91.455	160.189       
 -4.020	 91.622	159.496       
 -4.533	 91.640	155.690       
 -7.176	 91.160	152.933       
 -6.719	 88.663	150.024       
 -4.907	 90.025	146.972       
 -3.071	 92.606	149.142       
  0.653	 93.356	149.216       
  2.096	 92.297	152.560       
  5.524	 93.595	153.412       
  7.703	 92.177	156.228       
 11.275	 93.241	157.141       
 14.366	 92.101	159.110       
 17.109	 94.448	160.279       
 20.339	 92.659	160.938       
 22.249	 94.110	163.868       
 25.422	 93.817	161.843       
 26.344	 93.224	158.209       
 25.283	 89.796	157.130       
 26.273	 90.197	153.500       
 23.122	 88.921	151.808       
 23.210	 85.570	153.666       
 19.563	 85.801	154.832       
 16.696	 83.361	154.434       
 12.939	 83.527	154.971       
 10.814	 80.549	156.163       
  7.069	 80.047	156.459       
  5.399	 78.306	159.344       
  1.825	 77.261	159.200       
  0.081	 76.331	162.474       
  1.099	 72.826	163.471       
  4.333	 72.365	161.533       
  8.018	 72.647	160.739       
  9.200	 75.885	159.150       
  9.449	 75.547	155.346       
 12.153	 77.364	153.301       
 10.843	 80.074	151.000       
 13.945	 81.979	150.047       
 17.680	 82.132	150.631       
 20.617	 84.325	149.820       
 18.243	 87.308	150.090       
 16.533	 87.010	146.721       
 16.592	 83.375	145.619       
 13.721	 80.964	146.192       
 13.292	 77.351	146.914       
 11.514	 75.110	144.524       
  7.724	 74.887	144.514       
  7.593	 78.347	146.035       
  4.961	 80.425	144.136       
  6.179	 83.755	142.606       
  4.138	 86.052	144.944       
  7.160	 85.625	147.207       
  9.851	 88.141	146.409       
 12.062	 89.424	149.188       
 14.956	 91.716	148.344       
 17.234	 93.821	150.562       
 20.952	 93.971	151.344       
 23.627	 94.974	153.841       
 21.793	 95.221	157.148       
 18.243	 95.772	155.858       
 16.428	 92.884	154.195       
 12.771	 92.587	153.243       
 10.221	 90.050	152.062       
  6.979	 90.708	150.254       
  3.747	 88.987	149.306       
  2.442	 90.761	146.193       
 -1.100	 89.368	146.393       
 -1.852	 87.963	149.821       
 -3.693	 84.675	149.726       
 -5.475	 81.941	151.747       
 -2.712	 79.286	151.525       
 -0.315	 82.012	152.736       
 -1.648	 82.364	156.296       
  1.159	 81.737	158.804       
  4.169	 83.163	160.655       
  7.215	 84.270	158.666       
 10.693	 83.881	159.967       
 13.950	 85.303	158.809       
 17.390	 84.155	159.825       
 20.881	 85.250	159.080       
 23.685	 82.830	158.018       
 26.744	 85.055	158.333       
 29.174	 83.086	160.491       
 27.796	 81.744	163.789       
 25.879	 81.866	165.899       
 22.932	 82.449	163.597       
 19.892	 84.279	164.901       
 16.258	 83.981	163.820       
 14.224	 87.089	163.396       
 11.318	 87.377	165.735       
  8.800	 86.145	163.105       
  5.723	 87.890	161.628       
  2.188	 86.476	162.058       
  0.199	 87.041	158.878       
 -3.589	 86.696	159.225       
 -6.448	 86.972	156.729       
 -8.459	 90.168	157.022       
-11.706	 89.977	158.961       
BRIEF 1BVK E 116              
 13.828	 60.164	150.546       
 15.656	 62.803	152.575       
 14.428	 62.830	156.071       
 15.211	 63.803	159.590       
 13.258	 62.368	162.518       
 13.857	 63.677	166.028       
 13.090	 61.394	168.952       
 13.181	 61.470	172.745       
 11.332	 61.741	176.146       
  8.366	 64.030	176.492       
  8.631	 64.673	180.172       
 11.960	 65.741	181.622       
 12.417	 66.730	185.316       
 14.326	 69.846	186.266       
 18.049	 69.786	186.986       
 18.093	 66.678	184.831       
 19.467	 66.362	181.356       
 17.158	 65.940	178.460       
 18.698	 64.048	175.617       
 17.241	 63.443	172.202       
 18.263	 61.739	169.000       
 17.647	 62.861	165.395       
 17.536	 60.106	162.760       
 18.418	 61.346	159.283       
 18.201	 59.294	156.128       
 18.849	 59.656	152.470       
 21.916	 61.935	152.799       
 25.465	 61.839	154.179       
 26.316	 63.006	157.636       
 29.715	 63.873	156.266       
 28.315	 65.852	153.348       
 25.937	 68.058	155.228       
 25.942	 69.784	158.573       
 22.955	 69.582	160.906       
 21.224	 72.165	163.111       
 19.027	 71.957	166.117       
 16.390	 74.596	166.542       
 13.540	 74.694	169.039       
 10.414	 76.630	169.528       
  8.975	 77.269	173.045       
  5.139	 76.817	173.009       
  3.465	 79.815	171.439       
  6.865	 81.623	171.386       
  8.935	 81.446	168.116       
 12.097	 79.882	166.602       
 15.420	 79.609	168.530       
 18.802	 78.323	167.236       
 20.643	 75.891	169.454       
 23.699	 74.906	167.397       
 24.986	 72.837	164.515       
 27.332	 70.056	163.716       
 29.041	 70.639	160.363       
 29.674	 67.655	158.159       
 33.310	 67.835	159.276       
 32.454	 67.203	162.935       
 33.076	 70.806	163.890       
 30.457	 72.273	166.180       
 29.065	 75.778	166.726       
 26.681	 76.434	169.640       
 24.580	 79.411	170.456       
 26.184	 81.763	172.918       
 23.671	 81.466	175.766       
 23.173	 77.694	175.755       
 26.875	 77.126	174.924       
 27.821	 76.013	178.476       
 25.286	 73.179	178.654       
 24.486	 71.825	175.165       
 26.209	 69.007	173.311       
 25.961	 67.649	169.797       
 27.143	 64.212	168.715       
 27.272	 62.510	165.348       
 27.098	 58.760	165.012       
 27.763	 57.482	161.565       
 27.160	 53.924	162.913       
 23.344	 54.435	162.631       
 22.938	 57.760	160.867       
 22.121	 60.088	163.639       
 23.168	 63.174	165.459       
 22.653	 63.811	169.183       
 21.794	 66.857	171.313       
 22.082	 66.882	175.057       
 20.849	 69.938	176.948       
 21.665	 69.803	180.647       
 20.453	 71.389	183.890       
 17.086	 71.448	182.258       
 14.971	 74.403	183.429       
 11.317	 75.171	182.642       
 12.452	 77.458	179.872       
 13.683	 74.410	178.082       
 10.193	 73.175	177.204       
  9.729	 73.648	173.507       
  9.356	 71.642	170.324       
 12.849	 70.519	169.233       
 13.619	 70.550	165.561       
 16.345	 68.827	163.699       
 17.162	 70.400	160.333       
 19.629	 69.776	157.499       
 21.912	 72.595	156.461       
 22.739	 72.823	152.832       
 24.969	 75.665	151.850       
 23.635	 78.169	154.386       
 19.939	 77.423	154.146       
 17.991	 74.919	156.304       
 16.458	 72.847	153.566       
 15.068	 69.881	155.469       
 13.382	 69.967	158.850       
 12.137	 67.164	161.024       
  8.499	 66.791	162.117       
  9.430	 68.326	165.502       
  9.313	 67.011	169.094       
  7.763	 68.299	172.325       
  9.876	 68.260	175.451       
  8.261	 69.284	178.647       
 10.209	 69.745	181.873       
  7.721	 69.529	184.718       
  7.148	 69.204	188.448       
BRIEF 1BVK F 129              
 50.386	 83.507	139.190       
 49.448	 82.448	142.692       
 46.355	 84.316	143.781       
 45.391	 85.628	147.212       
 42.241	 84.130	148.793       
 40.375	 87.459	148.705       
 41.911	 88.445	145.375       
 40.371	 85.481	143.613       
 37.069	 85.724	145.471       
 36.840	 89.247	144.194       
 37.660	 87.713	140.818       
 35.142	 84.905	140.713       
 32.609	 87.244	142.280       
 33.024	 89.652	139.428       
 32.685	 86.796	137.010       
 29.226	 85.938	138.399       
 30.177	 82.778	140.302       
 28.516	 83.915	143.550       
 25.374	 81.805	143.937       
 25.812	 80.526	140.479       
 23.329	 77.621	140.425       
 22.750	 77.670	144.176       
 26.413	 77.418	145.101       
 27.531	 80.347	147.278       
 30.736	 82.226	146.645       
 32.980	 80.386	149.068       
 32.461	 77.031	147.376       
 34.431	 78.209	144.385       
 37.314	 79.854	146.310       
 37.581	 76.630	148.275       
 37.706	 74.364	145.232       
 40.559	 76.451	143.728       
 42.578	 76.140	146.934       
 42.563	 72.361	147.024       
 42.700	 72.014	143.283       
 45.128	 74.687	142.066       
 46.292	 75.861	145.416       
 45.685	 79.167	143.740       
 48.272	 78.694	140.970       
 46.934	 79.488	137.499       
 49.724	 77.476	135.944       
 48.845	 74.179	137.632       
 49.129	 71.113	135.506       
 48.583	 67.525	136.614       
 48.383	 64.251	134.579       
 45.699	 61.642	135.224       
 45.809	 57.830	135.172       
 44.352	 58.057	131.664       
 45.158	 60.355	128.733       
 43.381	 63.225	130.481       
 45.377	 66.045	132.043       
 43.852	 68.694	134.348       
 44.767	 72.264	133.689       
 44.896	 75.472	135.620       
 43.325	 77.046	138.657       
 40.144	 74.944	138.511       
 41.824	 71.787	137.133       
 39.604	 71.420	134.053       
 39.952	 68.115	132.214       
 41.446	 67.568	128.751       
 39.360	 64.555	127.681       
 36.025	 66.356	128.104       
 36.093	 70.125	128.208       
 39.353	 71.533	126.770       
 41.902	 70.320	124.223       
 45.588	 69.563	124.891       
 46.038	 67.781	121.543       
 47.555	 64.726	123.269       
 44.615	 63.280	125.213       
 42.470	 60.616	123.396       
 38.671	 60.925	123.159       
 38.886	 64.669	123.724       
 35.291	 65.728	123.543       
 36.361	 69.410	123.930       
 32.844	 70.478	125.091       
 33.978	 73.874	126.307       
 35.568	 74.592	122.857       
 38.899	 75.846	124.126       
 42.468	 74.651	124.240       
 43.543	 73.504	127.642       
 46.387	 75.987	127.307       
 43.903	 78.817	127.181       
 43.497	 78.098	130.911       
 47.123	 78.628	132.154       
 46.807	 82.423	132.369       
 46.561	 85.213	134.954       
 43.084	 85.634	133.561       
 40.552	 83.411	135.167       
 37.962	 84.392	132.544       
 38.614	 81.426	130.335       
 38.581	 79.090	133.330       
 35.509	 80.470	135.029       
 33.353	 80.375	131.858       
 34.174	 76.758	130.976       
 33.465	 76.050	134.662       
 30.034	 77.517	134.150       
 29.559	 75.057	131.292       
 30.255	 72.067	133.570       
 28.053	 73.165	136.480       
 24.736	 72.441	134.790       
 22.579	 71.654	137.829       
 23.140	 71.798	141.600       
 25.336	 68.746	141.831       
 27.337	 70.356	139.120       
 30.120	 70.802	141.645       
 30.656	 67.027	141.956       
 32.813	 67.770	138.906       
 35.704	 68.813	141.172       
 36.821	 65.939	143.353       
 38.703	 68.042	145.923       
 35.661	 70.071	146.581       
 33.558	 66.961	147.029       
 36.267	 65.553	149.243       
 37.373	 68.738	150.967       
 34.703	 71.434	150.820       
 31.342	 69.770	150.729       
 29.712	 70.456	154.073       
 32.300	 72.662	155.741       
 32.258	 76.363	156.597       
 33.039	 77.269	152.967       
 31.905	 80.738	153.908       
 35.220	 80.924	155.783       
 37.039	 81.413	152.543       
 35.463	 84.850	151.920       
 35.007	 86.307	155.376       
 37.368	 89.225	155.737       
 37.502	 90.227	152.125       
 36.664	 93.524	150.580       
 33.735	 92.458	148.420       
