BRIEF 1BZQ A 124              
 -9.797	 10.979	-14.068 -0.991
 -7.790	  8.447	-12.085  0.597
 -9.737	  5.264	-11.334  0.216
 -9.930	  3.530	 -7.964 -0.705
 -7.855	  0.661	 -9.398  0.794
 -5.255	  3.121	-10.729 -1.264
 -5.033	  4.968	 -7.404 -0.429
 -4.364	  1.680	 -5.586  1.130
 -1.554	  0.873	 -8.003 -0.773
 -0.004	  4.327	 -7.651  0.211
 -0.217	  4.519	 -3.847  0.750
  0.670	  0.923	 -3.014  1.196
  2.227	 -1.020	 -5.911  0.420
  6.004	 -1.199	 -6.271  0.281
  6.717	 -4.410	 -8.172 -0.429
 10.156	 -3.149	 -9.324 -2.388
 11.883	 -4.169	 -6.063 -1.128
 11.860	 -7.091	 -3.640 -0.536
 12.197	 -4.828	 -0.600 -0.708
 12.697	 -1.133	  0.206 -2.429
 16.330	 -0.832	 -0.911 -0.544
 17.808	  1.910	  1.267 -0.470
 16.407	  3.465	  4.449 -1.079
 15.405	  6.510	  2.448 -0.300
 12.918	  4.526	  0.369  0.166
  9.792	  6.024	  1.927  1.506
 11.029	  9.611	  1.558  0.900
 11.803	  9.119	 -2.128 -2.268
  8.773	  6.955	 -2.902  0.850
  6.167	  8.807	 -0.811  1.292
  7.161	 12.029	 -2.569 -2.162
  7.511	 10.494	 -6.040 -1.123
  4.009	  8.948	 -6.069  0.440
  2.336	 12.178	 -4.998 -0.732
  1.405	 11.109	 -1.476 -0.172
  2.958	 14.288	 -0.047  0.424
  1.364	 16.753	 -2.480 -0.968
 -1.373	 18.453	 -0.418 -2.447
 -0.021	 17.096	  2.876 -1.109
  2.149	 14.365	  4.366  1.496
  0.093	 11.136	  4.249  1.335
  0.589	  9.752	  7.784 -1.863
  0.988	  6.050	  6.883 -0.613
  1.384	  4.166	  3.598  1.509
  2.268	  0.616	  2.548  1.427
  3.868	 -0.421	 -0.712  1.420
  3.666	 -4.049	 -1.867  1.036
  6.730	 -5.558	 -3.529  1.000
  4.968	 -8.333	 -5.452  0.723
  3.740	 -8.642	 -9.031  0.179
  0.474	 -6.900	 -9.950 -0.081
 -1.142	-10.234	-10.846 -1.073
 -0.355	-11.688	 -7.410 -0.554
 -1.868	 -8.725	 -5.572  1.034
 -4.961	 -8.636	 -7.767 -0.490
 -5.426	-12.360	 -7.025  0.228
 -5.898	-11.481	 -3.335  0.617
 -9.472	-10.520	 -4.277  1.506
-10.167	-14.273	 -4.712 -0.829
 -8.686	-15.361	 -1.395  0.215
 -9.817	-15.058	  2.233 -1.055
-12.891	-12.886	  2.660 -0.193
-12.507	-10.835	  5.854  0.200
-14.178	 -7.763	  7.346 -1.053
-12.395	 -4.478	  6.655  0.722
-11.643	 -2.016	  9.438 -0.210
-14.646	  0.198	  8.568  0.319
-17.136	 -2.696	  8.802  0.389
-17.557	 -3.483	  5.111 -1.259
-17.265	 -7.142	  4.185 -2.198
-15.649	 -6.953	  0.737  0.788
-12.112	 -7.241	  2.150  0.529
 -9.672	-10.007	  1.208  0.658
 -6.657	-11.367	  3.062 -0.311
 -3.794	-12.978	  1.155  1.502
 -3.071	-16.670	  1.697 -1.099
  0.699	-16.223	  1.529  0.198
  2.681	-13.429	  3.169 -1.113
  4.092	-10.680	  0.894  0.899
  6.988	 -8.251	  0.812 -0.587
  5.675	 -4.969	  2.142  0.636
  7.153	 -1.655	  3.259  1.258
  5.461	  0.279	  6.073 -0.381
  5.977	  4.047	  5.718  1.496
  5.349	  6.010	  8.918 -0.395
  5.606	  9.772	  9.334  0.256
  8.298	 10.805	 11.806  0.096
  7.828	 13.551	 14.388 -0.683
 10.322	 15.800	 12.634 -0.186
  8.259	 15.722	  9.437  0.345
  6.261	 18.797	  8.496 -0.636
  4.519	 19.743	  5.255 -0.108
  5.909	 20.306	  2.855  0.793
  9.114	 18.647	  4.076 -0.309
  7.655	 15.183	  4.576  1.506
  9.886	 12.796	  6.475 -1.119
  9.121	  9.088	  6.836  1.500
 10.632	  6.041	  8.488 -0.960
 10.953	  2.942	  6.296  0.461
  9.935	 -0.307	  8.029 -0.803
 10.305	 -3.408	  5.842 -1.790
  8.264	 -6.526	  6.586 -0.792
  6.768	 -9.736	  5.229 -0.854
  3.079	-10.055	  6.156  0.375
 -0.357	-10.970	  4.846 -1.032
 -2.082	 -8.052	  3.134  1.027
 -5.789	 -7.309	  3.548  0.251
 -7.289	 -5.364	  0.640  0.784
-10.726	 -4.033	 -0.275  1.125
-11.844	 -5.213	 -3.695  1.506
-14.456	 -4.019	 -6.141 -0.379
-15.522	 -3.317	 -9.695  0.014
-15.028	 -5.564	-12.755 -0.478
-12.494	 -6.791	-13.273  0.096
-12.621	 -7.396	 -9.524 -0.629
 -9.453	 -5.627	 -8.442  0.784
 -8.035	 -4.137	 -5.245  1.499
 -9.191	 -0.536	 -4.704  1.402
 -7.951	  0.098	 -1.157  1.412
 -5.179	 -1.193	  1.118  0.041
 -6.808	 -2.029	  4.456  1.013
 -4.358	 -3.758	  6.746 -0.471
 -1.363	 -6.041	  7.033  0.237
 -1.502	 -8.956	  9.474  0.717
BRIEF 1BZQ B 124              
 49.739	 10.744	-13.934       
 47.709	 13.248	-11.903       
 49.634	 16.461	-11.193       
 49.916	 18.203	 -7.823       
 47.833	 21.055	 -9.248       
 45.186	 18.618	-10.530       
 44.969	 16.753	 -7.205       
 44.408	 20.089	 -5.402       
 41.552	 20.927	 -7.769       
 39.980	 17.467	 -7.418       
 40.215	 17.288	 -3.620       
 39.355	 20.884	 -2.764       
 37.819	 22.836	 -5.673       
 34.002	 23.017	 -5.940       
 33.324	 26.255	 -7.822       
 29.888	 24.991	 -9.000       
 28.220	 26.051	 -5.723       
 28.286	 28.985	 -3.298       
 27.999	 26.724	 -0.251       
 27.412	 23.054	  0.609       
 23.758	 22.819	 -0.485       
 22.325	 20.034	  1.696       
 23.745	 18.545	  4.905       
 24.694	 15.457	  2.917       
 27.158	 17.394	  0.778       
 30.307	 15.917	  2.352       
 29.034	 12.321	  1.980       
 28.189	 12.809	 -1.694       
 31.231	 14.919	 -2.577       
 33.858	 13.096	 -0.471       
 32.864	  9.832	 -2.155       
 32.462	 11.324	 -5.647       
 35.959	 12.888	 -5.723       
 37.594	  9.625	 -4.673       
 38.605	 10.714	 -1.169       
 37.042	  7.560	  0.299       
 38.548	  5.027	 -2.125       
 41.333	  3.339	 -0.106       
 40.003	  4.715	  3.187       
 37.932	  7.517	  4.672       
 40.019	 10.693	  4.551       
 39.623	 12.117	  8.070       
 39.181	 15.800	  7.157       
 38.780	 17.710	  3.882       
 37.867	 21.248	  2.832       
 36.217	 22.247	 -0.428       
 36.465	 25.862	 -1.620       
 33.369	 27.442	 -3.159       
 35.176	 30.144	 -5.157       
 36.316	 30.429	 -8.768       
 39.568	 28.695	 -9.728       
 41.232	 31.987	-10.659       
 40.495	 33.503	 -7.237       
 41.969	 30.522	 -5.387       
 44.985	 30.455	 -7.700       
 45.581	 34.130	 -6.894       
 46.046	 33.242	 -3.207       
 49.592	 32.242	 -4.211       
 50.372	 35.989	 -4.649       
 48.877	 37.115	 -1.336       
 50.063	 36.827	  2.274       
 53.077	 34.561	  2.642       
 52.803	 32.605	  5.897       
 54.435	 29.534	  7.440       
 52.677	 26.217	  6.763       
 51.858	 23.774	  9.558       
 54.845	 21.555	  8.621       
 57.305	 24.473	  8.841       
 57.649	 25.143	  5.102       
 57.386	 28.826	  4.204       
 55.788	 28.599	  0.771       
 52.279	 28.945	  2.256       
 49.883	 31.747	  1.243       
 46.924	 33.187	  3.137       
 44.020	 34.771	  1.274       
 43.335	 38.473	  1.804       
 39.561	 38.055	  1.689       
 37.584	 35.275	  3.339       
 36.129	 32.516	  1.137       
 33.164	 30.134	  1.049       
 34.489	 26.846	  2.411       
 32.984	 23.545	  3.561       
 34.810	 21.609	  6.274       
 34.216	 17.860	  6.085       
 34.869	 15.882	  9.269       
 34.606	 12.117	  9.724       
 31.871	 11.122	 12.188       
 32.355	  8.419	 14.840       
 29.848	  6.153	 13.107       
 31.865	  6.243	  9.870       
 33.825	  3.142	  8.915       
 35.495	  2.195	  5.640       
 34.062	  1.553	  3.296       
 30.892	  3.272	  4.490       
 32.403	  6.722	  4.940       
 30.217	  9.119	  6.911       
 31.010	 12.828	  7.249       
 29.557	 15.918	  8.893       
 29.174	 18.990	  6.694       
 30.273	 22.239	  8.394       
 29.903	 25.330	  6.169       
 31.929	 28.471	  6.893       
 33.490	 31.636	  5.496       
 37.174	 31.953	  6.396       
 40.603	 32.815	  5.018       
 42.274	 29.878	  3.293       
 45.972	 29.089	  3.700       
 47.431	 27.147	  0.763       
 50.853	 25.758	 -0.176       
 51.958	 26.964	 -3.590       
 54.491	 25.671	 -6.066       
 55.522	 24.989	 -9.638       
 55.034	 27.203	-12.702       
 52.544	 28.488	-13.232       
 52.656	 29.072	 -9.473       
 49.493	 27.365	 -8.281       
 48.078	 25.872	 -5.091       
 49.200	 22.258	 -4.563       
 48.042	 21.621	 -0.988       
 45.302	 22.952	  1.290       
 46.975	 23.804	  4.616       
 44.556	 25.544	  6.932       
 41.605	 27.891	  7.216       
 41.804	 30.823	  9.629       
BRIEF 1BZQ C 124              
 30.328	 18.735	 37.862       
 27.588	 20.460	 35.844       
 24.682	 18.119	 35.056       
 23.009	 17.684	 31.668       
 19.874	 19.347	 33.087       
 21.889	 22.291	 34.455       
 23.744	 22.738	 31.152       
 20.385	 22.925	 29.324       
 19.203	 25.615	 31.734       
 22.384	 27.666	 31.426       
 22.641	 27.479	 27.620       
 18.943	 27.901	 26.740       
 16.796	 29.091	 29.674       
 16.088	 32.815	 30.066       
 12.801	 33.032	 31.977       
 13.575	 36.598	 33.163       
 12.303	 38.169	 29.908       
  9.431	 37.801	 27.434       
 11.659	 38.407	 24.415       
 15.231	 39.484	 23.626       
 14.997	 43.114	 24.774       
 17.504	 44.981	 22.596       
 19.258	 43.831	 19.418       
 22.444	 43.222	 21.395       
 20.812	 40.519	 23.494       
 22.703	 37.606	 21.913       
 26.084	 39.338	 22.304       
 25.505	 40.031	 25.996       
 23.760	 36.722	 26.743       
 25.970	 34.413	 24.669       
 29.029	 35.839	 26.406       
 27.460	 35.936	 29.877       
 26.400	 32.252	 29.894       
 29.856	 31.096	 28.802       
 28.948	 30.022	 25.284       
 31.864	 32.041	 23.890       
 34.536	 30.775	 26.309       
 36.634	 28.335	 24.255       
 35.102	 29.507	 20.962       
 32.082	 31.245	 19.441       
 29.206	 28.718	 19.526       
 27.742	 29.027	 16.020       
 24.028	 28.970	 16.911       
 22.067	 29.009	 20.164       
 18.435	 29.423	 21.219       
 17.161	 30.887	 24.473       
 13.642	 30.089	 25.686       
 11.641	 32.912	 27.264       
  9.227	 30.714	 29.195       
  9.072	 29.504	 32.783       
 11.195	 26.489	 33.693       
  8.137	 24.409	 34.563       
  6.551	 24.957	 31.146       
  9.732	 23.934	 29.313       
 10.222	 20.872	 31.512       
  6.617	 19.885	 30.675       
  7.598	 19.593	 27.004       
  9.047	 16.190	 27.955       
  5.423	 14.937	 28.329       
  4.167	 16.320	 25.024       
  4.614	 15.219	 21.420       
  7.251	 12.520	 21.014       
  9.183	 13.171	 17.778       
 12.459	 11.951	 16.272       
 15.513	 14.118	 17.017       
 17.839	 15.355	 14.257       
 20.439	 12.661	 15.017       
 17.928	  9.784	 14.849       
 17.222	  9.283	 18.562       
 13.535	  9.047	 19.455       
 13.479	 10.636	 22.914       
 12.688	 14.081	 21.479       
  9.624	 16.084	 22.513       
  7.822	 18.856	 20.608       
  5.838	 21.476	 22.535       
  2.085	 21.687	 21.975       
  1.973	 25.484	 22.170       
  4.490	 27.831	 20.571       
  7.009	 29.593	 22.842       
  8.988	 32.830	 23.040       
 12.415	 31.970	 21.633       
 15.496	 33.944	 20.569       
 17.698	 32.526	 17.803       
 21.327	 33.605	 18.070       
 23.379	 33.240	 14.884       
 27.078	 34.058	 14.494       
 27.755	 36.915	 12.091       
 30.490	 36.832	  9.442       
 32.358	 39.598	 11.246       
 32.559	 37.526	 14.429       
 35.871	 35.929	 15.341       
 37.004	 34.383	 18.612       
 37.434	 35.813	 21.000       
 35.326	 38.755	 19.822       
 32.111	 36.813	 19.302       
 29.448	 38.713	 17.388       
 25.880	 37.440	 17.020       
 22.640	 38.485	 15.342       
 19.529	 38.378	 17.536       
 16.469	 36.893	 15.800       
 13.323	 36.841	 17.952       
 10.532	 34.368	 17.218       
  7.546	 32.424	 18.533       
  7.766	 28.735	 17.599       
  7.363	 25.181	 18.869       
 10.494	 23.893	 20.552       
 11.713	 20.324	 20.167       
 13.871	 19.115	 23.063       
 15.644	 15.870	 23.947       
 14.635	 14.597	 27.361       
 16.214	 12.159	 29.772       
 17.022	 11.131	 33.320       
 14.681	 11.382	 36.333       
 13.131	 13.666	 36.947       
 12.565	 13.467	 33.181       
 13.859	 16.855	 32.078       
 15.160	 18.520	 28.922       
 18.896	 17.886	 28.388       
 19.372	 19.164	 24.835       
 17.718	 21.778	 22.610       
 17.144	 20.078	 19.244       
 15.082	 22.283	 16.961       
 12.395	 24.925	 16.687       
  9.494	 24.407	 14.258       
BRIEF 1BZQ D 124              
 30.949	 12.059	 37.921       
 33.678	 10.280	 35.930       
 36.620	 12.586	 35.186       
 38.299	 12.960	 31.794       
 41.407	 11.349	 33.320       
 39.349	  8.440	 34.670       
 37.548	  7.934	 31.341       
 40.905	  7.684	 29.557       
 42.080	  5.061	 32.040       
 38.869	  3.043	 31.701       
 38.697	  3.083	 27.901       
 42.390	  2.650	 27.068       
 44.465	  1.526	 30.064       
 45.171	 -2.207	 30.414       
 48.430	 -2.435	 32.374       
 47.670	 -5.973	 33.648       
 48.887	 -7.570	 30.384       
 51.822	 -7.261	 27.989       
 49.624	 -7.884	 24.945       
 46.054	 -8.955	 24.126       
 46.269	-12.576	 25.310       
 43.715	-14.421	 23.165       
 42.073	-13.284	 19.931       
 38.864	-12.702	 21.875       
 40.451	 -9.940	 23.956       
 38.617	 -7.036	 22.303       
 35.206	 -8.731	 22.656       
 35.731	 -9.412	 26.357       
 37.483	 -6.114	 27.098       
 35.331	 -3.786	 24.956       
 32.265	 -5.235	 26.695       
 33.768	 -5.283	 30.195       
 34.860	 -1.611	 30.160       
 31.435	 -0.381	 29.056       
 32.360	  0.610	 25.496       
 29.448	 -1.420	 24.118       
 26.779	 -0.065	 26.491       
 24.709	  2.332	 24.359       
 26.302	  1.190	 21.092       
 29.328	 -0.615	 19.669       
 32.240	  1.854	 19.739       
 33.702	  1.484	 16.248       
 37.403	  1.594	 17.164       
 39.317	  1.522	 20.453       
 42.941	  1.166	 21.572       
 44.151	 -0.302	 24.845       
 47.684	  0.462	 26.070       
 49.587	 -2.353	 27.780       
 52.087	 -0.202	 29.649       
 52.294	  1.155	 33.183       
 50.054	  4.135	 34.005       
 53.111	  6.236	 34.921       
 54.717	  5.559	 31.520       
 51.569	  6.617	 29.648       
 51.082	  9.715	 31.771       
 54.720	 10.622	 30.992       
 53.768	 10.920	 27.311       
 52.321	 14.357	 28.150       
 55.934	 15.573	 28.606       
 57.232	 14.168	 25.337       
 56.805	 15.205	 21.698       
 54.224	 17.941	 21.206       
 52.302	 17.205	 17.991       
 49.035	 18.417	 16.453       
 45.991	 16.254	 17.191       
 43.654	 15.065	 14.439       
 41.096	 17.786	 15.203       
 43.629	 20.642	 14.940       
 44.295	 21.184	 18.646       
 47.946	 21.458	 19.571       
 47.980	 19.865	 23.014       
 48.737	 16.365	 21.684       
 51.820	 14.385	 22.730       
 53.618	 11.581	 20.938       
 55.562	  8.978	 22.894       
 59.316	  8.731	 22.386       
 59.403	  4.948	 22.631       
 56.907	  2.607	 21.022       
 54.415	  0.824	 23.299       
 52.352	 -2.343	 23.511       
 48.942	 -1.507	 22.061       
 45.856	 -3.467	 20.980       
 43.742	 -2.038	 18.132       
 40.088	 -3.087	 18.407       
 38.055	 -2.746	 15.215       
 34.368	 -3.541	 14.762       
 33.713	 -6.442	 12.377       
 30.965	 -6.376	  9.729       
 29.055	 -9.109	 11.545       
 28.860	 -7.010	 14.709       
 25.555	 -5.398	 15.581       
 24.361	 -3.779	 18.783       
 23.920	 -5.160	 21.193       
 26.009	 -8.154	 20.106       
 29.235	 -6.224	 19.591       
 31.904	 -8.151	 17.709       
 35.480	 -6.924	 17.349       
 38.734	 -7.991	 15.742       
 41.816	 -7.889	 17.997       
 44.905	 -6.441	 16.253       
 48.046	 -6.409	 18.433       
 50.841	 -3.939	 17.676       
 53.828	 -2.015	 18.979       
 53.564	  1.670	 18.026       
 54.055	  5.245	 19.222       
 50.930	  6.555	 20.977       
 49.677	 10.120	 20.435       
 47.527	 11.414	 23.301       
 45.722	 14.655	 24.133       
 46.762	 15.955	 27.537       
 45.196	 18.431	 29.911       
 44.340	 19.518	 33.433       
 46.629	 19.320	 36.491       
 48.157	 16.994	 37.125       
 48.766	 17.150	 33.380       
 47.498	 13.750	 32.298       
 46.168	 12.045	 29.175       
 42.455	 12.687	 28.570       
 42.028	 11.344	 25.041       
 43.668	  8.706	 22.852       
 44.304	 10.383	 19.491       
 46.390	  8.156	 17.251       
 49.095	  5.525	 17.054       
 51.964	  5.976	 14.611       
BRIEF 1BZQ K 124              
 63.165	 17.784	 33.286       
 62.063	 20.784	 31.238       
 62.045	 24.184	 32.923       
 60.373	 27.311	 31.573       
 62.355	 30.383	 32.644       
 60.806	 33.835	 32.596       
 62.409	 37.224	 33.052       
 61.683	 40.915	 32.618       
 59.268	 41.495	 35.498       
 59.381	 44.845	 37.237       
 57.534	 47.683	 38.907       
 56.679	 50.572	 36.589       
 54.617	 53.738	 36.470       
 51.182	 53.819	 34.851       
 51.786	 54.386	 31.143       
 55.279	 52.867	 31.036       
 56.655	 49.749	 29.350       
 58.043	 46.349	 30.288       
 59.299	 43.389	 28.251       
 58.651	 39.821	 29.421       
 60.918	 37.009	 28.245       
 60.474	 33.240	 28.387       
 62.580	 30.350	 27.110       
 62.043	 26.639	 27.545       
 65.235	 24.823	 28.508       
 65.663	 21.072	 28.134       
 62.893	 20.339	 25.608       
 64.012	 18.295	 22.611       
 61.311	 19.555	 20.230       
 59.436	 22.791	 19.527       
 56.227	 23.506	 21.453       
 53.571	 24.415	 18.895       
 51.939	 26.951	 21.200       
 53.529	 29.201	 23.793       
 51.625	 31.984	 25.536       
 51.248	 34.261	 28.547       
 48.691	 33.988	 31.348       
 48.333	 36.311	 34.352       
 46.742	 36.211	 37.784       
 45.773	 39.327	 39.778       
 45.879	 38.977	 43.565       
 42.941	 36.892	 44.700       
 41.422	 36.535	 41.207       
 41.584	 33.614	 38.807       
 44.351	 33.147	 36.244       
 43.498	 34.489	 32.784       
 45.064	 34.232	 29.334       
 46.940	 37.271	 28.028       
 48.415	 36.320	 24.660       
 49.548	 33.264	 22.686       
 51.356	 32.414	 19.459       
 52.245	 29.296	 17.486       
 55.706	 28.199	 16.356       
 55.272	 29.448	 12.795       
 54.583	 33.131	 12.103       
 51.570	 32.798	 14.360       
 47.980	 31.972	 15.176       
 48.104	 34.957	 17.491       
 45.422	 35.583	 20.109       
 45.061	 38.435	 22.617       
 42.754	 39.015	 25.581       
 40.343	 41.928	 24.968       
 41.952	 44.029	 27.718       
 45.446	 44.089	 26.156       
 44.769	 44.231	 22.413       
 46.682	 47.164	 20.924       
 48.954	 47.695	 23.948       
 50.759	 44.364	 24.358       
 52.707	 42.520	 21.661       
 53.671	 38.841	 21.731       
 56.468	 37.368	 19.617       
 58.369	 34.115	 19.224       
 61.664	 33.221	 17.527       
 60.338	 31.174	 14.580       
 60.853	 27.503	 15.346       
 62.266	 27.997	 18.861       
 60.905	 27.560	 22.404       
 60.898	 31.245	 23.360       
 58.102	 33.766	 23.893       
 58.300	 37.532	 24.388       
 55.661	 39.989	 25.572       
 56.245	 43.681	 24.876       
 53.955	 45.546	 27.279       
 53.329	 49.182	 26.335       
 51.043	 51.747	 27.994       
 50.858	 49.707	 31.159       
 48.011	 50.465	 33.520       
 47.182	 49.660	 37.138       
 44.794	 46.934	 35.909       
 47.744	 44.997	 34.440       
 49.323	 44.517	 37.887       
 49.618	 40.762	 38.324       
 52.019	 37.839	 38.274       
 52.539	 36.791	 34.667       
 53.165	 33.168	 33.753       
 54.762	 31.699	 30.636       
 53.238	 28.458	 29.380       
 53.985	 25.979	 26.604       
 52.524	 22.988	 24.803       
 48.856	 23.935	 25.024       
 46.265	 25.317	 22.634       
 45.302	 28.939	 21.957       
 44.442	 30.489	 25.349       
 42.903	 27.349	 26.841       
 44.560	 27.282	 30.265       
 43.716	 23.600	 30.939       
 45.594	 22.476	 27.805       
 48.962	 23.906	 28.971       
 51.134	 21.422	 30.875       
 54.359	 23.399	 31.140       
 54.206	 26.480	 33.363       
 56.717	 29.150	 34.317       
 57.085	 29.983	 38.012       
 55.754	 33.516	 37.572       
 57.036	 37.067	 37.302       
 55.473	 39.971	 39.193       
 54.586	 42.981	 37.043       
 53.289	 45.912	 39.084       
 52.035	 49.172	 37.638       
 51.489	 52.101	 39.993       
 48.767	 54.684	 39.490       
 49.631	 58.176	 38.288       
 47.594	 59.847	 41.049       
 48.370	 58.875	 44.661       
BRIEF 1BZQ L 124              
-11.385	-21.817	 -9.600       
-14.522	-21.106	 -7.577       
-17.883	-21.582	 -9.296       
-21.204	-20.277	 -8.001       
-23.956	-22.691	 -9.109       
-27.578	-21.609	 -9.130       
-30.747	-23.628	 -9.605       
-34.509	-23.455	 -9.222       
-35.361	-21.087	-12.068       
-38.643	-21.621	-13.854       
-41.707	-20.215	-15.528       
-44.714	-19.712	-13.255       
-48.151	-18.127	-13.142       
-48.685	-14.717	-11.540       
-49.173	-15.394	 -7.836       
-47.240	-18.667	 -7.709       
-43.962	-19.589	 -6.026       
-40.396	-20.532	 -6.901       
-37.300	-21.349	 -4.831       
-33.835	-20.255	 -5.955       
-30.752	-22.134	 -4.773       
-27.084	-21.228	 -4.901       
-23.950	-22.879	 -3.566       
-20.333	-21.889	 -3.929       
-18.115	-24.798	 -4.932       
-14.340	-24.732	 -4.474       
-14.025	-21.882	 -1.938       
-11.897	-22.716	  1.093       
-13.521	-20.238	  3.497       
-17.001	-18.837	  4.085       
-18.094	-15.744	  2.170       
-19.414	-13.252	  4.746       
-22.116	-11.935	  2.410       
-24.094	-13.850	 -0.181       
-27.067	-12.269	 -1.953       
-29.300	-12.209	 -5.029       
-29.361	 -9.625	 -7.815       
-31.688	 -9.569	-10.847       
-31.749	 -7.963	-14.281       
-34.959	 -7.391	-16.281       
-34.562	 -7.449	-20.063       
-32.855	 -4.278	-21.197       
-32.751	 -2.681	-17.721       
-29.895	 -2.493	-15.239       
-29.046	 -5.202	-12.706       
-30.571	 -4.528	 -9.253       
-30.135	 -6.076	 -5.798       
-32.938	 -8.283	 -4.497       
-31.807	 -9.639	 -1.134       
-28.650	-10.415	  0.852       
-27.625	-12.056	  4.115       
-24.393	-12.586	  6.038       
-22.890	-15.873	  7.203       
-24.200	-15.606	 10.755       
-27.954	-15.442	 11.418       
-28.041	-12.389	  9.173       
-27.653	 -8.714	  8.368       
-30.576	 -9.270	  6.031       
-31.568	 -6.646	  3.476       
-34.341	 -6.678	  0.867       
-35.214	 -4.423	 -2.071       
-38.438	 -2.431	 -1.515       
-40.274	 -4.300	 -4.297       
-39.882	 -7.768	 -2.729       
-40.175	 -7.137	  1.009       
-42.837	 -9.438	  2.463       
-42.984	-11.723	 -0.589       
-39.447	-13.087	 -0.957       
-37.399	-14.758	  1.775       
-33.629	-15.248	  1.727       
-31.837	-17.866	  3.818       
-28.343	-19.274	  4.265       
-27.020	-22.421	  5.947       
-25.249	-20.887	  8.994       
-21.521	-20.893	  8.231       
-21.817	-22.350	  4.706       
-21.466	-20.948	  1.173       
-25.126	-21.404	  0.229       
-27.976	-18.950	 -0.391       
-31.680	-19.625	 -0.933       
-34.474	-17.366	 -2.141       
-38.053	-18.442	 -1.501       
-40.166	-16.393	 -3.922       
-43.874	-16.264	 -3.006       
-46.714	-14.336	 -4.657       
-44.672	-13.857	 -7.798       
-45.768	-11.123	-10.151       
-45.065	-10.206	-13.770       
-42.712	 -7.466	-12.504       
-40.413	-10.130	-11.023       
-39.662	-11.632	-14.458       
-35.901	-11.434	-14.878       
-32.662	-13.392	-14.801       
-31.618	-13.788	-11.175       
-27.937	-13.926	-10.227       
-26.334	-15.302	 -7.083       
-23.339	-13.372	 -5.763       
-20.783	-13.812	 -2.993       
-18.005	-11.970	 -1.168       
-19.468	 -8.477	 -1.350       
-21.232	 -6.114	  1.032       
-24.965	 -5.635	  1.657       
-26.562	 -4.958	 -1.757       
-23.611	 -3.054	 -3.192       
-23.313	 -4.534	 -6.678       
-19.741	 -3.323	 -7.270       
-18.452	 -5.063	 -4.115       
-19.331	 -8.587	 -5.313       
-16.596	-10.378	 -7.243       
-18.126	-13.855	 -7.475       
-21.154	-14.055	 -9.778       
-23.446	-16.942	-10.725       
-24.223	-17.383	-14.423       
-27.907	-16.539	-14.004       
-31.251	-18.312	-13.790       
-34.282	-17.121	-15.713       
-37.453	-16.670	-13.644       
-40.498	-15.763	-15.739       
-43.897	-14.917	-14.269       
-46.840	-14.770	-16.659       
-49.792	-12.434	-16.254       
-53.147	-13.695	-14.990       
-55.055	-11.960	-17.806       
-53.938	-12.564	-21.410       
BRIEF 1BZQ M 124              
 -1.904	 12.459	 33.464       
 -0.588	  9.516	 31.423       
 -0.630	  6.106	 33.125       
  1.167	  3.031	 31.805       
 -0.687	 -0.090	 32.947       
  0.859	 -3.515	 32.819       
 -0.580	 -6.950	 33.409       
  0.140	-10.630	 32.911       
  2.589	-11.108	 35.774       
  2.597	-14.445	 37.560       
  4.501	-17.278	 39.196       
  5.418	-20.134	 36.845       
  7.622	-23.234	 36.786       
 10.994	-23.310	 35.106       
 10.400	-23.843	 31.397       
  6.863	-22.415	 31.300       
  5.464	-19.299	 29.629       
  3.893	-15.983	 30.558       
  2.650	-13.031	 28.528       
  3.137	 -9.440	 29.670       
  0.814	 -6.680	 28.507       
  1.105	 -2.907	 28.683       
 -1.024	 -0.065	 27.375       
 -0.555	  3.667	 27.731       
 -3.772	  5.391	 28.796       
 -4.306	  9.110	 28.269       
 -1.501	  9.977	 25.818       
 -2.667	 11.943	 22.811       
  0.018	 10.740	 20.401       
  1.916	  7.535	 19.740       
  5.165	  6.883	 21.616       
  7.830	  6.008	 19.028       
  9.526	  3.519	 21.350       
  8.040	  1.274	 23.996       
  9.989	 -1.491	 25.699       
 10.413	 -3.743	 28.719       
 13.024	 -3.384	 31.470       
 13.416	 -5.696	 34.502       
 15.024	 -5.532	 37.944       
 16.078	 -8.636	 39.908       
 16.070	 -8.420	 43.711       
 18.928	 -6.158	 44.788       
 20.471	 -5.727	 41.322       
 20.174	 -2.857	 38.870       
 17.337	 -2.408	 36.386       
 18.217	 -3.731	 32.931       
 16.594	 -3.589	 29.489       
 14.803	 -6.691	 28.198       
 13.305	 -5.748	 24.817       
 12.045	 -2.732	 22.857       
 10.216	 -1.941	 19.622       
  9.243	  1.156	 17.633       
  5.741	  2.131	 16.547       
  6.206	  0.906	 12.983       
  6.942	 -2.780	 12.298       
  9.984	 -2.336	 14.519       
 13.580	 -1.451	 15.323       
 13.485	 -4.398	 17.670       
 16.194	 -4.953	 20.266       
 16.652	 -7.805	 22.766       
 19.030	 -8.290	 25.692       
 21.494	-11.175	 25.121       
 19.947	-13.292	 27.906       
 16.453	-13.464	 26.351       
 17.115	-13.606	 22.602       
 15.229	-16.572	 21.140       
 13.043	-17.085	 24.229       
 11.086	-13.853	 24.584       
  9.147	-12.017	 21.888       
  8.088	 -8.374	 21.942       
  5.227	 -6.981	 19.868       
  3.267	 -3.771	 19.450       
 -0.052	 -2.969	 17.765       
  1.172	 -0.921	 14.791       
  0.628	  2.760	 15.592       
 -0.795	  2.238	 19.097       
  0.593	  2.715	 22.619       
  0.687	 -0.963	 23.571       
  3.555	 -3.398	 24.155       
  3.456	 -7.170	 24.636       
  6.163	 -9.580	 25.804       
  5.618	-13.293	 25.128       
  7.978	-15.070	 27.552       
  8.703	-18.691	 26.587       
 11.047	-21.201	 28.223       
 11.170	-19.188	 31.420       
 14.113	-19.845	 33.721       
 14.856	-19.007	 37.367       
 17.214	-16.231	 36.186       
 14.216	-14.386	 34.675       
 12.622	-13.925	 38.120       
 12.249	-10.165	 38.519       
  9.791	 -7.283	 38.512       
  9.252	 -6.252	 34.895       
  8.486	 -2.665	 33.925       
  6.871	 -1.278	 30.802       
  8.271	  2.036	 29.550       
  7.494	  4.472	 26.754       
  8.853	  7.500	 24.943       
 12.536	  6.610	 25.124       
 15.192	  5.314	 22.740       
 16.217	  1.704	 22.045       
 17.106	  0.174	 25.442       
 18.560	  3.310	 26.957       
 17.080	  3.406	 30.434       
 17.700	  7.106	 31.037       
 15.801	  8.154	 27.879       
 12.454	  6.725	 29.062       
 10.241	  9.145	 30.999       
  7.088	  7.029	 31.212       
  7.369	  4.016	 33.542       
  4.863	  1.326	 34.538       
  4.551	  0.463	 38.244       
  5.907	 -3.054	 37.670       
  4.700	 -6.653	 37.597       
  6.367	 -9.509	 39.445       
  7.315	-12.532	 37.345       
  8.649	-15.415	 39.438       
 10.067	-18.592	 37.920       
 10.584	-21.572	 40.243       
 13.431	-24.033	 39.695       
 12.604	-27.563	 38.611       
 14.728	-29.193	 41.324       
 13.990	-28.258	 44.948       
BRIEF 1BZQ N 124              
 51.871	 43.618	 -9.778       
 54.979	 42.739	 -7.750       
 58.343	 43.153	 -9.466       
 61.622	 41.719	 -8.195       
 64.473	 43.996	 -9.310       
 68.064	 42.830	 -9.287       
 71.287	 44.708	 -9.874       
 75.040	 44.435	 -9.478       
 75.788	 42.061	-12.316       
 79.110	 42.425	-14.076       
 82.145	 40.909	-15.741       
 85.122	 40.312	-13.470       
 88.482	 38.561	-13.392       
 88.955	 35.199	-11.721       
 89.446	 35.890	 -8.008       
 87.568	 39.215	 -7.996       
 84.383	 40.316	 -6.215       
 80.845	 41.363	 -7.138       
 77.789	 42.285	 -5.054       
 74.281	 41.347	 -6.196       
 71.258	 43.221	 -4.899       
 67.549	 42.549	 -5.134       
 64.479	 44.312	 -3.799       
 60.831	 43.404	 -4.121       
 58.700	 46.369	 -5.164       
 54.956	 46.439	 -4.596       
 54.462	 43.552	 -2.122       
 52.409	 44.509	  0.905       
 53.986	 42.062	  3.358       
 57.414	 40.540	  3.964       
 58.421	 37.400	  2.065       
 59.616	 34.884	  4.677       
 62.267	 33.477	  2.328       
 64.333	 35.235	 -0.311       
 67.255	 33.589	 -2.085       
 69.540	 33.434	 -5.116       
 69.480	 30.817	 -7.873       
 71.795	 30.620	-10.901       
 71.765	 28.991	-14.331       
 74.950	 28.288	-16.315       
 74.703	 28.297	-20.113       
 72.831	 25.161	-21.161       
 72.606	 23.634	-17.677       
 69.731	 23.566	-15.215       
 69.028	 26.363	-12.733       
 70.483	 25.684	 -9.284       
 70.111	 27.259	 -5.840       
 72.957	 29.436	 -4.589       
 71.908	 30.858	 -1.221       
 68.768	 31.686	  0.778       
 67.810	 33.446	  4.004       
 64.608	 34.073	  5.970       
 63.246	 37.436	  7.084       
 64.532	 37.137	 10.645       
 68.290	 36.884	 11.269       
 68.232	 33.774	  9.100       
 67.774	 30.104	  8.308       
 70.690	 30.543	  5.947       
 71.554	 27.899	  3.376       
 74.404	 27.784	  0.841       
 75.122	 25.458	 -2.098       
 78.315	 23.433	 -1.488       
 80.162	 25.169	 -4.346       
 79.908	 28.647	 -2.807       
 80.203	 28.045	  0.939       
 82.933	 30.296	  2.350       
 83.131	 32.517	 -0.747       
 79.646	 34.003	 -1.086       
 77.652	 35.789	  1.621       
 73.895	 36.361	  1.596       
 72.195	 39.069	  3.649       
 68.761	 40.639	  4.048       
 67.585	 43.824	  5.778       
 65.727	 42.350	  8.779       
 61.999	 42.417	  8.028       
 62.357	 43.882	  4.521       
 61.947	 42.460	  1.001       
 65.598	 42.775	 -0.008       
 68.373	 40.219	 -0.569       
 72.105	 40.777	 -1.081       
 74.811	 38.389	 -2.309       
 78.436	 39.427	 -1.687       
 80.467	 37.255	 -4.073       
 84.176	 37.006	 -3.194       
 86.921	 34.950	 -4.820       
 84.921	 34.564	 -7.996       
 85.891	 31.709	-10.282       
 85.157	 30.790	-13.902       
 82.675	 28.165	-12.666       
 80.500	 30.927	-11.161       
 79.822	 32.401	-14.626       
 76.022	 32.330	-14.996       
 72.848	 34.389	-14.966       
 71.822	 34.873	-11.331       
 68.163	 35.137	-10.345       
 66.580	 36.607	 -7.235       
 63.515	 34.802	 -5.891       
 61.015	 35.356	 -3.093       
 58.244	 33.593	 -1.187       
 59.543	 30.049	 -1.402       
 61.215	 27.663	  1.021       
 64.920	 27.049	  1.627       
 66.531	 26.309	 -1.758       
 63.557	 24.497	 -3.227       
 63.249	 25.930	 -6.725       
 59.641	 24.814	 -7.272       
 58.413	 26.630	 -4.134       
 59.401	 30.131	 -5.312       
 56.717	 31.972	 -7.284       
 58.366	 35.393	 -7.546       
 61.393	 35.493	 -9.858       
 63.736	 38.298	-10.924       
 64.565	 38.669	-14.624       
 68.222	 37.743	-14.098       
 71.631	 39.409	-14.063       
 74.630	 38.077	-15.933       
 77.797	 37.553	-13.901       
 80.786	 36.530	-15.976       
 84.138	 35.523	-14.484       
 87.157	 35.391	-16.818       
 89.922	 32.841	-16.292       
 93.349	 34.000	-15.162       
 95.182	 32.196	-17.968       
 94.141	 32.768	-21.590       
