BRIEF 1C08 C 129              
 59.949	 25.892	 30.051  1.155
 61.350	 23.686	 27.321 -0.513
 58.521	 21.670	 25.858 -0.534
 59.112	 18.245	 24.265 -1.231
 57.742	 17.920	 20.682  0.829
 54.898	 15.556	 21.596  1.459
 54.121	 17.478	 24.793  0.040
 53.785	 20.694	 22.789  0.828
 51.688	 19.019	 20.105  1.137
 49.137	 17.760	 22.606 -0.717
 48.996	 21.164	 24.392 -0.757
 48.520	 23.104	 21.108  0.862
 45.738	 20.605	 20.246 -1.024
 44.106	 21.257	 23.610 -2.375
 44.464	 25.019	 22.898 -2.319
 42.546	 24.649	 19.624  0.904
 45.218	 24.975	 17.009 -0.935
 44.574	 21.742	 15.040 -0.390
 42.935	 23.103	 11.810 -0.417
 42.546	 26.714	 13.054 -0.343
 41.846	 28.882	  9.966 -0.556
 43.140	 26.263	  7.551 -0.052
 46.392	 25.421	  9.327 -0.848
 47.058	 21.832	 10.321  0.109
 48.528	 21.144	 13.783  0.172
 52.063	 20.355	 12.561 -0.134
 52.433	 23.936	 11.224  0.435
 52.318	 25.251	 14.828  1.086
 54.768	 22.699	 16.213  0.261
 57.241	 23.155	 13.389  1.476
 56.946	 26.947	 13.850  0.971
 57.652	 26.787	 17.592  0.744
 60.609	 24.494	 16.929 -0.657
 62.308	 26.934	 14.533 -0.130
 61.145	 30.175	 16.129  1.125
 62.193	 29.395	 19.712  1.488
 63.424	 25.760	 19.991 -1.077
 60.327	 25.077	 22.096 -0.398
 61.380	 27.515	 24.819  0.463
 58.609	 29.548	 26.442  1.330
 61.143	 32.067	 27.794 -2.369
 63.014	 32.827	 24.552  0.976
 63.589	 36.464	 23.728 -0.355
 65.293	 38.089	 20.757  0.698
 66.156	 41.760	 20.432 -1.015
 65.734	 43.073	 16.924  0.373
 67.889	 45.729	 15.314 -0.927
 64.813	 47.980	 14.961  0.448
 64.387	 48.128	 18.734 -0.271
 61.552	 45.608	 18.965  1.159
 61.867	 42.315	 20.846 -0.055
 60.382	 38.890	 19.927  0.975
 58.794	 37.119	 22.839  0.841
 58.134	 33.574	 23.812  1.481
 57.477	 30.235	 22.224  1.047
 56.111	 31.822	 19.046  1.142
 58.423	 34.804	 19.114  1.488
 55.673	 37.419	 18.941  1.439
 56.936	 40.906	 18.091  1.255
 56.695	 44.010	 20.227  0.839
 56.379	 46.427	 17.336 -0.545
 52.920	 45.100	 16.356 -0.613
 51.469	 42.612	 18.793  1.177
 52.198	 43.037	 22.470  1.483
 53.403	 46.040	 24.442 -0.208
 56.675	 45.825	 26.310 -0.243
 56.741	 49.648	 26.919 -2.014
 60.101	 50.020	 25.113 -1.880
 59.194	 49.820	 21.475 -1.052
 58.671	 52.884	 19.324 -1.001
 55.673	 52.542	 17.002 -1.911
 54.183	 49.787	 19.263 -0.214
 50.637	 49.049	 18.091 -1.289
 49.753	 46.411	 20.666  1.122
 47.405	 44.456	 18.347 -0.809
 46.894	 41.634	 20.846  1.483
 46.257	 44.162	 23.574 -0.620
 48.548	 42.344	 25.976 -0.146
 51.820	 43.073	 27.705 -0.602
 54.763	 41.191	 26.158  1.460
 55.564	 39.791	 29.598 -0.291
 52.405	 37.696	 29.508 -0.841
 53.930	 35.762	 26.569  0.670
 56.928	 34.645	 28.593 -0.077
 55.028	 32.151	 30.708 -0.180
 55.075	 28.337	 30.810  0.256
 51.304	 28.427	 30.280  0.497
 50.852	 28.879	 26.490  1.069
 47.338	 30.389	 26.718 -1.018
 48.152	 34.017	 25.954 -0.345
 50.671	 33.085	 23.195  0.665
 48.030	 30.972	 21.495  0.328
 45.434	 33.703	 21.921 -2.374
 47.597	 36.324	 20.186  1.476
 48.871	 33.824	 17.560  1.006
 45.225	 33.163	 16.529  0.305
 44.756	 36.931	 15.969 -0.662
 48.055	 37.147	 14.057  0.918
 47.090	 34.292	 11.701 -0.507
 43.583	 35.778	 11.113 -1.004
 45.268	 38.526	  9.100 -0.141
 45.541	 37.855	  5.374 -0.350
 49.304	 37.220	  5.806 -0.259
 48.402	 34.053	  7.757  1.122
 51.411	 32.107	  9.057  0.679
 53.807	 34.098	  6.853 -1.120
 54.255	 36.525	  9.831  0.970
 56.600	 33.880	 11.376  1.212
 59.837	 34.053	  9.390  0.066
 61.255	 30.729	 10.666  0.472
 57.981	 29.021	  9.735  0.945
 58.235	 30.622	  6.333 -2.233
 61.805	 29.445	  5.764 -1.089
 61.763	 26.039	  7.470 -0.715
 58.211	 24.814	  7.522  1.475
 56.048	 26.073	  4.665 -1.075
 56.249	 23.519	  1.806 -0.137
 57.598	 20.742	  4.026 -0.503
 55.671	 17.781	  5.267 -0.741
 54.560	 19.575	  8.489  0.566
 52.467	 16.672	  9.798 -0.069
 55.791	 14.868	 10.467 -0.965
 56.049	 17.138	 13.540  0.052
 53.097	 15.426	 15.181 -0.204
 53.781	 11.879	 14.064 -0.998
 54.971	  9.298	 16.623 -0.656
 53.024	 11.172	 19.418  1.479
 50.005	 10.238	 21.567 -1.690
 47.768	 13.311	 21.139 -0.199
BRIEF 1C08 A 107              
 30.003	 26.486	  6.947       
 30.114	 25.390	 10.539       
 26.581	 25.138	 11.815       
 25.996	 25.843	 15.451       
 22.863	 24.503	 17.115       
 21.753	 25.874	 20.481       
 19.312	 24.349	 22.827       
 16.834	 24.844	 24.375       
 15.512	 27.619	 22.126       
 13.824	 28.999	 25.276       
 14.465	 28.540	 28.977       
 12.107	 29.815	 31.647       
 13.595	 29.963	 35.115       
 13.201	 31.378	 38.533       
 15.843	 33.735	 39.859       
 18.223	 31.916	 42.189       
 18.119	 28.673	 40.171       
 21.052	 27.459	 38.069       
 20.954	 26.783	 34.307       
 23.090	 25.368	 31.531       
 22.802	 26.338	 27.910       
 24.046	 24.087	 25.176       
 25.727	 24.800	 21.869       
 26.760	 22.087	 19.415       
 28.936	 22.469	 16.312       
 28.479	 20.453	 13.126       
 32.306	 19.976	 12.949       
 35.122	 20.013	 15.480       
 36.230	 23.532	 16.265       
 38.665	 22.827	 19.144       
 38.056	 25.431	 21.840       
 37.135	 28.152	 19.297       
 33.735	 29.050	 20.685       
 32.621	 32.282	 22.345       
 29.441	 33.191	 24.157       
 27.574	 36.424	 24.064       
 24.688	 37.903	 25.933       
 22.165	 40.225	 24.329       
 19.688	 42.142	 26.442       
 16.795	 44.226	 25.186       
 17.815	 47.246	 23.207       
 21.543	 46.632	 23.680       
 24.532	 45.491	 21.719       
 25.812	 41.972	 22.374       
 28.271	 41.551	 25.287       
 31.102	 39.038	 25.162       
 30.820	 36.725	 28.186       
 33.262	 33.866	 27.604       
 36.114	 33.425	 25.137       
 37.605	 30.251	 23.739       
 35.105	 28.009	 25.450       
 36.152	 28.706	 29.049       
 38.391	 31.849	 29.304       
 36.722	 34.267	 31.609       
 36.636	 37.962	 30.806       
 37.257	 40.871	 33.096       
 34.141	 42.881	 34.030       
 31.617	 40.023	 33.786       
 29.989	 38.272	 36.756       
 31.653	 35.185	 38.013       
 28.403	 33.184	 37.982       
 28.998	 32.631	 34.203       
 31.357	 29.793	 33.301       
 31.770	 27.896	 30.002       
 33.157	 24.452	 29.269       
 33.517	 21.980	 26.428       
 35.682	 21.280	 23.390       
 35.451	 19.826	 19.952       
 31.790	 19.788	 19.148       
 29.895	 20.086	 22.494       
 30.007	 23.287	 24.595       
 28.096	 24.593	 27.566       
 27.487	 27.970	 29.130       
 26.504	 27.702	 32.815       
 24.915	 30.322	 34.982       
 25.110	 29.647	 38.720       
 22.019	 31.237	 40.397       
 20.536	 33.366	 37.709       
 19.778	 36.957	 38.622       
 17.142	 39.252	 37.049       
 19.735	 41.143	 34.962       
 20.619	 37.781	 33.229       
 17.343	 37.548	 31.304       
 17.821	 37.986	 27.594       
 19.298	 36.149	 24.656       
 22.489	 34.035	 24.683       
 24.401	 33.204	 21.518       
 27.432	 31.088	 20.811       
 29.848	 31.897	 17.962       
 32.709	 29.879	 16.386       
 35.914	 31.554	 15.102       
 37.708	 28.348	 13.949       
 36.859	 28.775	 10.273       
 35.863	 31.503	  7.940       
 33.018	 32.567	  7.712       
 32.419	 32.995	 11.489       
 28.958	 31.799	 12.455       
 26.545	 32.089	 15.310       
 24.075	 29.582	 16.818       
 20.341	 30.324	 16.657       
 20.147	 31.647	 20.228       
 18.668	 30.612	 23.576       
 16.065	 32.934	 25.167       
 16.403	 33.143	 28.944       
 13.108	 34.161	 30.476       
 11.694	 34.632	 33.966       
  9.300	 31.837	 35.017       
BRIEF 1C08 B 114              
 38.756	 54.238	 26.532       
 37.273	 53.102	 23.229       
 33.841	 54.001	 21.954       
 32.331	 52.875	 18.592       
 29.321	 54.585	 16.923       
 27.342	 53.595	 13.816       
 25.772	 56.181	 11.543       
 24.020	 56.411	  8.200       
 20.470	 56.214	  6.827       
 17.673	 54.327	  8.447       
 15.623	 54.068	  5.321       
 16.853	 52.912	  1.944       
 15.225	 51.657	 -1.232       
 15.572	 48.331	 -3.016       
 18.609	 48.052	 -5.293       
 20.478	 51.008	 -3.956       
 23.764	 50.901	 -2.094       
 23.696	 51.086	  1.695       
 26.704	 52.809	  3.213       
 27.345	 52.877	  6.934       
 30.052	 54.508	  8.883       
 31.640	 53.314	 12.088       
 33.354	 56.121	 14.069       
 35.992	 54.983	 16.490       
 36.997	 57.088	 19.552       
 39.768	 56.581	 22.067       
 42.467	 54.885	 20.043       
 43.495	 54.669	 16.426       
 41.867	 52.302	 14.009       
 45.374	 51.098	 13.054       
 45.498	 49.400	 16.466       
 42.928	 46.662	 15.881       
 40.907	 44.550	 13.456       
 37.363	 45.829	 12.781       
 34.142	 44.116	 11.819       
 30.501	 44.445	 10.846       
 27.760	 42.210	 12.202       
 24.031	 42.474	 11.586       
 21.012	 41.073	 13.371       
 17.879	 40.168	 11.404       
 14.335	 40.606	 12.700       
 13.988	 37.145	 14.347       
 17.177	 37.375	 16.446       
 19.378	 35.906	 13.721       
 22.915	 37.250	 13.829       
 25.212	 37.200	 10.799       
 28.926	 37.981	 10.834       
 29.466	 40.137	  7.654       
 33.211	 40.630	  7.558       
 36.293	 42.224	  9.078       
 39.319	 44.225	  7.850       
 42.656	 43.276	  9.427       
 45.707	 45.372	 10.173       
 47.296	 44.729	  6.798       
 44.189	 45.965	  4.919       
 43.195	 42.426	  3.974       
 39.505	 41.697	  4.152       
 37.346	 38.701	  4.857       
 33.700	 38.744	  3.764       
 30.906	 36.263	  4.438       
 30.072	 34.346	  1.194       
 26.361	 34.586	  2.145       
 26.672	 38.211	  0.890       
 27.636	 37.119	 -2.611       
 30.341	 39.773	 -3.063       
 28.031	 42.807	 -2.680       
 29.974	 44.046	  0.356       
 32.995	 46.229	  0.698       
 34.631	 47.252	  3.982       
 37.127	 50.155	  3.934       
 38.836	 52.372	  6.456       
 39.940	 55.996	  6.639       
 42.943	 56.360	  8.903       
 42.821	 60.190	  9.009       
 39.233	 60.294	 10.122       
 39.453	 57.312	 12.391       
 36.453	 55.665	 10.744       
 35.744	 52.494	  8.807       
 32.933	 51.756	  6.451       
 30.429	 49.245	  5.134       
 29.046	 49.387	  1.582       
 26.356	 46.855	  0.664       
 25.269	 47.007	 -3.016       
 21.841	 46.163	 -4.472       
 19.988	 45.794	 -1.205       
 16.742	 43.986	 -0.969       
 14.102	 43.724	  1.724       
 16.147	 40.747	  3.124       
 18.854	 43.298	  4.113       
 16.498	 44.953	  6.644       
 18.328	 44.524	  9.930       
 20.239	 46.038	 12.827       
 23.803	 46.649	 11.893       
 26.632	 46.914	 14.347       
 30.314	 47.689	 14.139       
 32.644	 45.977	 16.593       
 36.311	 45.185	 17.059       
 37.385	 41.641	 16.100       
 37.968	 40.576	 19.720       
 34.289	 41.349	 20.331       
 34.881	 43.541	 23.390       
 33.830	 46.872	 21.832       
 30.508	 47.122	 20.086       
 28.679	 50.243	 18.751       
 25.030	 50.729	 19.769       
 23.509	 49.386	 16.616       
 21.507	 51.039	 13.839       
 18.280	 49.766	 12.398       
 18.187	 50.033	  8.658       
 14.933	 49.313	  6.851       
 14.782	 48.436	  3.190       
 11.596	 49.602	  1.559       
 10.116	 51.119	 -1.589       
  9.039	 54.446	  0.018       
