BRIEF 1DQJ C 129              
 62.273	  6.076	 32.826  1.155
 62.002	  3.969	 29.670 -0.513
 59.999	  5.753	 26.986 -0.534
 57.752	  3.969	 24.551 -1.231
 58.884	  4.597	 20.966  0.829
 55.847	  6.670	 19.952  1.459
 55.638	  8.251	 23.396  0.040
 59.193	  9.571	 23.009  0.828
 58.513	 10.688	 19.440  1.137
 55.576	 12.794	 20.661 -0.717
 57.637	 14.246	 23.509 -0.757
 60.452	 15.005	 21.065  0.862
 58.037	 16.713	 18.682 -1.024
 56.761	 18.722	 21.614 -2.375
 60.329	 19.641	 22.540 -2.319
 60.882	 20.932	 19.004  0.904
 63.258	 18.343	 17.561 -0.935
 61.238	 17.762	 14.384 -0.390
 63.062	 19.618	 11.620 -0.417
 65.328	 21.361	 14.092 -0.343
 68.157	 22.583	 11.847 -0.556
 66.929	 20.230	  9.122 -0.052
 66.778	 16.967	 11.084 -0.848
 63.409	 15.287	 10.767  0.109
 61.919	 13.652	 13.861  0.172
 62.887	 10.148	 12.715 -0.134
 66.594	 10.872	 13.089  0.435
 66.190	 11.722	 16.756  1.086
 63.899	  8.802	 17.584  0.261
 66.333	  6.448	 15.805  1.476
 69.374	  7.899	 17.580  0.971
 67.639	  7.528	 20.941  0.744
 66.734	  3.921	 20.176 -0.657
 70.283	  2.873	 19.308 -0.130
 71.864	  5.012	 22.025  1.125
 69.814	  3.945	 25.046  1.488
 66.728	  1.992	 23.995 -1.077
 64.761	  5.095	 25.031 -0.398
 66.056	  4.898	 28.625  0.463
 66.594	  8.251	 30.367  1.330
 68.685	  6.669	 33.131 -2.369
 71.132	  5.018	 30.728  0.976
 74.734	  5.486	 31.820 -0.355
 78.065	  4.459	 30.261  0.698
 81.660	  4.676	 31.516 -1.015
 84.437	  5.452	 29.065  0.373
 88.094	  4.466	 29.110 -0.927
 88.850	  7.996	 30.247  0.448
 87.221	  9.644	 33.250 -0.271
 84.104	 10.552	 31.268  1.159
 80.601	  9.089	 31.279 -0.055
 77.748	  9.281	 28.744  0.975
 74.368	 10.229	 30.215  0.841
 70.711	  9.931	 29.312  1.481
 68.517	  8.947	 26.422  1.047
 71.002	 10.443	 23.942  1.142
 74.159	  9.403	 25.809  1.488
 75.761	 12.834	 26.102  1.439
 79.412	 12.843	 27.260  1.255
 80.683	 14.510	 30.455  0.839
 84.051	 15.258	 28.848 -0.545
 82.704	 17.969	 26.548 -0.613
 78.992	 18.521	 27.158  1.177
 78.033	 18.323	 30.826  1.483
 79.559	 18.526	 34.283 -0.208
 79.464	 15.683	 36.789 -0.243
 82.141	 17.198	 39.010 -2.014
 84.494	 14.233	 38.581 -1.880
 85.493	 14.235	 34.918 -1.052
 89.019	 15.365	 33.912 -1.001
 89.096	 18.003	 31.178 -1.911
 85.439	 18.960	 31.511 -0.214
 84.365	 21.740	 29.171 -1.289
 80.665	 21.605	 30.057  1.122
 79.664	 23.024	 26.667 -0.809
 75.985	 22.586	 27.502  1.483
 76.576	 24.380	 30.810 -0.620
 74.468	 21.772	 32.585 -0.146
 74.941	 19.190	 35.337 -0.602
 75.104	 15.712	 33.796  1.460
 72.531	 14.563	 36.347 -0.291
 70.022	 16.795	 34.554 -0.841
 70.447	 14.422	 31.605  0.670
 69.124	 11.423	 33.551 -0.077
 65.722	 12.885	 34.418 -0.180
 62.411	 11.461	 33.200  0.256
 61.921	 15.013	 31.912  0.497
 63.874	 15.130	 28.647  1.069
 64.001	 18.934	 28.603 -1.018
 67.723	 19.147	 29.411 -0.345
 68.749	 16.292	 27.120  0.665
 66.960	 17.973	 24.209  0.328
 68.418	 21.439	 24.858 -2.374
 71.911	 19.960	 24.974  1.476
 71.260	 17.776	 21.928  1.006
 70.167	 20.892	 20.023  0.305
 73.415	 22.639	 20.932 -0.662
 75.513	 19.616	 19.930  0.918
 73.829	 19.361	 16.548 -0.507
 74.300	 23.107	 16.046 -1.004
 78.018	 22.499	 15.531 -0.141
 79.397	 21.892	 12.044 -0.350
 79.208	 18.109	 12.246 -0.259
 75.499	 17.986	 13.077  1.122
 74.185	 14.584	 14.147  0.679
 77.518	 12.988	 13.216 -1.120
 78.316	 13.628	 16.883  0.970
 76.401	 10.427	 17.624  1.212
 78.341	  7.499	 16.172  0.066
 75.372	  5.170	 16.644  0.472
 73.364	  7.589	 14.508  0.945
 75.891	  7.538	 11.661 -2.233
 76.304	  3.770	 11.790 -1.089
 72.652	  2.826	 12.301 -0.715
 70.553	  5.838	 11.234  1.475
 72.408	  8.232	  8.927 -1.075
 71.065	  7.804	  5.410 -0.137
 68.198	  5.413	  6.103 -0.503
 64.406	  5.552	  6.015 -0.741
 64.442	  7.299	  9.393  0.566
 60.818	  8.341	  8.948 -0.069
 59.951	  4.688	  9.584 -0.965
 60.624	  5.353	 13.273  0.052
 57.637	  7.666	 13.713 -0.204
 55.524	  5.875	 11.151 -0.998
 52.529	  4.292	 12.828 -0.656
 52.580	  6.818	 15.657  1.479
 49.570	  9.114	 15.866 -1.690
 51.524	 12.335	 16.288 -0.199
BRIEF 1DQJ A 214              
 64.758	 33.242	  5.674       
 62.230	 32.811	  8.473       
 60.375	 36.047	  9.145       
 59.117	 36.862	 12.646       
 56.302	 39.391	 13.020       
 55.680	 41.024	 16.387       
 52.609	 43.012	 17.412       
 51.620	 45.476	 18.518       
 54.566	 47.596	 17.411       
 54.023	 49.493	 20.652       
 52.042	 49.107	 23.864       
 51.378	 51.694	 26.571       
 50.484	 50.332	 29.996       
 50.246	 51.362	 33.625       
 52.587	 49.602	 36.069       
 50.503	 46.854	 37.636       
 48.699	 45.846	 34.453       
 49.426	 42.503	 32.821       
 50.321	 42.217	 29.159       
 50.665	 39.713	 26.322       
 53.079	 40.286	 23.451       
 52.729	 38.382	 20.198       
 55.331	 36.990	 17.812       
 54.374	 35.032	 14.696       
 56.695	 33.018	 12.448       
 56.345	 32.634	  8.670       
 57.168	 28.916	  9.009       
 56.601	 26.488	 11.876       
 59.529	 26.533	 14.294       
 58.084	 24.211	 16.930       
 59.313	 25.618	 20.252       
 62.521	 27.155	 18.932       
 61.478	 30.703	 19.773       
 63.297	 32.821	 22.370       
 62.377	 36.098	 24.093       
 64.679	 39.038	 24.828       
 64.238	 42.285	 26.720       
 66.303	 45.325	 25.769       
 66.225	 48.578	 27.672       
 67.507	 51.797	 26.144       
 71.296	 52.108	 26.430       
 71.580	 48.423	 27.341       
 72.273	 45.061	 25.724       
 69.580	 42.374	 25.275       
 68.679	 40.016	 28.131       
 67.292	 36.508	 27.605       
 63.951	 36.089	 29.441       
 62.433	 32.873	 28.058       
 64.070	 30.110	 26.026       
 62.398	 27.546	 23.786       
 58.954	 29.134	 23.866       
 58.233	 28.464	 27.542       
 61.291	 27.354	 29.504       
 62.047	 29.645	 32.435       
 65.531	 31.066	 32.969       
 66.749	 30.726	 36.562       
 67.212	 34.277	 37.793       
 64.505	 35.900	 35.666       
 61.485	 37.385	 37.531       
 58.509	 35.005	 37.784       
 56.145	 37.591	 36.235       
 57.677	 36.689	 32.863       
 56.320	 33.607	 31.067       
 56.057	 32.353	 27.499       
 53.680	 30.078	 25.609       
 52.865	 28.893	 22.116       
 54.205	 26.530	 19.474       
 54.619	 26.259	 15.720       
 54.014	 29.766	 14.371       
 52.109	 31.517	 17.177       
 53.970	 32.666	 20.286       
 53.210	 34.842	 23.291       
 55.291	 36.528	 25.975       
 53.209	 37.362	 29.030       
 54.137	 39.731	 31.836       
 51.703	 39.407	 34.715       
 51.744	 42.735	 36.527       
 54.284	 44.854	 34.633       
 56.677	 46.639	 36.987       
 58.319	 50.029	 36.517       
 61.637	 48.436	 35.539       
 60.025	 46.371	 32.766       
 59.572	 49.113	 30.191       
 61.658	 48.881	 27.050       
 61.940	 46.765	 23.908       
 60.983	 43.095	 23.577       
 62.177	 40.883	 20.691       
 61.613	 37.243	 19.789       
 64.246	 35.177	 17.993       
 64.030	 31.785	 16.294       
 66.840	 29.216	 16.319       
 65.077	 26.500	 14.342       
 66.824	 27.312	 11.068       
 69.915	 29.183	  9.992       
 70.091	 32.102	  9.621       
 68.758	 32.837	 13.090       
 66.356	 35.766	 12.821       
 64.721	 38.340	 15.109       
 61.249	 39.856	 15.119       
 60.862	 43.610	 14.648       
 60.226	 44.043	 18.347       
 57.530	 45.543	 20.545       
 58.007	 48.695	 22.577       
 56.513	 48.565	 26.095       
 55.883	 52.153	 27.185       
 54.373	 53.954	 30.174       
 50.770	 55.090	 30.085       
 49.864	 58.520	 31.452       
 47.334	 61.304	 30.859       
 47.249	 62.956	 27.422       
 49.164	 66.247	 27.224       
 49.375	 68.790	 24.397       
 52.807	 69.697	 23.074       
 54.288	 73.095	 23.868       
 55.432	 74.361	 20.469       
 58.125	 76.947	 19.785       
 59.543	 78.062	 16.421       
 62.898	 79.757	 15.805       
 64.294	 81.656	 12.802       
 67.824	 81.095	 11.502       
 70.399	 82.921	 13.631       
 72.329	 85.909	 12.269       
 75.456	 83.808	 12.669       
 74.251	 80.949	 10.446       
 72.965	 83.339	  7.770       
 76.397	 84.988	  7.711       
 77.810	 81.561	  6.824       
 75.262	 81.076	  4.047       
 72.976	 78.669	  5.853       
 69.460	 78.886	  7.240       
 67.879	 76.387	  9.618       
 64.376	 76.950	 10.958       
 63.789	 75.083	 14.207       
 60.616	 73.912	 15.863       
 60.422	 72.327	 19.307       
 57.384	 70.265	 20.321       
 57.794	 69.518	 24.023       
 56.321	 67.358	 26.745       
 53.368	 65.830	 24.926       
 51.516	 62.524	 25.243       
 50.721	 60.205	 23.504       
 53.768	 59.681	 21.298       
 51.878	 59.847	 17.991       
 52.170	 63.311	 16.449       
 52.363	 64.924	 13.002       
 54.554	 67.891	 12.097       
 54.033	 69.738	  8.837       
 56.218	 72.592	  7.604       
 54.865	 75.308	  5.327       
 56.741	 78.013	  3.409       
 54.640	 80.802	  1.863       
 51.693	 78.449	  2.294       
 53.210	 75.432	  0.530       
 53.869	 72.216	  2.425       
 57.597	 71.456	  2.503       
 59.024	 67.915	  2.764       
 62.620	 68.221	  1.557       
 65.162	 69.589	  4.008       
 63.262	 68.463	  7.097       
 64.982	 66.389	  9.783       
 63.376	 65.274	 13.036       
 64.730	 64.003	 16.337       
 62.759	 62.380	 19.180       
 63.812	 61.939	 22.798       
 62.955	 58.705	 24.617       
 59.904	 58.764	 26.880       
 60.809	 61.304	 29.591       
 62.129	 59.824	 32.841       
 60.685	 62.806	 34.729       
 57.047	 62.908	 33.574       
 56.667	 60.102	 31.022       
 55.974	 62.526	 28.180       
 57.664	 62.743	 24.789       
 59.481	 65.617	 23.130       
 60.462	 66.326	 19.548       
 62.593	 68.683	 17.486       
 61.973	 69.403	 13.809       
 64.464	 71.369	 11.720       
 64.037	 72.763	  8.213       
 67.420	 73.444	  6.618       
 67.679	 75.745	  3.601       
 70.442	 77.829	  2.060       
 70.573	 81.528	  2.913       
 69.347	 82.293	 -0.620       
 66.307	 80.006	 -0.392       
 65.416	 81.359	  3.035       
 65.588	 84.950	  1.825       
 63.384	 84.172	 -1.166       
 60.351	 83.476	  1.030       
 58.380	 85.199	  3.757       
 56.189	 82.971	  5.934       
 57.556	 79.934	  7.735       
 55.155	 77.661	  9.579       
 55.469	 74.708	 11.944       
 52.147	 72.850	 12.192       
 51.560	 70.157	 14.814       
 48.579	 67.801	 14.778       
 48.024	 65.820	 17.973       
 45.254	 63.809	 19.649       
 44.814	 66.533	 22.277       
 42.983	 68.814	 19.802       
 41.099	 68.619	 16.499       
 42.734	 71.883	 15.469       
 46.491	 71.757	 14.753       
 48.831	 73.920	 16.816       
 50.388	 76.515	 14.529       
 53.580	 78.446	 15.239       
 54.911	 80.828	 12.605       
 56.817	 83.990	 11.713       
 57.282	 86.250	  8.695       
 60.547	 87.745	  7.500       
 58.625	 90.864	  6.387       
 58.444	 91.663	 10.089       
 60.115	 90.892	 13.401       
BRIEF 1DQJ B 210              
 80.761	 34.188	 36.315       
 81.323	 34.531	 32.571       
 81.703	 38.050	 31.185       
 82.154	 39.472	 27.680       
 83.608	 42.765	 26.431       
 83.797	 44.145	 22.878       
 86.600	 46.458	 21.728       
 88.102	 47.843	 18.530       
 87.955	 50.851	 16.136       
 84.739	 52.845	 16.546       
 85.118	 54.317	 13.067       
 85.649	 52.479	  9.766       
 85.832	 54.085	  6.322       
 83.674	 52.841	  3.410       
 85.229	 49.880	  1.539       
 87.549	 49.188	  4.477       
 87.470	 46.389	  7.037       
 85.636	 46.405	 10.374       
 87.406	 44.484	 13.182       
 86.114	 43.825	 16.692       
 87.482	 41.807	 19.604       
 85.449	 40.032	 22.307       
 87.368	 39.254	 25.458       
 85.984	 36.309	 27.398       
 86.583	 36.150	 31.148       
 85.388	 33.577	 33.660       
 85.341	 30.644	 31.258       
 87.452	 29.384	 28.347       
 86.646	 30.515	 24.806       
 86.879	 26.819	 23.935       
 84.039	 25.938	 26.303       
 80.953	 27.399	 24.589       
 79.713	 28.627	 21.206       
 80.179	 32.358	 20.579       
 78.204	 34.793	 18.429       
 78.161	 38.343	 17.069       
 74.880	 40.290	 16.926       
 74.336	 43.795	 15.535       
 71.624	 46.390	 16.135       
 71.107	 48.931	 13.336       
 70.103	 52.572	 14.068       
 66.456	 51.769	 13.387       
 66.761	 49.279	 16.268       
 66.369	 46.078	 14.240       
 68.567	 43.121	 15.203       
 70.640	 40.882	 12.937       
 72.308	 37.644	 14.052       
 75.628	 37.876	 12.192       
 76.949	 34.417	 12.989       
 78.653	 32.137	 15.459       
 81.613	 29.832	 15.942       
 81.121	 26.478	 17.669       
 83.465	 24.089	 19.531       
 84.836	 22.408	 16.391       
 85.822	 25.777	 14.956       
 83.049	 25.507	 12.378       
 81.281	 28.766	 11.635       
 77.840	 29.751	 10.460       
 77.437	 33.114	  8.751       
 74.281	 35.015	  7.871       
 73.747	 34.767	  4.069       
 72.533	 38.368	  3.836       
 76.099	 39.284	  4.717       
 78.038	 36.083	  4.049       
 81.290	 36.334	  2.107       
 82.268	 39.568	  3.855       
 82.211	 38.104	  7.353       
 84.760	 36.009	  9.198       
 84.699	 34.910	 12.833       
 87.821	 33.581	 14.543       
 89.110	 32.873	 18.039       
 92.399	 32.828	 19.931       
 92.555	 30.213	 22.707       
 95.725	 31.615	 24.283       
 94.192	 35.091	 24.704       
 90.708	 33.735	 25.352       
 89.103	 36.075	 22.835       
 87.222	 35.700	 19.575       
 86.894	 38.161	 16.722       
 84.754	 39.637	 13.984       
 86.010	 40.845	 10.615       
 83.585	 42.422	  8.139       
 85.058	 43.486	  4.788       
 84.007	 46.191	  2.331       
 81.716	 48.039	  4.691       
 79.322	 50.802	  3.620       
 77.392	 53.294	  5.758       
 74.714	 50.572	  6.151       
 77.056	 48.588	  8.424       
 76.815	 51.397	 10.981       
 75.401	 49.786	 14.125       
 75.918	 48.699	 17.712       
 77.811	 45.412	 17.744       
 77.508	 42.843	 20.518       
 79.241	 39.578	 21.232       
 77.165	 37.001	 23.082       
 77.233	 33.361	 24.026       
 75.319	 31.129	 21.605       
 72.907	 30.435	 24.448       
 72.200	 34.139	 24.839       
 72.817	 34.002	 28.592       
 75.788	 36.375	 28.377       
 76.218	 39.572	 26.339       
 78.893	 42.244	 26.087       
 77.867	 45.854	 26.736       
 78.098	 46.404	 22.990       
 80.207	 48.820	 20.980       
 79.163	 51.317	 18.325       
 80.895	 51.178	 14.947       
 80.200	 53.994	 12.509       
 81.041	 53.693	  8.821       
 81.868	 57.113	  7.382       
 84.473	 58.855	  5.241       
 83.969	 62.119	  7.142       
 86.876	 63.817	  8.890       
 86.921	 65.269	 12.405       
 84.921	 68.507	 12.246       
 84.170	 70.946	 15.059       
 80.517	 71.987	 15.357       
 79.097	 75.380	 14.437       
 76.959	 76.535	 17.376       
 73.912	 78.739	 16.788       
 71.663	 80.552	 19.283       
 67.903	 79.998	 19.020       
 65.984	 83.035	 20.274       
 62.311	 84.010	 19.871       
 61.605	 85.964	 16.684       
 63.125	 89.211	 17.954       
 63.367	 89.360	 21.742       
 59.757	 88.221	 21.915       
 57.932	 87.027	 25.053       
 54.309	 85.961	 25.361       
 53.315	 83.740	 28.259       
 54.738	 83.381	 31.743       
 57.579	 81.392	 30.189       
 60.014	 81.437	 27.285       
 62.041	 78.683	 25.709       
 65.369	 79.335	 24.037       
 67.575	 76.956	 22.110       
 70.928	 75.940	 20.747       
 71.572	 74.364	 17.342       
 74.766	 72.301	 17.077       
 75.468	 71.706	 13.408       
 77.999	 70.019	 11.154       
 80.194	 68.110	 13.572       
 81.960	 64.755	 13.425       
 82.243	 62.415	 15.028       
 79.887	 62.044	 17.983       
 79.540	 62.989	 20.742       
 79.260	 66.545	 22.013       
 78.338	 67.729	 25.490       
 75.886	 70.590	 25.737       
 75.258	 72.551	 28.915       
 73.374	 75.745	 29.735       
 75.104	 78.464	 31.778       
 77.956	 76.057	 32.439       
 75.508	 73.762	 34.194       
 73.928	 76.415	 36.424       
 70.773	 76.138	 34.325       
 69.678	 72.509	 34.263       
 65.895	 72.378	 34.657       
 63.395	 72.609	 31.810       
 65.954	 71.324	 29.298       
 65.450	 68.982	 26.348       
 68.552	 67.888	 24.452       
 67.731	 65.773	 21.410       
 69.623	 62.868	 19.802       
 71.894	 64.029	 16.979       
 70.892	 63.183	 13.398       
 73.070	 62.688	 10.323       
 72.887	 65.456	  7.745       
 75.195	 65.322	  4.747       
 77.608	 62.972	  6.570       
 77.777	 65.317	  9.568       
 75.870	 65.353	 12.860       
 73.323	 67.936	 13.973       
 71.812	 68.226	 17.427       
 69.649	 70.776	 19.200       
 68.717	 71.637	 22.755       
 65.914	 73.729	 24.188       
 65.775	 75.330	 27.624       
 62.595	 76.725	 29.139       
 62.627	 79.401	 31.822       
 60.164	 81.888	 33.268       
 59.671	 85.172	 31.402       
 61.062	 86.938	 34.473       
 64.394	 85.152	 34.025       
 65.295	 86.061	 30.442       
 66.604	 88.411	 29.061       
 67.045	 89.738	 32.622       
 69.636	 87.052	 33.239       
 72.168	 85.914	 30.672       
 71.659	 82.463	 29.162       
 74.565	 80.815	 27.378       
 74.914	 77.545	 25.518       
 78.200	 75.675	 26.095       
 79.206	 73.053	 23.560       
 82.232	 70.791	 23.928       
 83.486	 68.483	 21.160       
 86.212	 66.157	 22.552       
 87.333	 64.875	 19.155       
 88.301	 68.388	 18.021       
 89.466	 69.673	 21.421       
 86.976	 72.515	 21.156       
 84.476	 74.087	 23.518       
 82.469	 77.138	 22.535       
 79.950	 79.361	 24.276       
 76.967	 81.075	 22.704       
 74.958	 83.682	 24.581       
 71.308	 83.753	 23.512       
