BRIEF 1DZB Y 129              
 19.659	-17.047	-23.992  1.169
 20.077	-20.288	-21.997 -0.506
 22.499	-18.921	-19.406 -0.584
 24.710	-21.378	-17.526 -1.175
 24.250	-21.340	-13.736  0.889
 27.417	-19.437	-12.828  1.450
 27.255	-16.883	-15.640  0.091
 23.761	-15.897	-14.483  0.767
 24.987	-15.840	-10.860  1.131
 27.601	-13.108	-11.386 -0.787
 25.180	-11.400	-13.831 -0.740
 22.657	-11.140	-10.948  0.871
 25.508	-10.416	 -8.513 -1.131
 27.051	 -7.126	 -9.911 -2.436
 23.467	 -5.884	-10.519 -2.346
 22.649	 -5.861	 -6.777  0.874
 20.353	 -8.839	 -6.091 -1.023
 22.803	-10.194	 -3.512 -0.394
 20.990	 -9.826	 -0.154 -0.472
 18.474	 -7.425	 -1.713 -0.316
 15.430	 -7.411	  0.579 -0.588
 17.355	 -9.795	  2.837 -0.029
 17.448	-12.708	  0.333 -0.785
 20.960	-14.133	 -0.410  0.182
 22.043	-14.523	 -4.081  0.167
 21.252	-18.280	 -4.135 -0.136
 17.548	-17.428	 -4.010  0.518
 17.724	-15.344	 -7.151  1.098
 19.683	-17.978	 -9.118  0.315
 17.469	-20.796	 -7.844  1.484
 14.345	-18.792	 -8.746  0.969
 15.834	-18.425	-12.255  0.724
 16.389	-22.147	-12.588 -0.598
 12.792	-22.995	-11.739 -0.119
 10.811	-20.065	-13.125  1.139
 12.362	-20.330	-16.598  1.511
 15.045	-23.017	-16.663 -1.139
 17.567	-20.247	-17.330 -0.468
 15.856	-19.342	-20.618  0.510
 15.567	-15.592	-21.178  1.348
 13.165	-16.199	-24.045 -2.414
 10.928	-18.191	-21.711  1.031
  7.278	-17.295	-22.072 -0.373
  4.162	-18.773	-20.456 -0.247
  0.543	-17.708	-21.063 -0.935
 -1.869	-18.051	-18.138  0.381
 -5.653	-17.472	-18.117 -0.973
 -5.816	-13.769	-17.174  0.617
 -2.235	-14.237	-15.963 -0.057
 -1.273	-12.083	-18.938  1.086
  1.946	-13.631	-20.140 -0.073
  5.005	-14.302	-17.945  1.010
  8.233	-13.056	-19.531  0.861
 11.930	-13.711	-19.312  1.503
 14.103	-15.627	-16.940  0.978
 12.141	-14.613	-13.849  1.197
  8.800	-15.021	-15.637  1.510
  7.753	-11.465	-14.766  1.431
  3.992	-11.060	-15.290  1.253
  2.597	 -8.643	-17.901  0.844
 -0.577	 -7.763	-16.004 -0.636
  1.329	 -5.630	-13.474 -0.607
  4.988	 -5.322	-14.409  1.189
  5.514	 -4.864	-18.161  1.484
  3.580	 -3.637	-21.204 -0.181
  2.841	 -6.099	-24.039 -0.314
 -0.402	 -4.753	-25.502 -1.541
 -2.773	 -7.697	-24.958 -1.355
 -3.072	 -7.725	-21.196 -0.893
 -6.452	 -6.665	-19.902 -1.057
 -5.837	 -4.706	-16.678 -2.179
 -2.181	 -4.095	-17.350  0.467
 -0.443	 -1.800	-14.996 -1.195
  3.209	 -1.577	-16.186  1.113
  4.912	 -0.733	-12.928 -0.861
  8.382	 -1.317	-14.374  1.506
  7.673	  1.072	-17.267 -0.669
  8.967	 -1.275	-19.941 -0.014
  7.650	 -3.159	-22.964 -0.711
  7.447	 -6.838	-21.988  1.482
  9.857	 -7.723	-24.810 -0.217
 12.656	 -5.964	-22.884 -0.977
 12.550	 -8.858	-20.400  0.628
 13.169	-11.402	-23.181  0.043
 16.533	 -9.728	-23.898 -0.134
 19.925	-11.403	-23.344  0.321
 20.678	 -8.338	-21.291  0.530
 19.358	 -9.112	-17.829  1.132
 19.031	 -5.601	-16.391 -1.036
 15.368	 -5.084	-17.359 -0.238
 14.332	 -8.334	-15.641  0.745
 16.533	 -7.833	-12.514  0.352
 15.582	 -4.228	-11.904 -2.436
 11.901	 -5.105	-12.376  1.499
 12.336	 -8.097	-10.011  1.056
 13.543	 -5.675	 -7.326  0.342
 10.210	 -3.845	 -7.450 -0.552
  8.341	 -7.138	 -7.327  0.924
 10.225	 -8.220	 -4.229 -0.589
  9.746	 -4.905	 -2.370 -1.003
  5.939	 -5.022	 -2.043 -0.252
  6.287	 -6.100	  1.570 -0.307
  5.924	 -9.906	  0.963 -0.219
  9.518	-10.808	  0.055  1.139
  9.892	-13.213	 -2.923  0.665
  6.614	-15.208	 -2.514 -1.282
  5.063	-14.207	 -5.818  0.991
  7.655	-16.466	 -7.573  1.229
  5.634	-19.625	 -7.207 -0.036
  8.467	-21.759	 -8.548  0.399
 10.875	-20.179	 -6.075  0.947
  8.391	-20.888	 -3.292 -2.238
  7.914	-24.565	 -4.171 -1.144
 11.513	-25.611	 -4.977 -0.616
 13.895	-23.016	 -3.450  1.498
 12.398	-21.369	 -0.359 -1.104
 13.968	-22.828	  2.778  0.153
 16.278	-25.339	  1.069 -0.721
 20.031	-24.642	  0.971 -0.652
 20.041	-21.888	 -1.669 -0.606
 23.791	-21.486	 -1.107 -0.177
 24.307	-24.715	 -3.091 -0.648
 23.372	-22.742	 -6.235 -0.240
 26.429	-20.459	 -6.215 -0.365
 29.126	-22.778	 -4.829 -0.911
 31.681	-23.223	 -7.590 -0.703
 31.172	-19.924	 -9.394  1.500
 34.119	-17.548	 -9.582 -1.522
 31.911	-14.818	 -8.126 -0.259
BRIEF 1DZB X 129              
 -2.050	 31.069	 73.441       
 -2.708	 27.350	 73.823       
 -5.097	 25.982	 71.181       
 -7.712	 23.370	 71.869       
 -7.425	 20.408	 69.517       
-10.695	 20.873	 67.643       
-10.404	 24.631	 67.199       
 -6.894	 24.186	 65.737       
 -8.238	 21.476	 63.396       
-10.954	 23.823	 62.135       
 -8.636	 26.776	 61.487       
 -6.094	 24.397	 59.781       
 -8.781	 22.907	 57.522       
-10.134	 26.363	 56.640       
 -6.586	 27.451	 55.754       
 -6.221	 24.429	 53.438       
 -4.045	 21.771	 55.098       
 -6.575	 18.917	 54.913       
 -4.885	 16.548	 52.486       
 -2.186	 19.107	 51.629       
  0.570	 17.163	 49.759       
 -1.586	 14.169	 50.490       
 -1.355	 14.466	 54.310       
 -4.700	 14.221	 56.116       
 -5.726	 16.933	 58.585       
 -4.945	 14.746	 61.612       
 -1.276	 14.808	 60.533       
 -0.994	 18.588	 61.015       
 -2.976	 18.589	 64.233       
 -0.759	 15.804	 65.614       
  2.364	 17.704	 64.454       
  1.305	 20.853	 66.352       
  0.584	 18.724	 69.401       
  4.079	 17.167	 69.509       
  6.043	 20.118	 68.065       
  4.712	 22.778	 70.441       
  2.025	 21.260	 72.656       
 -0.421	 23.538	 70.727       
  1.288	 26.663	 72.165       
  1.594	 29.525	 69.654       
  4.410	 31.126	 71.686       
  6.647	 28.003	 71.764       
 10.351	 28.577	 70.837       
 13.231	 25.982	 70.679       
 16.913	 26.919	 70.148       
 19.070	 24.635	 67.972       
 22.816	 23.942	 68.007       
 23.258	 25.570	 64.560       
 22.066	 28.865	 66.069       
 18.613	 28.582	 64.513       
 15.441	 28.720	 66.588       
 12.103	 26.929	 65.871       
  9.035	 29.220	 66.237       
  5.323	 28.849	 66.982       
  2.608	 26.187	 66.834       
  4.476	 24.370	 63.994       
  8.030	 25.141	 65.132       
  9.128	 26.690	 61.817       
 12.929	 26.878	 61.635       
 14.787	 30.183	 61.503       
 17.589	 28.969	 59.224       
 15.483	 28.451	 56.126       
 11.997	 29.875	 56.705       
 11.820	 33.161	 58.574       
 14.177	 35.916	 59.647       
 15.166	 36.348	 63.253       
 18.394	 38.290	 62.584       
 20.458	 35.887	 64.703       
 20.679	 32.746	 62.510       
 23.967	 32.668	 60.560       
 23.268	 31.501	 56.989       
 19.550	 32.188	 56.962       
 17.374	 32.044	 53.883       
 13.918	 33.556	 54.556       
 11.924	 31.429	 52.101       
  8.647	 32.504	 53.759       
  9.719	 36.165	 53.626       
  8.653	 37.023	 57.157       
 10.074	 37.831	 60.568       
  9.905	 34.858	 62.925       
  7.966	 37.129	 65.350       
  5.020	 36.672	 62.898       
  5.009	 32.925	 63.590       
  4.280	 33.501	 67.279       
  0.809	 34.957	 66.748       
 -2.570	 33.664	 67.938       
 -3.436	 33.953	 64.264       
 -1.829	 30.900	 62.638       
 -2.328	 32.158	 59.092       
  1.364	 32.917	 58.482       
  2.594	 29.653	 60.080       
  0.187	 27.513	 58.001       
  1.113	 29.314	 54.805       
  4.842	 28.815	 55.578       
  4.249	 25.180	 56.646       
  2.716	 24.490	 53.195       
  6.041	 25.513	 51.643       
  8.035	 23.391	 54.085       
  5.921	 20.391	 53.093       
  6.343	 20.815	 49.307       
 10.128	 20.400	 48.938       
  9.975	 16.747	 47.760       
 10.277	 15.137	 51.194       
  6.772	 15.492	 52.719       
  6.420	 16.314	 56.422       
  9.741	 14.679	 57.391       
 11.423	 17.940	 58.481       
  9.058	 18.068	 61.488       
 11.042	 15.621	 63.636       
  8.475	 15.385	 66.435       
  5.801	 14.572	 63.800       
  8.106	 11.871	 62.478       
  8.679	 10.350	 65.920       
  5.182	 10.733	 67.381       
  2.625	 11.039	 64.562       
  3.814	  9.387	 61.389       
  2.201	  6.020	 60.585       
 -0.029	  6.260	 63.662       
 -3.830	  6.695	 63.640       
 -3.611	 10.440	 63.196       
 -7.377	 10.611	 62.326       
 -8.045	 10.226	 66.054       
 -6.744	 13.777	 66.606       
 -9.827	 15.211	 64.841       
-12.581	 12.837	 66.066       
-15.317	 14.725	 67.935       
-14.635	 18.015	 66.174       
-17.135	 19.998	 64.104       
-15.170	 20.829	 60.897       
BRIEF 1DZB A 222              
 29.809	 11.972	 54.274       
 26.077	 12.161	 53.399       
 25.575	  9.833	 50.376       
 23.634	  7.518	 48.017       
 25.764	  4.661	 46.554       
 24.125	  3.249	 43.401       
 24.759	 -0.384	 42.795       
 25.754	 -1.601	 39.391       
 26.366	 -0.854	 35.637       
 24.520	 -3.451	 33.561       
 24.278	 -4.814	 30.005       
 21.134	 -6.831	 29.088       
 19.272	 -8.144	 26.000       
 15.980	 -6.643	 24.776       
 13.148	 -8.085	 26.889       
 15.223	 -8.735	 30.025       
 14.671	 -7.274	 33.496       
 17.126	 -5.405	 35.764       
 16.750	 -4.328	 39.405       
 19.047	 -1.565	 40.606       
 19.839	 -0.479	 44.071       
 20.627	  2.673	 45.978       
 21.912	  2.296	 49.575       
 22.212	  5.473	 51.683       
 24.596	  6.592	 54.436       
 24.391	  9.515	 56.829       
 20.553	  9.426	 57.138       
 17.792	  6.763	 57.313       
 15.732	  6.364	 54.120       
 12.627	  5.628	 56.275       
 12.831	  9.313	 57.174       
 12.566	 10.515	 53.554       
 11.013	 10.211	 50.159       
 13.405	  8.367	 47.746       
 13.051	  9.550	 44.152       
 14.232	  7.864	 40.925       
 15.238	  9.774	 37.720       
 16.002	  8.572	 34.178       
 18.417	 10.212	 31.693       
 18.934	  8.887	 28.144       
 22.339	  9.207	 26.448       
 22.227	 12.750	 25.002       
 18.826	 13.493	 26.458       
 17.145	 15.099	 29.435       
 16.041	 14.246	 32.970       
 12.780	 12.357	 33.551       
 11.093	 11.811	 36.939       
 10.097	  8.161	 37.253       
  8.580	  8.050	 40.732       
  9.231	  8.207	 44.437       
  8.684	  5.818	 47.289       
  8.048	  6.623	 50.947       
 10.045	  3.804	 52.577       
  8.403	  4.111	 56.002       
  5.079	  2.799	 54.617       
  5.988	  1.669	 51.101       
  3.579	  4.024	 49.305       
  4.783	  4.987	 45.834       
  3.890	  7.585	 43.250       
  4.719	  7.410	 39.570       
  4.709	  9.288	 36.305       
  1.935	  7.136	 34.793       
  4.102	  6.439	 31.677       
  6.529	  4.390	 33.808       
  3.906	  2.471	 35.819       
  4.050	 -1.141	 34.609       
  7.650	 -0.847	 33.357       
  9.447	  0.551	 36.443       
  8.817	 -0.479	 40.018       
 10.250	  1.299	 43.039       
 10.763	 -0.763	 46.216       
 12.560	 -0.008	 49.508       
 14.016	 -1.946	 52.404       
 14.568	  0.111	 55.537       
 16.706	 -2.378	 57.512       
 19.273	 -2.276	 54.696       
 18.705	  1.409	 54.094       
 18.221	  0.546	 50.429       
 15.741	  1.713	 47.766       
 15.438	 -0.252	 44.472       
 14.352	  0.178	 40.891       
 12.995	 -2.756	 38.896       
 12.749	 -2.367	 35.124       
 10.896	 -4.852	 32.953       
 10.793	 -5.857	 29.270       
 13.822	 -3.679	 28.480       
 14.025	 -1.942	 25.117       
 16.288	  0.376	 23.140       
 14.520	  3.368	 24.713       
 15.501	  2.171	 28.201       
 19.274	  2.474	 27.601       
 19.958	  5.243	 30.140       
 21.583	  6.387	 33.322       
 19.227	  5.956	 36.312       
 19.675	  8.091	 39.433       
 18.172	  7.811	 42.907       
 17.885	 11.059	 44.902       
 16.667	 12.609	 48.149       
 15.063	 15.994	 47.520       
 14.574	 18.280	 50.486       
 14.984	 22.024	 50.890       
 18.772	 22.659	 51.001       
 19.447	 18.911	 51.453       
 19.238	 17.552	 47.885       
 21.670	 14.639	 47.334       
 21.783	 12.294	 44.255       
 23.470	  8.913	 43.719       
 26.384	  8.759	 41.156       
 23.984	  7.157	 38.711       
 23.776	  3.727	 37.082       
 24.052	  3.017	 33.405       
 21.740	  0.415	 31.960       
 22.600	 -0.575	 28.379       
 20.146	 -2.624	 26.348       
 22.093	 -4.380	 23.584       
 21.009	 -6.464	 20.601       
  0.810	 16.981	 33.277       
  2.802	 20.141	 33.635       
  4.979	 21.174	 30.739       
  8.337	 22.877	 31.337       
  9.807	 24.765	 28.355       
 13.469	 25.702	 28.419       
 14.927	 28.324	 26.110       
 17.620	 28.196	 24.451       
 18.160	 24.453	 23.891       
 21.892	 25.081	 23.428       
 24.033	 28.267	 23.404       
 27.566	 29.638	 22.968       
 28.623	 32.210	 25.536       
 31.703	 34.218	 26.314       
 34.229	 34.411	 29.072       
 32.517	 37.166	 31.147       
 29.093	 37.621	 29.474       
 25.641	 37.970	 31.077       
 23.590	 34.812	 30.595       
 19.851	 34.406	 31.172       
 18.102	 31.051	 30.594       
 14.311	 30.733	 30.968       
 11.760	 28.177	 32.106       
  8.065	 28.421	 31.233       
  5.286	 26.270	 32.663       
  1.484	 25.866	 32.865       
  1.058	 27.321	 36.345       
  3.785	 26.065	 38.664       
  1.923	 27.294	 41.835       
  4.090	 29.705	 43.755       
  7.610	 28.962	 42.808       
  8.118	 25.251	 43.339       
 11.025	 25.181	 40.941       
 14.563	 23.969	 41.302       
 17.526	 24.891	 39.089       
 20.059	 22.039	 38.600       
 23.481	 22.215	 36.891       
 24.875	 19.060	 35.293       
 28.401	 18.674	 33.898       
 29.333	 15.901	 31.486       
 29.612	 12.713	 33.504       
 28.387	 14.055	 36.874       
 25.102	 13.949	 38.801       
 23.227	 17.275	 38.733       
 23.895	 19.746	 41.530       
 21.166	 22.051	 42.908       
 21.868	 25.745	 42.425       
 18.511	 27.311	 43.263       
 15.645	 26.376	 45.565       
 12.129	 27.831	 45.606       
 12.879	 29.683	 42.406       
 15.095	 32.491	 43.755       
 17.110	 31.212	 46.748       
 20.714	 30.188	 46.227       
 21.857	 26.766	 47.351       
 24.547	 26.605	 50.018       
 27.968	 27.315	 48.593       
 26.808	 28.574	 45.213       
 28.672	 31.587	 43.867       
 27.113	 35.061	 44.039       
 27.101	 35.271	 40.237       
 24.070	 32.994	 39.888       
 20.513	 34.145	 40.592       
 16.925	 33.110	 39.941       
 13.731	 35.051	 39.323       
 10.029	 34.830	 38.655       
  6.897	 33.455	 40.258       
  3.733	 32.073	 38.622       
  4.558	 30.380	 35.318       
  7.642	 32.325	 34.156       
 11.109	 31.723	 35.578       
 14.702	 32.511	 34.752       
 18.251	 31.713	 35.811       
 20.853	 34.424	 35.296       
 24.627	 34.155	 35.536       
 26.147	 37.660	 35.558       
 29.821	 37.293	 34.403       
 29.872	 33.726	 32.974       
 32.830	 32.035	 34.721       
 34.647	 29.122	 33.033       
 33.254	 26.642	 35.620       
 29.769	 27.399	 34.309       
 29.984	 25.353	 31.092       
 27.358	 22.587	 31.570       
 23.661	 21.665	 31.100       
 21.044	 23.501	 33.162       
 17.670	 21.987	 34.057       
 14.568	 23.379	 35.736       
 12.312	 21.009	 37.704       
  8.793	 21.805	 38.869       
  7.766	 20.047	 42.087       
  4.518	 21.987	 42.360       
  2.166	 19.237	 41.187       
  2.810	 15.488	 40.856       
  4.199	 14.010	 38.380       
  7.277	 16.169	 38.996       
  8.478	 17.378	 35.587       
 11.682	 18.607	 34.001       
 12.401	 21.210	 31.318       
 14.282	 19.926	 28.266       
 17.500	 21.622	 29.430       
 19.978	 24.258	 28.311       
 23.548	 23.397	 27.299       
 25.796	 26.395	 27.920       
 29.072	 26.383	 25.977       
 32.197	 28.521	 26.433       
BRIEF 1DZB B 222              
-13.199	-15.239	  1.968       
 -9.912	-13.303	  2.261       
 -9.583	-11.961	  5.783       
 -7.573	-11.754	  8.960       
 -9.561	-12.529	 12.138       
 -8.148	-10.770	 15.224       
 -8.595	-11.930	 18.839       
-10.929	-10.339	 21.370       
-10.519	 -6.924	 23.071       
 -8.451	 -6.995	 26.297       
 -8.181	 -4.821	 29.404       
 -5.239	 -5.392	 31.761       
 -3.306	 -3.861	 34.625       
 -0.061	 -1.988	 34.156       
  2.739	 -4.588	 34.337       
  0.662	 -7.301	 32.709       
  1.288	 -9.240	 29.511       
 -1.193	-10.041	 26.703       
 -0.915	-12.304	 23.645       
 -2.966	-11.289	 20.582       
 -3.756	-13.632	 17.712       
 -4.474	-13.043	 14.028       
 -5.840	-15.951	 12.002       
 -5.994	-15.892	  8.238       
 -8.527	-17.552	  5.953       
 -8.336	-17.637	  2.143       
 -4.534	-17.916	  2.125       
 -1.699	-19.619	  3.976       
  0.413	-17.309	  6.181       
  3.387	-19.521	  5.237       
  3.394	-17.943	  1.713       
  3.489	-14.360	  3.059       
  5.007	-12.017	  5.635       
  2.645	-10.897	  8.419       
  2.918	 -7.337	  9.766       
  1.695	 -5.807	 13.045       
  0.702	 -2.124	 13.468       
 -0.040	 -0.197	 16.705       
 -2.423	  2.818	 16.827       
 -2.835	  4.879	 20.036       
 -6.284	  6.418	 20.527       
 -6.636	  9.479	 18.289       
 -3.048	  9.040	 17.059       
 -1.148	  7.588	 14.138       
 -0.174	  4.208	 12.790       
  3.218	  2.789	 13.926       
  4.756	 -0.239	 12.156       
  5.859	 -2.556	 14.991       
  7.394	 -5.322	 12.878       
  6.769	 -8.330	 10.698       
  7.313	-12.030	 10.717       
  7.997	-14.409	  7.803       
  6.025	-17.419	  9.170       
  7.799	-19.939	  6.903       
 11.147	-19.690	  8.811       
 10.217	-17.400	 11.730       
 12.445	-14.459	 10.744       
 11.332	-11.237	 12.370       
 12.088	 -7.594	 11.730       
 11.020	 -4.762	 14.020       
 11.178	 -1.051	 14.611       
 13.892	 -0.959	 17.338       
 11.511	  0.901	 19.646       
  9.345	 -2.236	 20.005       
 11.982	 -4.951	 20.226       
 11.882	 -6.629	 23.631       
  8.443	 -5.117	 24.447       
  6.547	 -6.612	 21.504       
  7.240	-10.079	 20.107       
  5.831	-11.590	 16.921       
  5.534	-15.302	 16.432       
  3.572	-17.585	 14.116       
  2.020	-21.012	 13.821       
  1.682	-22.056	 10.169       
 -0.506	-25.146	 10.828       
 -3.029	-23.031	 12.744       
 -2.437	-20.293	 10.144       
 -2.115	-17.733	 12.931       
  0.307	-14.929	 13.767       
  0.732	-13.590	 17.298       
  1.796	-10.457	 19.167       
  3.011	-10.896	 22.721       
  3.040	 -7.545	 24.584       
  4.712	 -7.309	 28.029       
  5.257	 -4.958	 30.949       
  2.331	 -2.959	 29.641       
  1.947	  0.738	 30.440       
 -0.758	  3.344	 29.650       
  1.247	  4.305	 26.527       
  0.432	  0.762	 25.255       
 -3.338	  1.326	 25.241       
 -4.083	  1.085	 21.527       
 -5.697	 -0.844	 18.699       
 -3.309	 -3.527	 17.371       
 -3.687	 -4.488	 13.743       
 -2.281	 -7.379	 11.767       
 -1.789	 -7.172	  8.000       
 -0.592	 -8.898	  4.855       
  0.993	 -6.301	  2.501       
  1.655	 -7.396	 -1.104       
  1.129	 -5.566	 -4.403       
 -2.640	 -5.126	 -5.013       
 -3.323	 -7.733	 -2.254       
 -3.212	 -5.809	  1.006       
 -5.479	 -7.235	  3.686       
 -5.846	 -5.952	  7.272       
 -7.444	 -7.611	 10.302       
-10.154	 -5.569	 12.080       
 -7.872	 -4.681	 15.007       
 -7.882	 -5.776	 18.614       
 -8.189	 -3.064	 21.277       
 -5.859	 -3.344	 24.231       
 -6.612	 -1.127	 27.234       
 -4.187	 -0.773	 30.114       
 -5.962	  0.583	 33.211       
 -4.794	  1.774	 36.605       
 15.930	  5.605	 10.637       
 13.607	  6.876	  7.825       
 11.339	  9.813	  8.605       
  8.024	 10.539	  6.880       
  6.609	 14.034	  7.315       
  2.962	 14.544	  6.403       
  1.366	 17.919	  5.724       
 -1.317	 19.177	  6.759       
 -1.826	 17.500	 10.172       
 -5.553	 18.267	  9.844       
 -7.677	 20.146	  7.305       
-11.249	 21.331	  6.768       
-12.373	 21.248	  3.135       
-15.833	 21.198	  1.508       
-17.705	 18.687	 -0.704       
-16.149	 19.772	 -4.053       
-12.757	 21.200	 -3.146       
 -9.322	 19.964	 -4.224       
 -7.237	 18.318	 -1.525       
 -3.503	 17.822	 -1.870       
 -1.776	 16.054	  0.991       
  1.995	 15.544	  0.902       
  4.549	 13.113	  2.237       
  8.246	 13.911	  2.554       
 11.050	 11.534	  3.499       
 14.839	 11.046	  3.469       
 15.364	  9.239	  0.152       
 12.471	  6.869	  0.094       
 13.356	  4.498	 -2.725       
 12.134	  4.661	 -6.216       
  8.568	  4.989	 -4.979       
  8.029	  2.323	 -2.283       
  5.170	  4.333	 -0.779       
  1.538	  3.332	 -0.104       
 -1.371	  5.728	  0.628       
 -3.965	  4.303	  3.069       
 -7.395	  5.760	  3.952       
 -8.800	  5.174	  7.433       
-12.296	  6.114	  8.623       
-13.141	  6.344	 12.307       
-13.495	  2.813	 13.683       
-12.382	  0.982	 10.514       
 -9.078	 -0.639	  9.507       
 -7.110	  1.261	  6.854       
 -7.828	  0.471	  3.162       
 -5.035	  0.873	  0.546       
 -5.690	  3.580	 -2.035       
 -2.366	  3.681	 -3.861       
  0.553	  1.320	 -4.482       
  4.075	  2.129	 -5.708       
  3.427	  5.826	 -5.205       
  1.136	  6.359	 -8.201       
 -0.894	  3.248	 -9.087       
 -4.525	  3.132	 -7.980       
 -5.731	  0.231	 -5.854       
 -8.470	 -1.837	 -7.478       
-11.855	 -0.187	 -7.252       
-10.564	  3.181	 -6.049       
-12.429	  6.101	 -7.607       
-10.816	  7.982	-10.513       
-10.714	 11.167	 -8.410       
 -7.725	 10.100	 -6.315       
 -4.172	 10.159	 -7.684       
 -0.638	  9.850	 -6.280       
  2.579	 11.519	 -7.385       
  6.277	 11.782	 -6.948       
  9.256	  9.480	 -6.812       
 12.462	 10.291	 -4.926       
 11.671	 11.862	 -1.579       
  8.596	 14.005	 -2.121       
  5.197	 12.474	 -2.586       
  1.608	 13.675	 -2.695       
 -1.925	 12.377	 -2.748       
 -4.607	 14.366	 -4.548       
 -8.374	 14.180	 -4.517       
 -9.748	 16.250	 -7.459       
-13.350	 17.076	 -6.343       
-13.530	 15.907	 -2.709       
-16.502	 13.499	 -2.492       
-18.262	 13.097	  0.897       
-16.976	  9.496	  1.293       
-13.479	 10.974	  1.512       
-13.764	 12.352	  5.073       
-11.088	 10.250	  6.848       
 -7.453	 10.118	  7.965       
 -4.831	  9.545	  5.273       
 -1.485	  7.901	  5.969       
  1.572	  7.416	  3.809       
  3.876	  4.463	  4.580       
  7.379	  3.815	  3.212       
  8.396	  0.143	  2.770       
 11.561	  1.301	  1.049       
 13.962	  0.322	  3.839       
 13.214	 -1.646	  7.029       
 11.902	 -0.448	  9.719       
  8.940	  0.473	  7.505       
  7.638	  3.915	  8.594       
  4.386	  5.811	  8.684       
  3.833	  9.538	  8.174       
  1.962	 11.246	 11.032       
 -1.346	 11.293	  9.115       
 -3.795	 13.849	  7.745       
 -7.349	 14.181	  9.098       
 -9.770	 15.498	  6.456       
-13.117	 16.901	  7.604       
-16.147	 18.116	  5.647       
