BRIEF 1EGJ A 101              
 56.225	 65.454	 60.742  1.606
 52.543	 66.429	 60.654  1.180
 50.536	 68.337	 58.088  1.075
 48.932	 71.699	 58.612 -0.177
 45.178	 72.001	 59.090  1.233
 43.561	 72.099	 55.650  1.839
 41.573	 75.167	 54.544  0.292
 37.760	 74.981	 54.429  0.727
 35.123	 76.975	 52.587 -0.688
 31.511	 76.436	 51.612 -1.005
 29.904	 77.132	 48.304  0.087
 26.360	 77.064	 47.027 -1.456
 24.649	 76.464	 43.694 -1.300
 20.911	 76.984	 43.662 -0.892
 20.424	 75.174	 46.974 -0.411
 22.893	 72.305	 46.762 -0.347
 25.866	 72.942	 49.038  0.532
 29.404	 71.665	 48.984 -0.482
 32.503	 71.681	 51.092  0.836
 35.782	 72.559	 49.411  0.285
 39.265	 72.389	 50.926  1.811
 42.981	 72.515	 50.114 -1.024
 46.280	 71.693	 51.788  0.076
 49.607	 73.448	 51.889  0.939
 51.607	 71.196	 49.569 -2.396
 50.328	 68.928	 46.794 -1.156
 50.304	 65.263	 47.746 -0.800
 52.989	 62.977	 46.500 -1.163
 51.796	 60.519	 43.887 -1.316
 52.957	 57.533	 45.890 -1.498
 51.119	 58.655	 49.001 -1.237
 47.394	 59.154	 49.593 -0.436
 45.886	 61.913	 51.682  0.828
 43.091	 60.722	 53.908 -0.213
 40.549	 63.389	 54.859  1.218
 37.997	 63.323	 57.714  0.913
 35.027	 65.502	 57.022  1.120
 32.273	 66.498	 59.344  1.084
 29.593	 69.152	 59.426  0.819
 26.688	 69.766	 61.799  0.916
 24.068	 72.271	 62.981 -0.490
 24.665	 74.948	 65.615 -0.780
 22.214	 72.834	 67.707 -1.290
 24.152	 69.575	 67.911 -1.371
 27.870	 69.297	 68.708 -1.552
 30.883	 67.797	 66.944  0.675
 31.113	 64.778	 69.219 -0.601
 27.555	 63.856	 68.285 -0.985
 28.167	 64.091	 64.531 -0.373
 29.217	 61.601	 61.831 -0.828
 32.614	 62.125	 60.243 -1.062
 32.751	 60.575	 56.763 -1.062
 36.221	 59.942	 55.340 -1.453
 37.590	 60.480	 51.797 -0.939
 40.875	 59.973	 49.965 -1.046
 42.801	 62.299	 47.650 -1.011
 39.883	 64.660	 47.153 -0.703
 39.363	 68.377	 47.624 -0.037
 35.606	 68.619	 47.757 -0.483
 32.381	 67.006	 48.904 -0.873
 28.817	 67.424	 47.753 -0.853
 26.379	 67.918	 50.551  0.189
 23.003	 66.226	 51.071 -0.634
 19.883	 68.383	 51.004  0.527
 19.730	 70.673	 54.073  1.174
 17.047	 72.208	 56.278 -0.584
 16.049	 75.612	 55.000  0.331
 16.872	 78.512	 57.281  0.140
 19.496	 77.085	 59.581  0.382
 23.136	 77.630	 60.614 -0.831
 25.642	 74.841	 60.037  1.470
 29.311	 74.161	 60.643  0.237
 32.169	 72.152	 59.186  1.065
 35.746	 71.091	 59.812 -0.170
 38.283	 68.892	 58.112  1.408
 41.561	 67.277	 58.933  1.265
 44.096	 65.116	 57.117  1.641
 46.677	 62.401	 57.522  1.837
 49.357	 61.053	 55.277  1.209
 48.808	 57.326	 54.452 -0.939
 50.479	 54.654	 52.273 -0.023
 50.188	 50.857	 52.243 -0.149
 48.260	 51.039	 55.500 -0.579
 50.836	 53.022	 57.458 -0.544
 49.349	 56.326	 58.585 -0.810
 50.535	 59.743	 59.514  1.078
 49.737	 62.132	 62.321 -0.922
 46.156	 63.386	 61.977  1.032
 46.494	 67.137	 61.460  1.844
 44.821	 69.761	 63.639  0.161
 41.235	 70.345	 62.568  1.536
 40.651	 72.899	 59.867  1.844
 39.254	 76.152	 61.253 -0.648
 35.487	 75.724	 61.609  0.393
 33.723	 77.331	 58.705 -0.408
 29.999	 77.977	 58.989 -0.127
 27.119	 79.195	 56.895  0.201
 23.416	 79.919	 57.074 -0.469
 21.135	 77.913	 54.770  1.444
 18.875	 79.991	 52.531  0.015
 15.166	 80.284	 53.393  1.110
BRIEF 1EGJ L 215              
 67.461	 67.436	 50.295       
 68.528	 63.801	 50.046       
 71.811	 63.715	 48.147       
 72.555	 60.455	 46.328       
 76.191	 59.458	 45.604       
 77.070	 56.819	 42.973       
 80.294	 54.836	 43.252       
 82.200	 54.380	 41.138       
 81.642	 57.042	 38.472       
 82.698	 54.600	 35.744       
 83.941	 51.031	 35.516       
 85.162	 48.637	 32.852       
 83.808	 45.134	 33.433       
 84.522	 42.158	 31.178       
 81.804	 40.354	 29.237       
 80.279	 37.577	 31.238       
 81.766	 38.952	 34.431       
 80.010	 40.755	 37.264       
 79.204	 44.411	 37.837       
 78.075	 46.139	 40.981       
 77.392	 49.846	 41.365       
 76.787	 51.537	 44.705       
 74.560	 54.465	 45.561       
 74.711	 56.030	 49.071       
 72.255	 58.711	 50.265       
 73.053	 61.848	 52.395       
 70.074	 60.632	 54.498       
 67.595	 57.720	 54.664       
 65.106	 57.055	 51.888       
 62.928	 54.532	 53.696       
 59.434	 55.125	 55.067       
 55.887	 53.787	 54.724       
 57.439	 50.355	 54.619       
 59.321	 50.789	 51.372       
 62.678	 52.310	 50.336       
 61.986	 54.939	 47.633       
 65.075	 54.275	 45.571       
 64.803	 53.420	 41.909       
 67.475	 52.654	 39.332       
 67.719	 53.648	 35.678       
 69.538	 52.751	 32.479       
 70.177	 55.395	 29.913       
 71.803	 54.524	 26.687       
 73.520	 57.204	 24.632       
 70.916	 59.083	 22.593       
 68.302	 57.242	 24.601       
 66.089	 58.585	 27.393       
 66.352	 56.746	 30.640       
 64.382	 53.567	 31.043       
 63.083	 52.252	 34.367       
 65.288	 49.383	 35.545       
 64.484	 48.509	 39.184       
 61.733	 50.081	 41.245       
 61.233	 50.208	 44.991       
 64.728	 48.991	 45.664       
 64.490	 45.345	 44.563       
 61.724	 45.146	 41.934       
 62.674	 44.588	 38.313       
 60.734	 46.635	 35.844       
 58.489	 44.848	 33.361       
 60.946	 43.732	 30.711       
 64.276	 43.837	 32.520       
 66.685	 40.839	 32.049       
 67.295	 38.315	 34.840       
 70.885	 39.623	 34.863       
 69.728	 42.741	 36.581       
 69.190	 42.806	 40.332       
 68.884	 45.475	 43.036       
 69.203	 45.471	 46.828       
 69.727	 47.876	 49.732       
 67.716	 49.554	 52.459       
 67.983	 52.808	 54.373       
 70.947	 54.595	 52.845       
 73.083	 52.123	 50.959       
 72.034	 50.500	 47.692       
 73.690	 48.220	 45.186       
 72.721	 47.572	 41.612       
 74.229	 44.345	 40.359       
 74.519	 43.160	 36.754       
 75.612	 39.550	 36.433       
 76.656	 38.426	 33.918       
 77.584	 41.640	 32.135       
 76.431	 41.940	 28.527       
 77.154	 44.304	 25.645       
 73.650	 45.635	 25.523       
 74.494	 46.786	 29.043       
 77.044	 49.326	 27.877       
 75.320	 52.465	 29.208       
 75.231	 54.965	 32.045       
 73.300	 54.042	 35.217       
 71.379	 56.205	 37.704       
 69.772	 55.945	 41.097       
 67.056	 58.345	 42.002       
 65.549	 58.910	 45.438       
 61.859	 59.701	 45.832       
 61.522	 59.804	 49.655       
 61.376	 63.534	 50.295       
 61.186	 66.107	 47.519       
 63.037	 67.510	 45.665       
 63.327	 64.198	 43.861       
 66.974	 63.578	 42.959       
 69.355	 61.429	 40.888       
 72.918	 60.291	 41.440       
 75.899	 61.478	 39.415       
 75.684	 58.436	 37.201       
 77.932	 55.438	 36.551       
 78.986	 54.641	 32.973       
 80.229	 51.070	 32.534       
 82.187	 49.929	 29.553       
 82.026	 46.350	 28.478       
 85.497	 44.868	 28.202       
 86.463	 42.468	 25.425       
 89.148	 41.177	 23.068       
 91.214	 43.844	 21.330       
 90.249	 45.090	 17.837       
 92.249	 46.939	 15.220       
 90.933	 50.128	 13.602       
 89.612	 49.904	 10.073       
 90.992	 52.993	  8.410       
 89.347	 54.626	  5.453       
 90.414	 57.845	  3.697       
 88.240	 60.296	  1.717       
 89.443	 63.286	 -0.332       
 87.453	 66.564	 -0.603       
 84.459	 66.195	 -2.912       
 83.837	 68.035	 -6.115       
 80.917	 69.653	 -4.365       
 82.715	 71.139	 -1.395       
 85.513	 72.244	 -3.635       
 83.231	 74.356	 -5.883       
 82.923	 76.776	 -2.988       
 86.508	 77.221	 -1.796       
 86.216	 74.334	  0.644       
 88.546	 71.343	  1.049       
 88.011	 68.806	  3.800       
 89.665	 65.431	  4.076       
 88.000	 62.772	  6.204       
 89.512	 59.621	  7.703       
 87.396	 56.928	  9.391       
 88.648	 54.617	 12.093       
 85.936	 52.148	 12.791       
 85.223	 49.361	 15.204       
 88.266	 49.323	 17.446       
 88.924	 48.434	 21.094       
 90.306	 49.664	 23.534       
 89.137	 53.224	 23.021       
 92.630	 54.693	 22.870       
 93.281	 55.251	 19.201       
 95.736	 57.971	 18.292       
 95.984	 59.718	 14.916       
 98.393	 61.988	 13.110       
 98.276	 63.354	  9.579       
100.996	 63.588	  6.939       
100.864	 65.896	  3.930       
103.441	 64.978	  1.306       
105.614	 63.813	  4.191       
105.544	 66.820	  6.457       
103.376	 66.276	  9.531       
100.235	 68.317	 10.238       
 98.567	 69.528	 13.445       
 96.521	 72.499	 12.326       
 92.881	 71.961	 11.370       
 92.472	 68.408	 12.653       
 89.167	 67.709	 14.386       
 88.175	 64.147	 15.186       
 85.059	 62.751	 16.847       
 84.501	 59.598	 18.941       
 81.270	 57.599	 19.020       
 79.953	 55.762	 22.070       
 80.880	 52.072	 22.591       
 78.758	 49.935	 20.284       
 76.041	 47.884	 21.923       
 76.842	 44.746	 19.943       
 80.527	 44.472	 19.292       
 81.456	 46.741	 22.199       
 83.802	 48.515	 19.779       
 84.483	 52.216	 19.636       
 84.864	 54.428	 16.583       
 86.095	 57.886	 15.737       
 86.499	 60.079	 12.678       
 89.300	 62.566	 12.258       
 88.622	 65.420	  9.897       
 91.291	 67.750	  8.587       
 90.062	 70.880	  6.843       
 92.018	 73.147	  4.495       
 91.617	 76.043	  2.131       
 90.958	 74.853	 -1.434       
 94.249	 76.499	 -2.410       
 96.217	 75.023	  0.482       
 94.764	 71.674	 -0.675       
 95.609	 71.825	 -4.372       
 99.151	 72.875	 -3.461       
100.029	 69.313	 -2.586       
 99.833	 65.738	 -3.810       
 99.780	 62.891	 -1.256       
 97.508	 63.016	  1.763       
 98.138	 60.371	  4.425       
 96.217	 59.483	  7.567       
 97.727	 57.079	 10.063       
 96.427	 55.352	 13.154       
 98.347	 54.042	 16.155       
 96.596	 51.374	 18.266       
 97.673	 48.880	 20.946       
 96.656	 46.459	 18.169       
100.097	 46.785	 16.496       
103.159	 48.986	 17.194       
102.928	 49.207	 13.435       
100.781	 52.259	 12.377       
 97.740	 51.658	 10.164       
 98.275	 53.998	  7.212       
 95.876	 55.017	  4.476       
 96.538	 57.688	  1.830       
 95.497	 59.109	 -1.568       
 96.793	 60.984	 -4.652       
 94.729	 63.561	 -6.509       
BRIEF 1EGJ H 220              
 52.463	 50.551	 25.233       
 52.611	 53.945	 26.875       
 53.507	 56.791	 24.557       
 55.098	 60.133	 25.205       
 55.380	 62.265	 22.053       
 57.328	 65.415	 22.842       
 57.551	 68.557	 20.723       
 60.473	 69.133	 18.358       
 63.898	 70.891	 18.718       
 64.118	 74.599	 19.560       
 66.621	 77.388	 19.088       
 65.872	 80.344	 21.284       
 67.410	 83.754	 21.757       
 68.403	 84.669	 25.309       
 65.847	 86.450	 27.506       
 62.851	 84.947	 25.719       
 60.855	 81.783	 26.521       
 60.000	 78.429	 24.895       
 56.909	 76.305	 25.526       
 57.468	 72.632	 24.738       
 54.823	 69.953	 24.919       
 54.332	 66.233	 25.290       
 51.334	 64.189	 24.122       
 50.424	 61.103	 26.084       
 48.630	 57.908	 25.098       
 48.343	 54.264	 26.124       
 46.669	 54.853	 29.496       
 44.210	 57.246	 31.100       
 45.917	 60.630	 31.123       
 44.553	 61.770	 34.507       
 45.516	 58.585	 36.331       
 49.194	 59.611	 36.744       
 51.478	 62.621	 37.307       
 53.631	 64.028	 34.594       
 57.139	 64.668	 35.728       
 59.747	 66.840	 33.935       
 63.564	 66.514	 33.861       
 66.517	 68.549	 32.684       
 69.246	 66.397	 31.218       
 71.959	 69.023	 30.727       
 74.707	 68.191	 28.249       
 76.996	 65.331	 29.229       
 75.742	 65.080	 32.764       
 73.256	 63.674	 35.213       
 69.588	 64.438	 35.396       
 67.748	 67.208	 37.214       
 64.153	 67.020	 38.405       
 62.045	 70.021	 37.545       
 58.598	 69.365	 38.979       
 55.462	 67.282	 38.648       
 51.817	 67.943	 37.854       
 48.612	 66.156	 38.655       
 46.811	 66.201	 35.307       
 43.573	 65.763	 37.215       
 43.295	 68.996	 39.227       
 46.260	 70.760	 37.641       
 48.074	 70.327	 40.927       
 51.708	 71.299	 40.795       
 54.985	 70.864	 42.673       
 58.351	 72.243	 41.731       
 61.965	 71.727	 42.479       
 62.982	 75.066	 43.909       
 66.037	 75.507	 41.725       
 63.550	 75.734	 38.860       
 60.844	 77.742	 40.605       
 59.958	 80.824	 38.552       
 61.727	 79.489	 35.503       
 59.481	 76.586	 34.512       
 55.693	 76.428	 34.689       
 53.817	 73.188	 34.171       
 50.509	 73.053	 32.353       
 48.105	 70.385	 31.177       
 45.168	 70.050	 28.748       
 42.962	 67.035	 29.334       
 40.791	 67.150	 26.200       
 43.952	 66.599	 24.135       
 45.976	 64.701	 26.756       
 49.009	 66.972	 26.493       
 51.333	 68.253	 29.181       
 53.176	 71.417	 28.351       
 56.012	 73.163	 30.112       
 57.181	 76.764	 29.782       
 60.661	 78.169	 30.354       
 61.194	 81.911	 30.728       
 64.137	 84.257	 31.138       
 66.045	 81.781	 29.046       
 69.830	 81.956	 29.088       
 72.912	 80.092	 27.893       
 72.709	 77.792	 30.860       
 69.178	 76.670	 30.099       
 70.550	 74.871	 27.024       
 69.731	 71.213	 27.715       
 67.488	 68.230	 26.963       
 64.124	 68.204	 28.574       
 62.145	 65.016	 29.178       
 58.503	 64.518	 30.291       
 57.853	 61.330	 32.165       
 54.781	 59.634	 33.573       
 54.513	 58.655	 37.201       
 53.238	 55.516	 38.894       
 52.277	 56.002	 42.483       
 53.007	 52.391	 43.192       
 56.628	 53.540	 43.428       
 56.371	 57.251	 42.687       
 58.876	 57.874	 39.999       
 59.566	 58.154	 36.282       
 58.093	 55.026	 34.754       
 57.832	 56.073	 31.170       
 59.920	 58.609	 29.344       
 59.509	 60.648	 26.210       
 62.381	 60.900	 23.775       
 63.149	 64.425	 24.970       
 63.394	 67.951	 23.550       
 66.659	 69.782	 22.739       
 66.521	 73.465	 23.534       
 69.360	 75.656	 22.419       
 69.672	 79.164	 23.849       
 71.985	 81.257	 21.668       
 71.925	 84.308	 19.385       
 73.753	 82.545	 16.567       
 71.753	 82.297	 13.368       
 70.184	 79.117	 12.135       
 72.363	 77.872	  9.272       
 71.416	 75.266	  6.711       
 73.920	 72.388	  6.451       
 76.065	 71.447	  3.489       
 76.113	 67.814	  2.538       
 79.243	 66.603	  0.712       
 79.367	 63.036	 -0.597       
 82.395	 61.004	  0.508       
 83.183	 58.225	 -1.934       
 86.074	 55.770	 -2.177       
 89.086	 56.601	 -4.307       
 90.591	 54.326	 -7.077       
 91.614	 50.938	 -5.602       
 90.895	 50.139	 -1.977       
 92.979	 47.517	  0.175       
 91.541	 43.967	 -0.080       
 87.925	 44.971	 -0.447       
 85.196	 42.653	  0.640       
 83.255	 45.274	  2.449       
 83.722	 48.863	  1.272       
 83.064	 51.915	  3.432       
 81.357	 55.088	  2.282       
 80.843	 58.443	  3.942       
 78.709	 61.512	  4.104       
 79.949	 64.758	  5.569       
 77.510	 67.356	  6.938       
 79.148	 70.657	  7.798       
 78.528	 74.266	  8.797       
 75.083	 73.917	 10.338       
 73.250	 75.342	 13.299       
 71.623	 74.625	 15.710       
 71.118	 70.984	 16.629       
 70.344	 68.295	 15.894       
 70.576	 66.754	 12.487       
 68.802	 63.571	 11.515       
 70.983	 61.537	  9.177       
 69.887	 58.226	  7.574       
 71.015	 55.795	  4.898       
 68.688	 55.040	  2.051       
 65.602	 56.204	  3.817       
 67.012	 54.232	  6.703       
 66.328	 50.887	  5.095       
 70.087	 50.376	  5.183       
 71.203	 50.814	  8.826       
 73.728	 48.116	  9.685       
 77.362	 49.162	  9.647       
 76.589	 52.855	  9.951       
 78.475	 55.259	 12.214       
 77.215	 58.793	 12.729       
 79.703	 60.690	 14.826       
 78.974	 63.299	 17.476       
 79.009	 66.808	 16.009       
 81.724	 69.302	 16.863       
 81.061	 73.039	 17.122       
 83.446	 75.391	 15.387       
 82.955	 79.128	 15.297       
 79.246	 78.766	 16.113       
 78.824	 76.167	 13.372       
 78.385	 72.438	 13.777       
 80.023	 69.661	 11.782       
 79.576	 65.898	 11.666       
 80.316	 62.809	  9.572       
 78.690	 59.423	  8.938       
 80.207	 56.225	  7.581       
 78.188	 53.460	  6.173       
 79.863	 50.244	  5.263       
 78.395	 47.781	  2.776       
 79.670	 44.991	  0.690       
 81.332	 45.638	 -2.724       
 78.972	 43.261	 -4.419       
 76.303	 45.866	 -3.819       
 78.116	 49.134	 -4.601       
 78.057	 50.754	 -7.011       
 75.821	 47.777	 -7.904       
 72.773	 49.333	 -6.272       
 72.612	 52.997	 -5.303       
 73.460	 54.260	 -1.847       
 71.842	 57.538	 -0.867       
 72.642	 59.543	  2.208       
 69.631	 61.219	  3.856       
 70.456	 64.293	  5.948       
 67.922	 66.511	  7.766       
 68.009	 69.747	  9.739       
 64.654	 70.543	 11.360       
 65.721	 74.039	 12.405       
 66.576	 75.259	  8.894       
 63.601	 73.262	  7.608       
 65.941	 71.542	  5.245       
 66.363	 67.962	  4.021       
 68.857	 66.684	  1.474       
 69.665	 63.422	 -0.261       
 73.060	 62.713	 -1.746       
 73.384	 59.591	 -3.807       
 76.938	 58.352	 -3.438       
 78.642	 58.028	 -6.782       
 82.227	 56.834	 -7.445       
 84.715	 59.607	 -8.246       
 85.647	 60.325	-11.884       
