BRIEF 1EO8 A 319              
 62.650	 57.287	123.093 -1.720
 62.586	 55.741	119.612 -0.268
 62.832	 57.256	116.125  0.735
 61.726	 56.053	112.694  0.157
 63.728	 56.222	109.460  0.671
 61.912	 55.168	106.314  0.650
 63.677	 54.421	103.052  0.671
 61.812	 55.246	 99.897  0.668
 61.956	 56.155	 96.215  0.727
 60.499	 59.078	 94.226  0.727
 57.436	 58.863	 92.040  0.735
 55.588	 61.227	 89.717  0.734
 51.999	 62.250	 89.156 -1.156
 52.267	 61.082	 85.512  0.540
 54.330	 58.106	 84.423  0.668
 54.645	 56.557	 80.974  0.740
 53.858	 53.004	 79.994 -1.672
 56.701	 50.940	 78.562  0.734
 56.918	 47.363	 77.213 -0.367
 59.183	 44.888	 79.007  0.740
 59.852	 41.171	 78.811  0.329
 56.855	 40.298	 80.929  0.740
 54.642	 43.389	 80.832 -2.397
 53.373	 44.787	 77.550  0.719
 52.607	 48.113	 79.229  0.246
 53.963	 49.051	 82.655 -0.280
 54.424	 52.480	 84.215  0.710
 57.882	 53.913	 84.605  0.734
 58.468	 57.493	 85.795  0.740
 60.017	 58.713	 82.559  0.737
 61.135	 57.445	 79.165  0.735
 62.360	 58.467	 75.736  0.740
 61.236	 57.672	 72.198  0.710
 63.714	 55.674	 70.129  0.671
 61.710	 55.932	 66.891  0.734
 61.773	 59.087	 64.794  0.719
 58.477	 59.586	 63.038  0.387
 58.502	 63.126	 61.776 -1.573
 60.115	 65.178	 59.078  0.746
 60.253	 68.941	 58.519 -0.866
 59.050	 68.268	 55.013 -0.028
 61.945	 70.112	 53.429 -1.991
 65.326	 68.827	 52.329  0.536
 68.240	 70.665	 53.967  0.650
 70.773	 71.744	 51.395 -1.157
 73.582	 70.980	 53.810 -0.611
 76.035	 69.325	 54.505  0.370
 75.314	 67.189	 51.414  0.498
 75.501	 68.682	 47.906 -0.806
 71.855	 68.444	 46.924 -0.591
 71.457	 69.092	 43.140  0.671
 67.758	 69.365	 42.238  0.719
 66.769	 67.935	 38.875  0.668
 63.709	 70.227	 38.495 -3.179
 62.042	 69.430	 35.170 -0.373
 64.852	 66.973	 34.223  0.650
 65.721	 63.342	 35.146  0.550
 69.455	 62.435	 35.525  0.671
 69.332	 60.418	 32.321 -0.298
 68.168	 63.490	 30.277  0.719
 70.762	 65.690	 31.924  0.533
 73.238	 63.000	 30.863  0.354
 72.186	 62.732	 27.237  0.671
 71.857	 66.523	 27.026  0.668
 68.161	 67.027	 26.356  0.719
 68.034	 70.807	 25.631  0.682
 65.870	 71.830	 28.604  0.509
 68.504	 70.034	 30.713  0.650
 71.660	 71.433	 29.207  0.007
 71.841	 73.493	 32.372 -3.191
 73.333	 70.418	 34.145 -0.387
 76.322	 69.973	 31.897  0.245
 79.199	 69.129	 34.175  0.080
 77.185	 69.085	 37.395 -0.610
 78.241	 67.103	 40.436 -0.871
 76.263	 66.108	 43.505  0.560
 76.203	 64.087	 46.653  0.719
 72.478	 63.416	 46.125  0.671
 70.776	 64.204	 42.813 -0.046
 67.084	 64.704	 43.486 -1.874
 64.534	 63.709	 40.812  0.710
 61.027	 65.203	 40.752  0.718
 57.849	 63.296	 40.062 -0.168
 56.723	 65.190	 36.990 -1.254
 60.098	 65.717	 35.289  0.735
 59.787	 65.241	 31.519 -0.745
 61.762	 64.589	 28.394  0.746
 61.338	 66.822	 25.428 -0.260
 63.880	 65.692	 22.809  0.650
 64.125	 62.739	 20.410  0.659
 61.961	 59.858	 21.657  0.682
 64.173	 57.119	 23.069  0.659
 64.626	 54.282	 25.386  0.232
 67.422	 52.857	 27.467  0.115
 67.600	 49.085	 27.538  0.368
 68.463	 48.562	 31.230 -0.259
 67.727	 52.160	 32.183 -0.063
 67.862	 51.405	 35.888 -1.353
 71.520	 50.440	 35.688  0.206
 72.656	 53.426	 33.602  0.671
 70.804	 55.695	 36.069  0.479
 72.250	 53.885	 39.075  0.746
 75.886	 53.938	 37.867 -0.988
 75.690	 57.538	 36.816 -0.511
 73.853	 58.331	 40.028  0.735
 76.814	 56.843	 41.860  0.746
 79.564	 58.241	 39.606  0.746
 78.269	 61.540	 41.012  0.668
 79.450	 63.700	 38.074  0.355
 78.412	 64.618	 34.486  0.671
 81.850	 65.904	 33.609 -0.070
 82.046	 65.384	 29.856  0.666
 85.268	 65.438	 27.852 -2.949
 84.852	 65.883	 24.086 -1.391
 87.211	 63.723	 22.083  0.710
 87.960	 64.016	 18.408 -3.205
 86.163	 61.158	 16.808  0.666
 86.595	 61.176	 13.015 -0.853
 83.452	 60.151	 11.157  0.560
 84.757	 59.898	  7.573 -1.518
 82.066	 60.216	  4.867  0.668
 78.888	 60.706	  6.907  0.734
 77.074	 63.897	  7.828 -0.442
 77.650	 64.691	 11.497  0.719
 75.275	 66.508	 13.866 -0.743
 71.699	 65.688	 12.901  0.668
 68.827	 67.456	 14.646 -1.551
 65.082	 66.865	 14.670  0.746
 62.242	 69.191	 15.408 -3.209
 61.134	 66.952	 18.259 -0.911
 64.243	 68.197	 20.046  0.650
 64.087	 71.862	 19.173 -0.370
 67.313	 73.469	 20.291  0.479
 66.118	 77.013	 20.560 -1.140
 63.658	 77.891	 17.778 -0.917
 64.928	 75.366	 15.205 -3.192
 65.737	 71.680	 15.243 -3.209
 68.305	 70.285	 17.725 -0.891
 69.418	 67.040	 19.403  0.316
 71.092	 65.548	 22.515  0.666
 74.103	 67.727	 23.167  0.390
 76.147	 64.634	 23.966 -0.005
 75.488	 62.542	 20.886  0.671
 76.247	 62.888	 17.175  0.737
 73.487	 61.770	 14.803  0.560
 75.423	 60.328	 11.847  0.671
 73.601	 60.143	  8.515 -0.537
 74.675	 59.740	  4.887 -2.403
 76.646	 62.318	  2.946  0.542
 75.543	 62.670	 -0.643 -3.120
 74.323	 59.180	 -1.445 -3.214
 76.868	 57.266	  0.583 -2.045
 77.083	 55.943	  4.114  0.298
 80.446	 54.112	  4.294  0.367
 81.429	 51.527	  6.808 -3.055
 82.477	 53.523	  9.902 -0.347
 85.202	 51.898	 11.959  0.737
 86.917	 54.252	 14.404  0.734
 88.855	 53.820	 17.661  0.550
 89.764	 55.847	 20.741  0.295
 92.292	 54.663	 23.403  0.049
 92.024	 55.354	 27.106  0.737
 95.514	 56.707	 27.791 -0.043
 94.331	 58.265	 31.016 -1.494
 94.602	 56.955	 34.551 -1.287
 90.853	 56.728	 34.890 -0.031
 87.809	 54.816	 33.621  0.248
 85.789	 56.474	 30.863  0.705
 82.015	 56.103	 30.241  0.333
 80.883	 56.304	 26.607  0.659
 77.188	 56.848	 26.011 -0.069
 76.063	 55.881	 22.487  0.560
 72.874	 54.683	 20.745  0.668
 71.159	 53.206	 17.653 -0.298
 68.270	 54.615	 15.624  0.727
 65.256	 52.544	 14.737  0.727
 63.540	 54.022	 11.638  0.682
 59.737	 53.932	 11.430  0.379
 59.660	 52.738	  7.835  0.355
 61.998	 51.112	  5.320 -0.897
 62.172	 54.265	  3.192 -3.197
 63.513	 56.343	  6.125 -0.057
 66.101	 53.594	  6.750  0.719
 67.554	 53.733	  3.271  0.158
 66.972	 57.493	  2.910 -3.192
 69.054	 58.005	  6.047  0.331
 71.732	 55.343	  6.081  0.659
 71.451	 53.960	  2.571 -0.942
 72.054	 50.254	  3.358 -0.236
 68.803	 48.472	  4.205 -0.109
 70.026	 47.073	  7.519 -0.388
 72.352	 48.992	  9.832  0.668
 74.426	 47.667	 12.713 -1.661
 76.311	 49.164	 15.649 -0.368
 79.210	 47.201	 17.087  0.356
 80.935	 48.760	 20.050  0.531
 83.749	 47.025	 21.848  0.569
 86.714	 47.348	 24.137  0.740
 89.409	 44.687	 24.232 -1.185
 87.292	 42.181	 26.151 -0.539
 83.600	 42.950	 25.821 -0.167
 81.540	 43.710	 22.801  0.719
 77.998	 44.856	 21.882  0.482
 76.300	 44.627	 18.513  0.740
 72.867	 46.152	 18.041 -0.726
 70.828	 45.792	 14.845 -0.336
 68.101	 48.420	 14.376  0.682
 64.429	 47.427	 14.074  0.339
 62.238	 49.186	 11.483 -0.892
 58.624	 49.771	 12.452  0.668
 56.003	 52.282	 13.557 -0.835
 55.616	 53.230	 17.184  0.475
 53.299	 55.474	 19.220  0.682
 53.762	 58.993	 17.931 -2.458
 55.857	 60.961	 20.398 -0.090
 56.704	 64.567	 19.712  0.718
 55.553	 63.813	 16.210  0.319
 57.939	 60.925	 15.587 -2.024
 57.158	 57.207	 15.563  0.204
 60.784	 56.112	 15.330  0.321
 63.212	 55.856	 18.255 -0.007
 66.761	 55.925	 19.556 -0.073
 67.966	 53.179	 21.918  0.568
 70.698	 54.292	 24.325  0.538
 73.732	 52.202	 25.334  0.297
 76.943	 52.676	 27.328  0.560
 80.473	 51.284	 27.361  0.740
 83.011	 51.824	 30.127 -0.910
 86.585	 51.736	 28.966  0.734
 89.227	 50.911	 31.577  0.705
 92.625	 52.625	 31.488  0.367
 94.984	 50.929	 29.054  0.668
 92.014	 49.660	 27.076  0.719
 90.690	 51.022	 23.814 -1.752
 87.265	 51.711	 22.344  0.332
 86.337	 50.794	 18.771 -2.900
 83.031	 51.682	 17.138  0.134
 82.119	 49.994	 13.853 -0.837
 78.857	 50.585	 12.067  0.746
 77.448	 50.613	  8.575 -0.070
 74.353	 52.505	  9.561  0.668
 72.045	 53.710	 12.324  0.737
 74.712	 54.888	 14.811  0.671
 74.085	 57.809	 17.149 -0.070
 77.782	 58.451	 17.833  0.735
 79.329	 59.509	 21.131  0.682
 81.221	 62.782	 21.470  0.718
 83.504	 62.020	 24.342  0.668
 83.427	 60.331	 27.664  0.659
 82.063	 61.225	 31.056 -0.037
 84.632	 60.794	 33.847  0.438
 83.746	 58.222	 36.489 -1.589
 84.176	 58.622	 40.251 -1.620
 83.365	 56.368	 43.189 -2.358
 82.138	 58.364	 46.123  0.668
 79.254	 58.838	 48.468 -0.635
 76.804	 59.881	 45.761  0.568
 73.353	 58.692	 44.755  0.746
 69.958	 59.861	 43.489 -0.289
 66.563	 60.195	 45.229  0.303
 63.033	 60.462	 43.812 -0.484
 61.411	 63.284	 45.827  0.569
 58.941	 66.139	 45.604  0.484
 60.113	 67.733	 48.848 -0.083
 61.051	 71.461	 48.775  0.054
 64.739	 71.931	 49.389  0.536
 65.507	 74.535	 52.049 -3.058
 68.477	 76.067	 53.798 -1.260
 69.260	 74.167	 56.976  0.650
 71.450	 71.392	 58.247 -1.602
 70.578	 67.730	 58.419  0.568
 72.729	 64.676	 57.737  0.195
 69.744	 62.405	 57.262  0.650
 67.573	 63.048	 54.224  0.736
 64.557	 60.855	 53.409  0.740
 62.135	 61.401	 50.465  0.682
 59.708	 62.843	 53.048  0.737
 62.166	 65.622	 53.804  0.668
 65.160	 65.644	 56.193  0.569
 64.752	 63.986	 59.602  0.736
 66.870	 64.199	 62.748 -0.911
 69.330	 61.379	 63.306  0.737
 69.376	 61.488	 67.116 -0.474
 67.194	 58.421	 67.957  0.438
 68.362	 54.928	 66.889  0.682
 65.405	 54.001	 64.650  0.666
 63.005	 55.908	 62.312  0.484
 59.575	 55.181	 60.867  0.540
 59.510	 57.851	 58.221  0.326
 60.670	 56.089	 55.070  0.737
 62.709	 53.053	 54.208 -0.385
 64.597	 55.072	 51.657  0.335
 67.381	 57.066	 53.270  0.740
 70.624	 58.912	 52.481  0.659
 73.419	 59.934	 54.850  0.668
 73.722	 59.280	 58.564  0.097
 70.235	 57.923	 59.305  0.650
 68.446	 55.886	 61.990  0.682
 67.425	 52.296	 61.083 -0.156
 64.006	 52.002	 59.462  0.659
 61.599	 49.842	 61.437 -0.532
 57.912	 49.076	 61.213 -0.105
 57.122	 50.420	 64.698  0.719
 55.902	 53.963	 65.251 -1.679
 56.769	 54.361	 68.899  0.550
 59.370	 52.630	 71.096  0.671
 59.839	 54.086	 74.591  0.705
 63.101	 53.277	 76.390  0.671
 62.464	 53.418	 80.094  0.735
 64.737	 56.017	 81.678  0.740
 63.478	 55.752	 85.241  0.668
 62.273	 53.367	 87.937  0.730
 58.775	 52.049	 88.221  0.718
 56.284	 54.719	 89.209  0.737
 54.251	 53.616	 92.173 -0.088
 52.009	 56.501	 93.319  0.364
 50.319	 56.525	 96.740  0.710
 47.441	 54.794	 94.917 -0.622
 48.130	 52.176	 97.570  0.481
BRIEF 1EO8 B 175              
 61.300	 43.795	 90.087       
 63.707	 41.030	 90.917       
 64.508	 42.709	 94.196       
 61.132	 43.115	 95.727       
 61.833	 46.598	 97.104       
 60.129	 49.052	 94.700       
 56.503	 47.877	 94.129       
 57.110	 45.255	 96.787       
 58.069	 45.762	100.414       
 58.127	 49.531	 99.821       
 54.415	 50.329	 99.494       
 54.431	 53.296	 97.136       
 56.643	 56.212	 96.162       
 57.100	 59.857	 97.115       
 55.962	 62.458	 94.590       
 57.150	 64.792	 97.345       
 60.793	 63.812	 97.023       
 61.852	 66.022	 94.159       
 65.588	 66.429	 94.967       
 66.495	 62.776	 94.460       
 65.299	 59.325	 93.443       
 65.934	 57.641	 96.681       
 66.076	 59.068	100.158       
 64.801	 59.030	103.704       
 61.867	 60.203	105.793       
 61.900	 60.170	109.546       
 60.094	 60.967	112.775       
 61.814	 61.515	116.059       
 60.899	 63.182	119.352       
 60.991	 66.737	117.904       
 59.420	 66.069	114.516       
 59.521	 64.730	111.007       
 61.802	 65.397	108.060       
 62.938	 64.092	104.664       
 66.055	 64.091	102.456       
 67.267	 62.499	 99.183       
 70.253	 60.161	 98.971       
 72.663	 61.328	 96.278       
 74.822	 58.206	 95.917       
 72.087	 55.684	 95.029       
 70.443	 58.368	 92.964       
 73.601	 58.850	 90.910       
 74.196	 55.080	 90.531       
 70.761	 54.751	 88.962       
 71.114	 57.850	 86.861       
 74.634	 56.883	 85.784       
 73.686	 53.309	 84.682       
 70.628	 54.464	 82.804       
 72.684	 57.218	 81.136       
 75.346	 54.689	 80.117       
 72.650	 52.466	 78.667       
 71.109	 55.523	 76.986       
 74.434	 56.371	 75.289       
 74.980	 52.927	 73.783       
 71.541	 53.187	 72.153       
 71.312	 56.881	 71.270       
 73.161	 58.710	 68.489       
 75.079	 55.792	 66.910       
 73.753	 55.878	 63.347       
 75.451	 54.153	 60.426       
 76.017	 56.114	 57.257       
 74.795	 54.628	 54.004       
 74.765	 56.315	 50.596       
 73.830	 54.618	 47.307       
 71.855	 51.422	 47.976       
 69.147	 49.625	 45.988       
 65.877	 51.020	 44.788       
 62.837	 50.365	 46.929       
 59.830	 51.749	 45.086       
 58.780	 50.825	 41.607       
 56.799	 52.368	 38.748       
 56.220	 49.224	 36.663       
 55.657	 45.523	 37.287       
 58.823	 43.649	 36.427       
 59.013	 40.268	 37.978       
 61.913	 38.192	 39.190       
 64.379	 40.969	 40.142       
 61.970	 43.492	 41.636       
 60.498	 40.554	 43.657       
 63.933	 39.808	 44.947       
 64.711	 43.571	 45.433       
 61.537	 43.875	 47.470       
 62.142	 40.629	 49.401       
 65.682	 41.736	 50.396       
 64.460	 45.050	 51.796       
 61.354	 43.601	 53.437       
 63.443	 40.912	 55.058       
 65.832	 43.584	 56.296       
 63.173	 45.737	 57.842       
 61.565	 42.848	 59.779       
 64.887	 41.669	 61.241       
 65.609	 45.295	 62.256       
 62.093	 45.658	 63.694       
 62.705	 42.479	 65.710       
 65.953	 44.029	 66.862       
 64.274	 47.216	 68.098       
 61.381	 45.562	 69.812       
 63.619	 43.090	 71.720       
 66.121	 45.761	 72.765       
 63.481	 47.947	 74.376       
 61.975	 44.918	 76.084       
 65.306	 43.653	 77.484       
 66.486	 47.197	 78.209       
 63.308	 48.068	 80.131       
 63.213	 44.843	 82.119       
 66.783	 45.614	 82.966       
 66.267	 49.263	 83.999       
 63.383	 48.244	 86.261       
 65.271	 45.400	 87.976       
 68.301	 47.666	 88.245       
 66.563	 50.598	 89.918       
 64.858	 48.010	 92.176       
 68.303	 46.829	 93.145       
 69.529	 50.330	 94.010       
 66.611	 50.917	 96.356       
 67.250	 47.667	 98.157       
 70.990	 48.367	 98.248       
 70.351	 51.582	100.132       
 68.113	 49.653	102.462       
 70.805	 47.075	103.210       
 73.441	 49.829	103.596       
 71.271	 51.487	106.216       
 70.242	 48.179	107.843       
 73.919	 47.345	108.314       
 74.787	 50.777	109.793       
 72.055	 50.502	112.390       
 73.461	 47.234	113.867       
 71.531	 46.242	117.022       
 70.101	 49.697	117.436       
 67.147	 49.183	115.170       
 64.579	 46.672	114.043       
 62.870	 46.455	110.662       
 59.199	 47.096	110.375       
 59.073	 45.625	106.893       
 57.520	 48.533	104.975       
 60.894	 50.057	104.304       
 61.164	 51.497	107.825       
 63.563	 50.811	110.668       
 62.357	 51.445	114.174       
 65.349	 53.070	115.895       
 65.208	 52.008	119.536       
 66.881	 55.061	121.013       
 66.567	 58.814	120.861       
 67.737	 60.071	117.484       
 67.414	 63.820	116.860       
 67.725	 65.255	113.356       
 71.538	 65.334	113.696       
 71.491	 61.725	114.655       
 69.211	 60.961	111.696       
 71.626	 62.839	109.461       
 74.672	 60.891	110.653       
 72.879	 57.821	109.357       
 71.957	 59.530	106.096       
 75.623	 60.398	105.528       
 76.989	 57.139	106.852       
 78.859	 58.437	109.902       
 76.435	 56.954	112.442       
 78.445	 55.230	115.219       
 76.365	 52.452	116.646       
 78.602	 51.834	119.681       
 77.634	 55.286	120.982       
 73.953	 54.266	121.167       
 74.202	 50.534	121.781       
 73.281	 50.190	125.453       
 70.381	 52.554	125.030       
 69.063	 50.732	121.994       
 69.509	 47.215	123.390       
 67.728	 48.197	126.566       
 64.561	 49.346	124.780       
 64.602	 46.509	122.278       
 64.676	 44.205	125.242       
 62.746	 45.954	128.051       
 61.213	 44.096	130.960       
 57.568	 43.947	132.035       
 58.421	 45.653	135.305       
BRIEF 1EO8 L 210              
 63.364	 97.906	 48.816       
 66.298	 97.161	 46.460       
 65.252	 99.474	 43.751       
 66.673	 98.726	 40.314       
 67.206	101.779	 38.202       
 67.761	100.046	 34.944       
 67.882	103.000	 32.661       
 68.841	103.442	 29.095       
 65.085	104.003	 28.807       
 64.765	103.688	 25.047       
 67.373	102.506	 22.593       
 67.568	102.831	 18.852       
 70.266	100.780	 17.201       
 71.138	 99.375	 13.799       
 71.906	 95.743	 12.907       
 75.383	 94.756	 14.029       
 75.386	 97.656	 16.487       
 76.673	 96.695	 19.915       
 74.194	 97.490	 22.660       
 74.670	 97.644	 26.421       
 72.072	 98.483	 29.029       
 72.730	 99.066	 32.673       
 70.708	 98.479	 35.850       
 71.614	 99.725	 39.338       
 70.534	 98.473	 42.767       
 69.755	100.842	 45.676       
 71.908	 98.711	 48.022       
 73.860	 95.492	 47.077       
 72.883	 92.263	 45.192       
 74.570	 88.965	 44.235       
 73.029	 88.123	 40.886       
 70.947	 89.986	 38.293       
 68.259	 88.304	 36.210       
 67.106	 89.717	 32.879       
 63.666	 89.040	 31.410       
 62.977	 89.905	 27.808       
 59.533	 91.076	 26.855       
 58.106	 91.610	 23.416       
 54.522	 92.754	 22.988       
 51.476	 90.812	 24.146       
 53.480	 88.052	 25.735       
 54.742	 87.048	 29.212       
 58.299	 87.863	 30.148       
 60.875	 85.178	 29.171       
 63.954	 84.559	 31.322       
 66.869	 85.758	 29.148       
 69.960	 85.939	 31.377       
 69.932	 84.576	 34.909       
 72.593	 84.644	 37.620       
 74.057	 87.783	 36.107       
 75.824	 86.126	 33.200       
 74.240	 82.802	 32.316       
 71.976	 82.553	 29.255       
 68.627	 80.793	 29.388       
 67.833	 78.075	 26.843       
 67.793	 79.420	 23.330       
 68.966	 82.925	 24.129       
 71.355	 83.631	 21.178       
 75.052	 83.963	 21.933       
 75.152	 87.680	 21.043       
 73.759	 88.234	 24.577       
 75.773	 88.381	 27.754       
 75.517	 89.892	 31.181       
 77.784	 91.166	 33.897       
 78.015	 93.186	 37.076       
 78.866	 92.369	 40.664       
 77.859	 95.113	 43.030       
 75.391	 97.864	 42.426       
 75.795	 98.268	 38.685       
 74.943	 95.446	 36.291       
 74.376	 95.295	 32.579       
 73.088	 93.422	 29.545       
 75.177	 93.829	 26.434       
 74.414	 92.632	 22.888       
 77.386	 92.172	 20.557       
 75.453	 92.900	 17.391       
 71.747	 93.851	 17.346       
 69.485	 91.784	 15.093       
 65.866	 92.656	 14.185       
 64.593	 89.813	 16.414       
 66.163	 91.509	 19.533       
 63.828	 94.506	 19.543       
 62.044	 93.841	 22.809       
 61.780	 95.367	 26.231       
 64.365	 94.221	 28.771       
 63.829	 94.122	 32.520       
 66.348	 93.532	 35.313       
 65.392	 91.482	 38.304       
 66.916	 91.597	 41.757       
 66.001	 88.597	 43.867       
 67.957	 89.461	 47.057       
 64.870	 90.031	 49.249       
 61.367	 90.885	 48.194       
 62.218	 90.698	 44.541       
 62.058	 93.795	 42.372       
 62.305	 94.516	 38.640       
 63.736	 97.407	 36.633       
 61.626	 99.868	 34.692       
 62.828	 98.257	 31.484       
 64.645	 99.428	 28.351       
 62.821	 99.552	 25.056       
 65.253	 98.201	 22.494       
 64.161	 99.541	 19.144       
 66.070	 98.700	 16.014       
 66.408	101.168	 13.217       
 65.901	100.200	  9.597       
 65.755	101.885	  6.187       
 62.960	104.440	  5.941       
 59.728	103.403	  4.214       
 56.658	105.351	  3.191       
 53.214	104.608	  4.773       
 50.821	102.346	  2.799       
 47.600	104.351	  3.107       
 44.002	103.187	  2.604       
 40.826	104.981	  3.752       
 37.353	103.427	  4.269       
 33.792	104.852	  4.565       
 31.091	104.391	  7.293       
 29.573	101.037	  6.333       
 25.821	101.083	  5.664       
 25.707	 98.856	  8.719       
 27.221	101.399	 11.134       
 25.233	104.103	  9.389       
 21.913	102.357	 10.054       
 22.585	102.875	 13.800       
 23.135	106.598	 13.289       
 26.917	106.596	 13.512       
 29.704	107.087	 10.983       
 33.301	106.129	 11.655       
 35.636	106.769	  8.686       
 38.849	104.798	  9.326       
 42.299	105.357	  7.775       
 45.139	102.806	  7.945       
 48.727	104.038	  7.616       
 50.640	100.750	  7.503       
 54.238	 99.578	  7.535       
 56.028	102.920	  7.521       
 59.319	103.977	  9.080       
 60.219	106.070	 11.142       
 57.437	106.089	 13.704       
 57.129	109.791	 12.987       
 53.935	110.237	 10.883       
 51.383	113.036	 10.355       
 47.683	112.374	  9.615       
 45.681	115.346	  8.401       
 42.186	113.977	  8.745       
 39.419	116.609	  8.698       
 39.442	116.827	  4.885       
 42.211	119.171	  3.632       
 41.200	122.819	  3.859       
 38.301	121.928	  6.159       
 41.035	120.146	  8.161       
 40.156	121.103	 11.742       
 40.922	117.930	 13.696       
 38.374	117.107	 16.417       
 36.478	113.820	 16.097       
 39.628	111.807	 15.430       
 40.998	108.993	 17.592       
 44.485	107.687	 16.783       
 46.367	104.452	 17.544       
 49.597	102.700	 16.582       
 51.300	 99.386	 16.787       
 54.694	 99.025	 18.387       
 57.718	 98.163	 16.245       
 57.430	 94.746	 14.560       
 60.418	 92.378	 14.837       
 60.733	 91.137	 11.233       
 59.337	 94.093	  9.328       
 60.517	 96.539	 11.960       
 58.183	 99.113	 10.518       
 55.347	100.844	 12.361       
 51.638	101.141	 11.499       
 48.746	103.371	 12.554       
 44.939	103.640	 12.402       
 43.074	106.924	 12.594       
 39.307	107.118	 12.905       
 36.921	109.964	 12.196       
 33.536	109.514	 13.814       
 30.568	111.761	 12.946       
 26.816	111.749	 13.601       
 25.432	109.798	 10.552       
 23.386	112.573	  8.905       
 26.032	115.220	  9.677       
 28.390	112.844	  7.834       
 25.630	112.724	  5.184       
 25.539	116.540	  5.091       
 29.125	116.889	  3.804       
 31.212	116.780	  0.634       
 33.951	114.182	  0.222       
 36.076	112.685	  2.923       
 39.844	112.899	  2.671       
 42.642	111.448	  4.798       
 46.029	113.034	  4.032       
 49.339	111.780	  5.488       
 52.762	113.424	  5.815       
 55.920	111.362	  6.369       
 59.719	111.807	  6.037       
 59.721	109.759	  2.834       
 58.085	112.608	  0.961       
 57.284	116.280	  1.107       
 54.029	115.493	 -0.737       
 51.393	114.001	  1.672       
 49.766	110.680	  0.639       
 46.066	111.057	  0.026       
 43.354	108.409	 -0.353       
 39.698	109.472	 -0.399       
 36.053	108.652	 -1.130       
 33.711	111.338	 -2.383       
 30.146	110.634	 -1.321       
 27.415	110.833	  1.314       
BRIEF 1EO8 H 217              
 55.202	 70.322	 29.788       
 55.384	 73.024	 32.399       
 52.301	 75.199	 32.063       
 50.658	 77.733	 34.344       
 47.176	 78.299	 32.975       
 45.586	 81.424	 34.375       
 41.908	 82.318	 34.766       
 40.194	 84.595	 32.312       
 40.373	 88.400	 32.488       
 38.239	 90.257	 35.018       
 36.238	 93.401	 35.745       
 35.456	 94.142	 39.372       
 33.940	 97.407	 40.610       
 36.094	 99.710	 42.734       
 36.155	 98.367	 46.273       
 35.444	 94.662	 45.842       
 37.920	 91.903	 45.203       
 38.951	 89.784	 42.268       
 40.243	 86.221	 42.646       
 42.777	 85.057	 40.031       
 43.619	 81.358	 39.597       
 46.682	 79.677	 38.139       
 46.686	 75.947	 37.353       
 50.144	 74.371	 37.293       
 50.876	 71.222	 35.387       
 54.155	 69.689	 34.112       
 55.929	 69.790	 37.493       
 55.165	 68.753	 41.096       
 53.017	 71.625	 42.378       
 54.074	 71.350	 46.048       
 57.794	 71.550	 45.189       
 58.209	 75.129	 44.057       
 56.943	 78.491	 45.147       
 54.411	 80.128	 42.887       
 55.006	 83.835	 42.681       
 52.678	 86.680	 41.659       
 53.810	 89.784	 39.623       
 51.644	 92.407	 37.922       
 51.901	 94.766	 34.973       
 50.233	 98.148	 35.284       
 50.257	100.063	 31.950       
 53.381	102.155	 31.982       
 54.734	101.067	 35.365       
 56.917	 98.009	 34.805       
 56.665	 94.821	 36.869       
 55.500	 94.809	 40.488       
 56.241	 91.834	 42.749       
 53.051	 91.079	 44.692       
 53.938	 87.971	 46.721       
 54.291	 84.168	 46.761       
 53.177	 80.882	 48.318       
 54.751	 77.435	 48.714       
 51.842	 75.042	 48.110       
 51.458	 72.536	 50.897       
 53.213	 74.673	 53.493       
 51.688	 77.956	 52.550       
 54.802	 79.847	 53.638       
 53.533	 82.969	 51.982       
 55.696	 86.082	 51.547       
 54.019	 89.350	 50.722       
 55.504	 92.550	 49.442       
 54.677	 94.954	 52.279       
 52.622	 97.067	 49.879       
 50.045	 94.330	 49.360       
 49.997	 92.784	 52.835       
 46.500	 92.219	 54.198       
 45.070	 93.325	 50.868       
 46.544	 90.403	 48.981       
 45.699	 86.806	 49.917       
 47.611	 83.786	 48.606       
 46.135	 80.289	 48.786       
 46.878	 77.121	 46.857       
 44.963	 73.875	 46.352       
 47.011	 70.697	 45.956       
 44.446	 68.270	 44.625       
 43.568	 70.639	 41.777       
 47.161	 71.781	 41.464       
 45.876	 75.359	 41.477       
 47.273	 78.363	 43.349       
 45.085	 81.459	 43.819       
 45.454	 85.141	 44.494       
 42.765	 87.347	 45.917       
 43.139	 91.142	 45.969       
 40.406	 93.046	 47.799       
 39.384	 96.674	 48.125       
 40.277	 97.598	 44.574       
 41.093	100.974	 43.038       
 41.651	101.724	 39.353       
 45.302	101.525	 40.442       
 44.990	 97.719	 40.623       
 43.888	 97.378	 36.989       
 46.673	 95.469	 35.232       
 47.855	 92.107	 33.936       
 48.710	 89.677	 36.744       
 51.103	 86.866	 35.934       
 51.843	 83.876	 38.169       
 55.186	 82.211	 37.772       
 57.353	 79.332	 38.932       
 60.943	 80.573	 38.777       
 62.399	 77.902	 41.088       
 65.826	 78.398	 42.594       
 67.412	 78.238	 39.183       
 65.913	 80.778	 36.744       
 67.002	 78.730	 33.781       
 63.688	 77.018	 34.773       
 61.394	 80.121	 35.190       
 57.814	 79.965	 33.745       
 55.262	 82.806	 33.679       
 51.514	 82.372	 33.074       
 49.730	 83.922	 30.110       
 48.418	 86.680	 32.278       
 45.055	 87.692	 33.713       
 43.744	 91.085	 32.708       
 42.034	 92.578	 35.712       
 39.935	 95.623	 34.853       
 38.721	 97.685	 37.854       
 35.585	 99.706	 37.054       
 31.984	100.702	 37.647       
 31.331	100.421	 33.933       
 28.986	 97.758	 32.649       
 30.148	 95.258	 30.009       
 28.921	 96.090	 26.517       
 29.141	 93.828	 23.462       
 31.077	 95.155	 20.480       
 29.667	 96.097	 17.100       
 31.908	 94.800	 14.306       
 31.651	 96.649	 11.007       
 33.116	 95.596	  7.692       
 35.872	 97.853	  6.284       
 35.819	 97.226	  2.543       
 37.108	 99.422	 -0.327       
 34.705	101.238	 -2.631       
 36.375	100.964	 -6.045       
 39.356	103.229	 -6.803       
 42.065	100.660	 -6.040       
 44.824	101.767	 -8.465       
 47.433	100.557	 -5.964       
 46.088	 97.017	 -6.436       
 49.182	 94.916	 -5.754       
 47.573	 93.470	 -2.587       
 44.294	 94.763	 -1.187       
 44.119	 95.922	  2.439       
 40.763	 95.408	  4.174       
 39.788	 95.780	  7.829       
 37.108	 95.494	 10.527       
 35.906	 98.044	 13.082       
 34.956	 96.765	 16.586       
 33.221	 99.676	 18.270       
 31.904	100.179	 21.735       
 32.733	 97.292	 24.005       
 33.667	 97.078	 27.645       
 35.898	 95.867	 28.957       
 39.053	 94.496	 27.391       
 39.808	 92.424	 25.608       
 38.352	 91.547	 22.256       
 40.300	 89.412	 19.760       
 40.168	 89.672	 15.971       
 41.286	 87.134	 13.394       
 41.144	 86.780	  9.624       
 39.913	 83.649	  7.949       
 40.063	 81.714	 11.226       
 43.843	 81.793	 11.595       
 44.582	 81.421	  7.859       
 45.185	 85.083	  7.104       
 47.840	 85.374	  9.809       
 50.292	 87.498	  7.852       
 49.716	 91.130	  6.837       
 47.401	 91.863	  9.720       
 47.619	 94.947	 11.860       
 45.591	 94.842	 15.057       
 45.771	 98.251	 16.708       
 45.593	 98.919	 20.429       
 42.059	 99.924	 21.335       
 41.126	103.452	 22.511       
 38.828	104.173	 25.458       
 36.078	106.681	 24.730       
 33.406	107.571	 27.366       
 34.148	104.290	 29.211       
 33.660	102.265	 26.065       
 36.339	100.761	 23.804       
 36.820	100.865	 20.049       
 39.501	 99.097	 18.016       
 40.236	 98.059	 14.403       
 42.386	 95.556	 12.570       
 43.681	 95.476	  8.994       
 44.351	 92.601	  6.610       
 46.372	 92.637	  3.418       
 45.848	 90.022	  0.706       
 47.058	 89.842	 -2.921       
 44.716	 91.892	 -5.067       
 43.901	 88.590	 -6.818       
 42.342	 86.616	 -3.898       
 39.685	 89.092	 -2.822       
 37.479	 90.987	 -5.296       
 34.734	 88.389	 -5.109       
 36.327	 85.905	 -2.715       
 35.769	 85.553	  1.036       
 37.969	 87.086	  3.718       
 36.108	 87.407	  7.007       
 37.184	 88.939	 10.349       
 36.472	 86.863	 13.436       
 35.832	 89.152	 16.371       
 35.253	 87.801	 19.863       
 34.446	 89.599	 23.057       
 34.492	 86.990	 25.865       
 33.447	 89.566	 28.472       
 29.952	 89.394	 26.969       
 29.911	 86.053	 25.142       
 30.000	 87.728	 21.704       
 31.340	 86.075	 18.508       
 31.025	 87.954	 15.217       
 32.435	 86.965	 11.866       
 32.121	 89.717	  9.323       
 32.729	 88.695	  5.742       
 34.181	 91.721	  4.006       
 32.059	 92.231	  0.929       
 32.234	 95.113	 -1.633       
