BRIEF 1EZV E 185              
-36.943	 94.839	  6.470 -0.154
-34.957	 95.788	  9.586 -0.288
-32.214	 93.385	 10.596 -2.024
-33.103	 94.001	 14.250 -0.659
-36.503	 92.399	 13.580 -0.169
-35.749	 88.705	 14.046 -0.561
-37.842	 86.300	 11.916 -2.032
-40.306	 83.878	 13.516 -0.923
-38.822	 80.681	 14.955 -1.403
-41.894	 79.790	 17.038 -2.081
-42.571	 76.586	 15.091 -1.592
-39.124	 75.265	 16.046 -1.995
-38.499	 76.750	 19.503 -2.087
-39.447	 74.497	 22.396 -2.084
-41.813	 76.546	 24.557 -2.090
-39.256	 76.677	 27.330 -2.090
-40.717	 75.717	 30.686 -2.090
-38.247	 72.828	 30.883 -0.870
-34.793	 74.289	 30.203 -1.387
-32.645	 71.166	 29.866 -2.089
-35.115	 69.094	 27.840 -0.877
-33.300	 68.931	 24.506  0.630
-29.925	 68.718	 26.257  0.638
-30.949	 65.685	 28.319  0.096
-32.418	 63.951	 25.264  0.218
-29.402	 64.726	 23.078  0.246
-26.913	 63.617	 25.712  0.041
-28.824	 60.415	 26.396 -0.804
-28.866	 59.600	 22.673  0.059
-25.187	 60.529	 22.245  0.394
-24.363	 58.530	 25.372 -0.407
-26.326	 55.465	 24.253 -0.238
-24.737	 55.563	 20.773 -0.845
-21.355	 55.703	 22.496 -0.287
-22.212	 52.692	 24.665 -0.046
-23.469	 50.407	 21.893 -0.941
-20.575	 51.427	 19.614 -0.219
-17.896	 50.543	 22.175  0.113
-19.541	 47.185	 22.814  0.232
-19.780	 46.665	 19.052 -0.211
-16.128	 47.569	 18.491 -0.003
-15.104	 45.286	 21.344  0.290
-17.036	 42.353	 19.879 -0.246
-15.645	 43.023	 16.372 -0.791
-12.053	 43.117	 17.667  0.175
-12.534	 39.902	 19.661 -0.557
-14.039	 38.119	 16.639  0.383
-10.927	 38.880	 14.567 -0.392
 -8.458	 38.260	 17.367  0.084
 -9.975	 34.898	 18.212 -0.484
 -9.753	 33.689	 14.581  0.405
 -6.026	 33.457	 15.199  0.311
 -6.355	 31.057	 18.171  0.510
 -5.771	 27.322	 17.697  0.894
 -8.220	 25.892	 15.170  0.755
-10.719	 23.187	 16.106  0.517
 -8.812	 20.571	 14.089  0.724
 -5.363	 21.075	 15.662  0.825
 -6.302	 20.573	 19.313 -0.017
 -5.155	 16.937	 19.415  1.080
 -4.855	 15.073	 22.731 -0.093
 -1.762	 12.937	 22.124  0.689
 -0.613	 10.034	 24.290  0.347
  2.697	  8.401	 23.436  0.405
  3.882	  4.947	 24.487  0.751
  7.624	  4.450	 24.851  0.692
  9.193	  1.018	 25.301  0.543
 11.725	  1.404	 28.117 -0.060
 13.105	 -2.111	 27.595 -0.197
 14.506	 -0.867	 24.276 -0.843
 16.673	  1.889	 25.782  0.506
 20.285	  0.852	 26.704 -0.234
 22.111	  1.802	 29.901 -0.105
 23.555	  5.294	 29.500  1.075
 21.604	  6.568	 26.502  0.332
 19.199	  9.402	 25.645  0.327
 16.048	  8.899	 23.622 -0.187
 13.981	 11.720	 22.103  0.551
 10.343	 11.090	 21.170  0.509
  7.584	 13.401	 19.902  0.207
  4.503	 14.167	 22.007  0.895
  2.024	 16.912	 21.062  0.820
  4.626	 18.449	 18.757  0.883
  7.110	 18.776	 21.644  0.815
 10.280	 16.695	 22.242  1.173
 10.230	 14.399	 25.266  0.715
 13.624	 13.534	 26.745  0.974
 14.106	 10.100	 28.301  0.542
 17.398	  9.038	 29.845  0.477
 18.105	  5.621	 31.320  0.491
 20.360	  6.941	 34.081  1.162
 23.443	  5.155	 35.461  0.865
 23.794	  4.514	 39.233 -2.090
 26.564	  7.130	 39.375 -2.090
 24.324	  9.728	 37.720  0.477
 21.476	  8.991	 40.135  0.743
 23.811	  9.781	 43.040 -2.090
 25.092	 12.912	 41.269 -2.087
 21.501	 14.126	 40.909  0.720
 20.392	 13.504	 44.511 -0.959
 23.558	 14.873	 46.151 -2.089
 23.168	 18.541	 45.163  0.127
 22.322	 21.257	 47.680 -2.084
 19.301	 23.515	 47.042 -2.050
 21.454	 26.587	 47.736 -2.006
 23.150	 25.971	 44.377 -2.090
 19.839	 25.921	 42.453  0.875
 17.920	 28.978	 41.219  0.371
 14.893	 26.692	 40.886  1.002
 15.199	 24.376	 43.923  0.755
 13.956	 20.826	 43.405 -0.280
 15.145	 17.454	 44.671 -0.910
 15.730	 14.740	 42.075  0.821
 12.807	 12.929	 43.709 -2.090
 10.523	 15.926	 43.209 -1.850
 11.234	 15.389	 39.505  1.173
 11.362	 11.615	 38.936  0.333
  9.186	  8.739	 40.159 -0.837
 11.734	  6.033	 39.374 -0.855
 15.403	  7.182	 39.723 -0.194
 16.408	  5.107	 36.696 -0.062
 14.155	  7.025	 34.303 -0.379
 14.554	 10.750	 33.739  0.417
 11.503	 11.853	 31.753  0.535
 11.097	 15.526	 30.817  0.271
 10.051	 17.998	 28.128 -0.135
 13.157	 18.902	 26.162  0.887
 12.106	 22.556	 25.847  0.553
 14.599	 25.096	 27.191  1.169
 12.703	 27.358	 29.580  1.161
 14.414	 30.513	 28.342  1.175
 13.185	 30.881	 24.736  1.159
 12.242	 27.378	 23.662  1.158
 15.219	 25.746	 21.915  1.151
 15.875	 22.046	 22.374  0.854
 18.857	 21.403	 24.673  1.163
 21.666	 19.163	 23.379  0.197
 22.183	 15.897	 25.255 -0.122
 25.404	 14.942	 27.036 -0.079
 26.852	 18.442	 26.839 -0.156
 27.536	 21.409	 29.093  0.852
 29.479	 21.990	 32.302 -0.161
 27.183	 19.967	 34.580 -0.770
 26.971	 16.524	 33.029 -0.013
 23.553	 16.941	 31.430  1.102
 22.187	 19.168	 28.654  0.462
 23.408	 22.385	 27.011  0.636
 21.173	 24.833	 25.145  1.169
 23.063	 26.179	 22.104  1.087
 20.751	 29.176	 21.714  1.169
 21.874	 31.318	 24.642  1.177
 23.981	 28.939	 26.723  1.133
 21.829	 27.422	 29.442  1.167
 23.334	 24.442	 31.277  0.557
 21.199	 21.725	 32.850  1.006
 22.398	 18.976	 35.210  1.173
 21.645	 15.250	 35.201  0.183
 18.247	 15.898	 36.783  0.945
 17.673	 18.526	 34.107  1.103
 17.681	 21.448	 36.538  1.173
 18.890	 24.866	 35.449  0.831
 22.416	 25.457	 36.740  0.879
 23.720	 28.359	 34.665  0.097
 22.431	 30.756	 32.041  1.047
 19.320	 32.846	 31.340  1.173
 16.747	 30.045	 31.606  1.170
 14.724	 30.614	 34.795  1.110
 13.379	 27.099	 35.402 -0.803
 14.177	 23.392	 35.383  1.178
 13.072	 21.321	 32.403  0.928
  9.367	 20.636	 32.875  0.076
  8.176	 17.138	 33.773  0.345
  5.094	 15.917	 31.874  1.141
  2.508	 13.558	 33.390 -1.826
  3.345	  9.866	 32.972  0.309
  2.628	  6.417	 34.426 -2.090
  4.454	  3.098	 34.076  0.566
  3.051	 -0.177	 32.747 -0.551
  5.810	 -2.723	 33.280 -0.540
  8.276	 -2.470	 30.399 -0.814
  6.735	  0.697	 28.947 -0.315
  5.948	  4.248	 30.072  0.158
  2.903	  6.160	 28.825 -1.250
  3.537	  9.909	 28.499  0.588
  0.498	 12.181	 28.524  1.162
BRIEF 1EZV A 430              
-17.997	109.699	 49.034       
-21.646	110.130	 49.933       
-25.052	108.588	 49.197       
-28.032	110.577	 50.528       
-31.400	109.439	 49.148       
-34.731	110.448	 50.752       
-38.337	110.380	 49.489       
-40.722	113.337	 49.937       
-43.524	112.967	 47.457       
-40.881	112.294	 44.789       
-37.644	110.349	 45.405       
-34.541	112.575	 45.619       
-30.972	111.238	 45.379       
-27.720	113.186	 45.701       
-23.963	112.680	 46.029       
-21.903	115.794	 46.705       
-18.156	116.454	 46.559       
-16.532	119.927	 46.254       
-15.495	119.888	 42.592       
-16.577	122.785	 40.362       
-19.981	122.428	 38.696       
-23.294	120.819	 39.667       
-25.568	118.559	 37.630       
-29.306	118.198	 38.168       
-31.618	115.837	 36.341       
-34.578	113.490	 36.379       
-33.958	109.816	 35.649       
-36.982	107.698	 34.662       
-37.195	103.958	 35.331       
-38.143	103.132	 31.754       
-36.045	102.920	 28.604       
-35.911	101.123	 25.252       
-36.774	 97.920	 27.111       
-40.232	 99.432	 27.661       
-40.950	100.279	 24.026       
-42.642	 98.104	 21.373       
-41.283	 96.831	 18.051       
-43.461	 99.498	 16.468       
-42.849	102.615	 18.569       
-39.181	101.646	 18.999       
-37.157	104.848	 19.025       
-39.631	107.058	 20.881       
-37.269	107.535	 23.833       
-34.375	108.488	 21.556       
-36.686	110.988	 19.874       
-37.704	112.459	 23.240       
-34.015	112.893	 24.062       
-33.436	114.707	 20.794       
-36.114	117.391	 21.130       
-35.054	117.958	 24.745       
-31.717	118.942	 23.173       
-33.238	120.761	 20.182       
-31.944	124.185	 19.114       
-35.076	125.807	 20.565       
-34.861	124.287	 24.050       
-31.058	124.406	 24.012       
-30.862	128.158	 23.341       
-33.255	128.902	 26.216       
-30.816	127.054	 28.493       
-27.662	128.638	 27.040       
-28.992	132.153	 27.677       
-29.319	131.205	 31.351       
-25.832	129.680	 31.231       
-27.057	126.082	 31.508       
-25.796	122.999	 29.626       
-27.994	120.114	 28.480       
-27.352	116.356	 28.480       
-29.476	113.251	 27.922       
-28.959	109.481	 27.734       
-31.255	106.677	 26.550       
-30.468	103.211	 27.908       
-32.338	 99.915	 28.105       
-33.666	 99.927	 31.680       
-33.792	103.692	 32.183       
-33.767	107.193	 30.723       
-32.245	110.468	 31.906       
-32.588	114.206	 31.279       
-29.828	116.307	 32.804       
-28.877	119.971	 33.169       
-25.430	121.070	 34.341       
-25.148	124.375	 36.217       
-22.462	126.573	 37.782       
-22.881	125.570	 41.221       
-24.714	128.523	 42.767       
-27.266	128.303	 39.945       
-28.536	124.995	 41.380       
-31.980	126.636	 41.558       
-32.093	127.888	 37.960       
-31.546	124.308	 36.766       
-34.674	123.155	 38.601       
-36.509	126.023	 36.888       
-35.469	124.724	 33.470       
-36.415	121.156	 34.428       
-39.984	122.093	 35.399       
-40.412	124.749	 32.699       
-39.740	121.852	 30.312       
-41.449	118.861	 31.951       
-44.709	120.657	 32.797       
-44.948	123.877	 30.776       
-42.938	123.219	 27.609       
-43.854	119.517	 27.385       
-46.691	120.819	 25.204       
-44.586	123.425	 23.364       
-41.538	121.319	 22.451       
-43.721	119.163	 20.213       
-44.479	121.915	 17.682       
-44.921	120.810	 14.063       
-41.785	122.500	 12.699       
-39.607	121.420	 15.639       
-40.700	117.774	 15.506       
-40.167	117.435	 11.744       
-36.672	118.952	 11.893       
-35.765	116.695	 14.825       
-37.205	113.527	 13.255       
-35.209	114.372	 10.122       
-32.077	114.600	 12.297       
-32.443	111.329	 14.211       
-33.070	109.658	 10.860       
-29.745	110.867	  9.455       
-28.391	109.925	 12.889       
-29.584	106.324	 13.159       
-28.842	105.736	  9.473       
-25.254	106.956	  9.926       
-24.913	104.511	 12.822       
-26.024	101.489	 10.785       
-23.865	102.502	  7.814       
-20.597	103.106	  9.682       
-20.425	102.189	 13.384       
-19.781	 98.489	 12.934       
-18.604	 97.571	 16.457       
-21.632	 99.099	 18.218       
-23.890	 98.014	 15.364       
-22.727	 94.431	 15.974       
-23.090	 94.754	 19.757       
-26.616	 96.119	 19.326       
-27.557	 93.162	 17.089       
-26.048	 90.862	 19.737       
-28.738	 92.069	 22.177       
-31.258	 91.785	 19.375       
-30.699	 88.060	 18.780       
-29.680	 87.086	 22.317       
-32.916	 88.498	 23.718       
-35.205	 88.180	 20.674       
-38.964	 88.771	 21.117       
-38.262	 90.111	 24.588       
-37.753	 93.667	 25.940       
-33.930	 93.693	 25.909       
-33.863	 93.018	 22.144       
-35.008	 96.523	 21.189       
-32.155	 98.847	 20.151       
-31.782	102.124	 22.071       
-31.683	104.402	 19.029       
-34.693	102.603	 17.565       
-34.972	101.196	 14.032       
-35.222	103.281	 10.844       
-38.691	101.897	 10.115       
-40.341	102.436	 13.485       
-38.686	105.866	 13.577       
-39.972	107.285	 10.281       
-43.506	106.141	 11.137       
-43.507	107.887	 14.520       
-45.872	110.791	 15.257       
-46.359	113.406	 18.008       
-49.069	111.252	 19.612       
-46.584	108.388	 20.138       
-44.236	110.703	 22.043       
-47.307	111.815	 24.005       
-48.639	108.336	 24.806       
-45.186	107.203	 25.950       
-44.616	110.341	 28.052       
-48.048	109.843	 29.650       
-47.274	106.257	 30.662       
-43.629	106.428	 31.748       
-42.750	110.017	 32.691       
-44.754	109.428	 35.876       
-43.879	110.125	 39.511       
-43.597	106.495	 40.645       
-41.268	105.884	 37.685       
-38.976	108.827	 38.440       
-35.957	109.797	 40.513       
-34.502	113.300	 40.705       
-30.719	113.242	 40.885       
-28.161	115.849	 41.850       
-24.405	115.461	 41.589       
-21.626	118.031	 41.671       
-20.987	119.792	 44.976       
-24.491	120.821	 46.068       
-25.865	119.501	 49.377       
-28.836	117.161	 49.812       
-30.739	119.730	 51.882       
-29.737	122.403	 49.362       
-31.719	120.591	 46.656       
-34.472	118.738	 48.533       
-35.778	122.037	 49.939       
-35.908	123.679	 46.500       
-37.962	120.638	 45.456       
-40.315	120.614	 48.462       
-40.618	124.376	 47.869       
-43.079	123.907	 45.007       
-45.753	121.252	 45.493       
-48.100	120.077	 42.696       
-47.703	116.344	 42.057       
-48.742	115.936	 38.384       
-50.173	112.489	 37.536       
-49.348	110.972	 40.929       
-50.932	107.603	 41.675       
-50.464	106.420	 38.088       
-48.328	103.312	 37.524       
-46.693	102.373	 34.177       
-47.696	 99.260	 32.237       
-46.411	 95.788	 33.150       
-44.951	 93.346	 30.597       
-43.306	 89.909	 30.143       
-39.836	 88.908	 31.406       
-36.594	 88.986	 29.408       
-34.980	 85.698	 28.352       
-31.717	 84.613	 26.720       
-32.016	 82.497	 23.589       
-28.887	 80.889	 22.143       
-28.751	 82.061	 18.544       
-26.926	 84.156	 15.951       
-27.390	 86.920	 13.395       
-24.811	 87.113	 10.618       
-24.582	 90.415	  8.747       
-22.071	 89.368	  6.079       
-20.630	 92.234	  4.070       
-17.588	 91.400	  1.930       
-17.030	 95.070	  1.024       
-16.029	 96.033	  4.574       
-12.250	 95.796	  5.178       
-12.583	 93.841	  8.455       
-14.695	 91.381	 10.428       
-16.364	 92.551	 13.649       
-17.820	 89.921	 15.927       
-19.393	 89.749	 19.382       
-20.097	 86.547	 21.277       
-21.711	 86.132	 24.689       
-23.429	 83.859	 27.174       
-26.265	 84.867	 29.510       
-24.575	 87.005	 32.151       
-25.738	 88.577	 35.414       
-28.497	 91.080	 36.225       
-27.674	 93.985	 38.561       
-28.224	 92.811	 42.146       
-26.993	 89.331	 41.334       
-24.816	 87.669	 44.013       
-22.337	 87.021	 41.195       
-22.481	 90.581	 39.844       
-18.843	 91.073	 40.805       
-17.576	 87.550	 40.086       
-18.799	 88.053	 36.504       
-17.161	 91.467	 36.163       
-13.889	 90.050	 37.533       
-14.008	 87.088	 35.115       
-14.212	 89.570	 32.240       
-11.199	 91.462	 33.582       
 -9.097	 88.285	 33.516       
 -9.200	 88.343	 29.700       
 -9.613	 92.091	 29.601       
 -9.184	 94.112	 26.453       
 -6.490	 94.394	 23.822       
 -5.127	 96.616	 21.063       
 -2.466	 95.128	 18.785       
 -0.957	 98.500	 17.905       
 -0.362	 99.706	 21.489       
  3.046	 98.341	 22.680       
  1.903	 98.256	 26.312       
 -1.199	 96.237	 25.439       
  0.874	 93.410	 23.948       
  2.573	 92.992	 27.334       
 -0.393	 92.408	 29.640       
 -0.576	 89.400	 31.943       
 -3.152	 87.634	 29.790       
 -2.453	 84.050	 28.677       
 -4.662	 84.426	 25.608       
 -2.117	 86.885	 24.166       
  0.517	 84.180	 23.690       
 -1.887	 82.462	 21.276       
 -3.247	 85.378	 19.321       
 -0.062	 87.371	 18.693       
  1.906	 84.696	 16.821       
 -0.158	 85.066	 13.613       
 -1.882	 88.286	 14.725       
 -5.395	 86.918	 14.989       
 -7.022	 90.312	 15.590       
 -6.554	 94.058	 15.799       
 -8.523	 94.262	 19.035       
-10.846	 92.540	 21.446       
-12.552	 93.496	 24.688       
-14.500	 91.438	 27.197       
-17.574	 92.769	 29.010       
-20.060	 91.885	 31.693       
-23.177	 93.811	 30.721       
-25.821	 93.852	 33.457       
-29.450	 94.978	 33.240       
-32.543	 94.659	 35.441       
-33.683	 91.222	 34.256       
-30.542	 89.758	 32.690       
-27.112	 90.399	 31.217       
-24.501	 89.341	 28.673       
-21.011	 88.019	 29.437       
-18.676	 87.657	 26.472       
-16.303	 89.528	 24.191       
-16.185	 91.600	 21.023       
-13.389	 91.683	 18.492       
-12.240	 93.191	 15.203       
 -9.826	 91.613	 12.689       
 -8.254	 91.862	  9.223       
 -7.026	 88.279	  9.448       
-10.018	 86.916	  7.627       
 -8.675	 83.417	  6.960       
 -7.938	 82.653	 10.625       
-11.094	 83.841	 12.352       
-11.621	 80.246	 13.497       
 -8.352	 80.336	 15.456       
 -9.357	 83.631	 17.080       
-12.626	 82.093	 18.296       
-11.052	 78.764	 19.233       
 -8.206	 80.161	 21.361       
-10.521	 82.663	 23.083       
-13.057	 79.962	 23.993       
-10.333	 77.563	 25.192       
 -9.152	 80.297	 27.563       
-12.739	 80.726	 28.846       
-12.843	 76.955	 29.442       
-10.064	 77.483	 31.951       
-12.308	 79.495	 34.305       
-14.163	 76.297	 35.232       
-11.144	 74.066	 35.633       
 -7.723	 75.732	 35.942       
 -7.782	 79.513	 36.499       
 -4.861	 80.440	 38.786       
 -4.662	 82.523	 41.994       
 -2.473	 85.152	 40.399       
 -4.859	 85.607	 37.447       
 -7.694	 86.277	 39.903       
 -5.473	 88.651	 41.906       
 -4.410	 90.540	 38.772       
 -8.088	 90.947	 37.904       
 -9.027	 92.243	 41.363       
 -6.460	 95.032	 41.120       
 -7.459	 96.012	 37.587       
-11.197	 95.763	 38.302       
-10.732	 98.201	 41.212       
 -8.758	100.585	 39.026       
-11.374	100.642	 36.275       
-14.358	100.716	 38.633       
-12.672	103.633	 40.357       
-12.080	105.508	 37.091       
-15.805	105.076	 36.365       
-17.369	106.042	 39.695       
-15.013	108.976	 40.237       
-14.340	110.810	 37.019       
-14.158	114.600	 37.112       
-17.528	114.792	 35.353       
-20.803	114.997	 37.334       
-23.011	114.062	 34.361       
-21.478	110.567	 34.448       
-21.937	110.506	 38.227       
-25.618	111.352	 37.787       
-26.163	108.544	 35.271       
-24.398	106.028	 37.519       
-26.280	107.228	 40.611       
-29.604	107.429	 38.791       
-29.494	103.948	 37.265       
-28.408	102.334	 40.537       
-31.041	103.868	 42.835       
-33.830	103.154	 40.337       
-33.201	 99.401	 40.606       
-32.162	 98.634	 44.199       
-33.264	101.844	 45.921       
-29.698	102.729	 46.951       
-26.114	103.030	 45.725       
-23.360	100.702	 46.930       
-20.337	102.856	 47.813       
-17.036	102.420	 45.966       
-15.367	101.231	 49.168       
-18.138	 98.687	 49.699       
-17.537	 97.267	 46.209       
-13.809	 96.825	 46.879       
-14.726	 94.781	 49.947       
-16.792	 92.464	 47.730       
-14.131	 92.344	 45.015       
-11.317	 91.433	 47.421       
-13.384	 88.613	 48.917       
-13.627	 86.652	 45.654       
-11.719	 83.356	 45.581       
-10.650	 81.063	 42.732       
-13.403	 78.779	 44.021       
-15.994	 81.486	 43.363       
-14.920	 82.116	 39.755       
-14.933	 78.352	 39.084       
-18.421	 77.864	 40.520       
-19.643	 80.818	 38.470       
-18.032	 79.723	 35.193       
-19.262	 76.162	 35.679       
-22.801	 77.531	 35.708       
-22.641	 80.323	 33.136       
-19.835	 79.381	 30.721       
-19.379	 75.595	 30.648       
-21.425	 73.789	 27.977       
-23.870	 76.697	 27.743       
-25.610	 78.217	 24.741       
-24.059	 81.304	 23.184       
-25.252	 84.221	 21.119       
-23.288	 85.482	 18.128       
-23.410	 88.547	 15.882       
-21.053	 89.737	 13.173       
-20.582	 91.915	 10.106       
-17.941	 92.445	  7.443       
-15.833	 89.594	  6.049       
-17.178	 86.796	  8.272       
-17.077	 83.910	  5.765       
-14.389	 82.373	  7.981       
-16.536	 82.500	 11.124       
-17.574	 78.874	 11.332       
-21.088	 77.531	 11.966       
-22.899	 77.829	 15.274       
-22.369	 74.250	 16.472       
-18.611	 74.487	 15.970       
-18.469	 77.598	 18.136       
-20.865	 76.067	 20.660       
-18.871	 72.815	 20.980       
-15.873	 74.861	 22.124       
-17.773	 75.909	 25.268       
-16.253	 72.801	 26.875       
-13.541	 70.139	 26.672       
-13.325	 66.356	 26.350       
-12.617	 64.547	 29.650       
-12.110	 60.963	 30.836       
BRIEF 1EZV B 352              
 10.594	121.468	 39.693       
  7.111	122.736	 40.556       
  5.432	120.003	 42.613       
  1.658	120.576	 42.765       
 -1.045	118.395	 44.352       
 -4.580	118.248	 45.801       
 -6.048	115.689	 48.210       
 -9.542	114.151	 48.374       
-11.329	111.278	 50.191       
-11.310	109.125	 47.033       
 -9.510	105.929	 45.996       
 -7.875	106.753	 42.648       
 -4.824	109.019	 42.487       
 -3.142	110.227	 39.302       
  0.502	111.309	 39.189       
  1.528	113.370	 36.139       
  4.862	114.730	 34.939       
  4.329	117.520	 32.420       
  7.409	118.296	 30.327       
  7.990	121.072	 27.799       
  9.019	118.949	 24.838       
  6.188	118.807	 22.324       
  6.453	119.647	 18.622       
  6.985	123.331	 19.498       
 10.579	122.645	 20.541       
 11.785	119.937	 18.168       
 15.246	119.818	 16.607       
 14.168	117.332	 13.908       
 10.687	116.530	 12.575       
  8.627	114.170	 14.705       
 11.392	113.491	 17.232       
  9.068	114.545	 20.046       
  6.595	111.990	 18.683       
  9.244	109.235	 18.682       
 10.348	110.095	 22.215       
  6.759	110.109	 23.458       
  6.403	106.687	 21.827       
  9.687	105.648	 23.529       
  8.423	106.355	 27.062       
  7.676	103.254	 29.156       
  9.906	101.104	 26.987       
 12.907	 99.550	 28.750       
 14.773	101.340	 31.510       
 18.176	100.138	 32.705       
 16.732	 98.388	 35.772       
 13.225	 97.439	 34.600       
 11.972	 96.038	 31.291       
  8.787	 97.384	 29.697       
  7.342	 93.913	 30.313       
  8.035	 93.865	 34.080       
  6.740	 97.425	 34.512       
  3.384	 96.361	 33.063       
  3.245	 93.070	 34.947       
  4.113	 94.780	 38.245       
  1.763	 97.743	 37.890       
 -1.088	 95.413	 36.891       
 -0.717	 93.401	 40.101       
 -0.662	 96.652	 42.120       
 -3.568	 98.149	 40.222       
 -2.374	101.039	 38.102       
 -1.596	101.945	 34.488       
  0.774	104.290	 32.667       
  0.324	106.450	 29.560       
  2.342	109.060	 27.646       
  0.599	111.814	 25.661       
  1.961	114.289	 23.099       
  0.820	117.916	 22.743       
  1.960	120.715	 20.474       
  3.912	121.831	 23.564       
  3.855	119.151	 26.284       
  5.025	115.573	 26.650       
  2.989	114.355	 29.625       
  3.859	111.146	 31.478       
  0.739	110.236	 33.467       
  0.083	107.385	 35.916       
 -3.304	106.351	 37.288       
 -3.429	104.072	 40.327       
 -4.845	103.184	 43.729       
 -4.109	105.859	 46.346       
 -1.738	104.217	 48.846       
  0.732	103.014	 46.188       
  2.144	106.464	 45.478       
  5.921	105.932	 45.945       
  6.033	103.162	 43.309       
  4.639	105.303	 40.491       
  6.805	108.267	 41.514       
  9.902	106.098	 41.151       
  8.571	104.485	 37.967       
  8.135	107.890	 36.324       
 11.531	108.862	 37.756       
 13.165	105.795	 36.190       
 11.791	106.635	 32.740       
 12.960	110.266	 32.710       
 16.430	109.434	 34.014       
 17.391	106.134	 32.388       
 15.389	104.616	 29.532       
 17.708	102.256	 27.648       
 16.982	103.383	 24.067       
 18.027	100.027	 22.567       
 18.269	100.050	 18.723       
 15.920	 97.060	 18.475       
 13.259	 98.762	 20.598       
 13.314	101.479	 17.971       
 12.694	 99.108	 15.053       
 10.346	 96.643	 16.778       
  8.100	 98.812	 18.973       
  8.577	102.559	 18.545       
  8.630	102.982	 14.760       
  5.604	100.665	 14.279       
  3.623	102.453	 16.997       
  4.493	105.827	 15.462       
  3.652	104.648	 11.924       
  0.164	103.651	 13.117       
 -0.217	107.022	 14.874       
  0.585	108.818	 11.620       
 -1.806	106.514	  9.734       
 -4.803	107.210	 12.008       
 -4.181	110.942	 11.583       
 -3.536	110.684	  7.830       
 -7.171	109.716	  7.251       
 -9.046	112.325	  9.319       
 -9.226	115.463	  7.164       
 -9.866	117.969	  9.965       
 -6.534	116.949	 11.521       
 -4.785	117.308	  8.165       
 -6.345	120.778	  8.165       
 -5.450	121.652	 11.773       
 -1.840	120.719	 11.012       
 -1.954	122.849	  7.867       
 -3.340	125.773	  9.869       
 -0.496	125.688	 12.410       
  2.163	125.373	  9.707       
  1.132	128.561	  7.890       
  0.335	130.822	 10.858       
  3.428	130.061	 12.974       
  5.827	129.063	 10.211       
  8.381	127.152	 12.327       
  7.436	127.136	 15.999       
  4.059	125.658	 16.876       
  3.824	125.096	 13.132       
  6.234	122.193	 13.459       
  4.779	118.756	 12.526       
  3.147	116.999	 15.472       
  3.849	113.440	 14.280       
  6.784	111.649	 12.628       
  6.502	110.849	  8.905       
 10.116	110.365	  7.872       
 10.665	113.406	  5.627       
 14.009	113.998	  7.314       
 16.135	111.276	  8.937       
 15.794	110.703	 12.676       
 18.332	108.295	 14.180       
 18.346	106.704	 17.646       
 20.934	109.325	 18.640       
 18.657	112.233	 17.674       
 15.967	110.757	 19.968       
 18.562	110.469	 22.734       
 19.931	113.997	 22.211       
 16.387	115.363	 22.372       
 15.657	113.463	 25.587       
 18.779	115.133	 26.996       
 17.555	118.658	 26.212       
 13.962	118.180	 27.267       
 14.124	115.935	 30.346       
 15.571	118.366	 32.903       
 14.615	119.669	 36.369       
 13.963	123.161	 34.994       
 11.787	121.943	 32.119       
  9.186	119.884	 33.982       
  6.406	120.049	 36.571       
  5.299	117.158	 38.781       
  1.533	117.271	 39.342       
 -0.490	114.822	 41.408       
 -4.286	114.763	 41.525       
 -5.719	113.162	 44.686       
 -2.352	113.179	 46.482       
 -1.057	114.379	 49.867       
  1.301	117.225	 48.899       
  3.462	116.409	 51.937       
  4.272	112.852	 50.860       
  4.483	113.768	 47.162       
  7.120	116.487	 47.637       
  8.809	114.100	 50.071       
  8.894	111.335	 47.439       
  9.953	113.549	 44.523       
 12.969	114.937	 46.416       
 13.774	111.380	 47.490       
 14.140	109.839	 44.013       
 15.968	110.250	 40.692       
 13.897	113.345	 39.881       
 16.099	115.576	 42.061       
 19.186	113.905	 40.558       
 18.397	115.074	 37.022       
 20.482	117.727	 35.261       
 18.568	121.018	 35.152       
 19.409	122.798	 31.913       
 17.080	125.503	 30.631       
 13.398	125.929	 29.801       
 12.255	127.095	 26.356       
  9.020	128.750	 27.486       
  9.747	132.016	 25.656       
  7.582	134.964	 26.744       
  7.813	136.698	 23.347       
  4.649	136.418	 21.243       
  5.088	133.889	 18.394       
  5.416	135.622	 15.030       
  2.404	134.607	 12.933       
  1.693	135.575	  9.332       
 -1.865	136.556	  8.375       
 -3.813	136.202	  5.139       
 -2.306	132.788	  4.389       
 -4.006	129.878	  2.622       
 -3.202	126.278	  1.660       
 -5.067	123.712	 -0.455       
 -4.643	119.943	 -0.018       
 -6.286	117.421	 -2.348       
 -7.912	114.565	 -0.440       
-10.044	111.523	 -1.228       
-12.873	111.559	  1.309       
-14.846	114.292	  3.082       
-14.223	117.936	  2.167       
-13.290	120.414	  4.895       
-12.668	124.166	  4.829       
-11.038	125.694	  7.893       
-10.088	129.143	  9.168       
 -7.443	129.859	 11.783       
 -6.839	133.094	 13.689       
 -3.747	134.040	 15.755       
 -4.770	135.467	 19.136       
 -3.101	137.778	 21.667       
 -1.847	136.838	 25.133       
 -4.610	139.019	 26.600       
 -7.186	139.098	 23.787       
 -7.706	135.323	 23.965       
-10.601	135.067	 26.435       
-12.959	136.812	 24.003       
-12.115	134.306	 21.259       
-12.927	131.616	 23.823       
-16.519	132.866	 24.114       
-16.590	133.142	 20.317       
-15.712	129.448	 19.985       
-18.314	128.494	 22.598       
-20.839	130.838	 20.969       
-20.332	129.192	 17.571       
-20.699	125.763	 19.218       
-24.012	126.523	 20.939       
-27.732	126.954	 20.263       
-27.374	130.726	 20.694       
-25.630	131.061	 17.337       
-27.805	130.532	 14.272       
-24.765	129.273	 12.378       
-23.839	126.501	 14.830       
-25.364	123.822	 12.614       
-23.262	125.089	  9.702       
-19.881	124.124	 11.170       
-18.353	120.893	 12.479       
-16.169	122.340	 15.236       
-14.706	125.530	 16.679       
-12.153	125.884	 19.472       
 -9.360	127.965	 20.974       
 -6.056	126.241	 21.716       
 -4.590	128.005	 24.752       
 -0.831	127.902	 25.285       
  1.703	129.544	 27.607       
  2.149	132.539	 25.288       
 -0.923	133.110	 23.130       
 -3.091	130.745	 21.142       
 -4.874	129.751	 17.953       
 -8.573	129.920	 17.128       
 -9.859	127.273	 14.714       
-13.103	126.788	 12.799       
-13.942	123.613	 10.875       
-16.530	123.223	  8.123       
-16.754	119.579	  7.024       
-19.160	117.612	  4.814       
-19.354	115.003	  2.028       
-19.759	117.146	 -1.088       
-17.937	120.351	 -1.977       
-21.077	122.401	 -2.644       
-22.277	122.296	  0.976       
-18.778	123.094	  2.268       
-18.410	126.129	 -0.018       
-21.708	127.670	  1.102       
-21.469	126.958	  4.831       
-18.113	128.731	  5.111       
-18.801	131.507	  2.589       
-21.717	132.377	  4.887       
-19.641	132.188	  8.096       
-16.899	134.505	  6.825       
-19.609	136.934	  5.675       
-21.671	136.659	  8.867       
-18.740	137.133	 11.244       
-17.204	139.893	  9.118       
-20.323	141.831	 10.111       
-19.948	140.216	 13.518       
-21.751	140.501	 16.855       
-22.122	138.963	 20.331       
-23.596	141.043	 23.193       
-22.117	138.645	 25.790       
-24.948	136.108	 25.440       
-22.845	133.091	 26.428       
-20.853	135.005	 29.052       
-22.078	132.634	 31.786       
-22.312	129.623	 29.461       
-18.823	130.065	 27.969       
-17.790	130.432	 31.609       
-19.655	127.182	 32.346       
-17.824	125.389	 29.530       
-14.467	126.980	 30.390       
-14.981	125.707	 33.941       
-16.168	122.131	 33.306       
-12.674	121.501	 31.936       
-11.761	120.552	 35.546       
 -8.290	119.225	 34.616       
 -7.512	122.801	 33.518       
 -7.436	124.180	 37.076       
 -4.000	125.188	 37.016       
 -6.147	127.544	 34.918       
 -5.173	130.902	 33.328       
 -7.068	134.248	 33.251       
-10.702	134.128	 34.414       
-12.627	137.419	 34.709       
-11.633	138.470	 31.184       
-15.115	137.321	 30.130       
-16.885	139.958	 32.226       
-14.879	142.503	 30.225       
-15.091	142.491	 26.424       
-18.206	141.198	 24.671       
-17.809	142.535	 21.121       
-16.178	140.863	 18.118       
-15.265	141.858	 14.553       
-13.366	139.530	 12.213       
-10.010	140.749	 10.956       
 -7.542	138.869	  8.791       
 -7.298	135.096	  9.252       
 -5.798	131.996	  7.645       
 -7.572	129.471	  5.444       
 -7.170	125.867	  4.285       
 -9.197	123.867	  1.787       
 -8.926	120.094	  2.163       
-10.721	117.692	 -0.150       
-12.538	118.348	 -3.411       
-10.200	121.259	 -4.046       
-11.294	122.257	 -7.565       
-14.733	122.832	 -6.017       
-13.817	124.777	 -2.885       
-13.529	128.547	 -2.209       
-10.245	130.385	 -2.551       
 -9.314	133.054	  0.007       
-10.373	135.843	 -2.396       
-14.103	135.196	 -2.303       
-14.803	134.980	  1.437       
BRIEF 1EZV C 385              
 -2.862	 78.210	 15.011       
 -4.654	 75.081	 16.262       
 -2.443	 71.966	 16.406       
 -4.739	 70.081	 13.997       
 -3.685	 72.731	 11.436       
  0.010	 73.176	 12.266       
  1.119	 69.532	 12.515       
  2.296	 67.974	  9.246       
  0.190	 64.779	  9.528       
 -2.865	 66.183	 11.283       
 -3.295	 69.042	  8.822       
 -3.932	 66.456	  6.094       
 -6.610	 64.970	  8.317       
 -7.985	 68.445	  9.054       
 -8.189	 69.606	  5.464       
 -9.810	 66.377	  4.230       
-12.067	 65.366	  7.125       
-12.608	 68.201	  9.607       
-12.554	 71.729	  8.136       
-13.170	 70.662	  4.521       
-15.851	 73.068	  3.192       
-18.875	 71.129	  1.923       
-21.806	 72.574	 -0.082       
-24.677	 72.851	  2.402       
-27.130	 71.059	  0.186       
-25.524	 67.726	 -0.746       
-27.970	 64.886	 -0.126       
-27.550	 61.259	  0.992       
-26.384	 60.298	 -2.517       
-23.086	 61.927	 -1.528       
-22.673	 59.353	  1.274       
-21.671	 56.528	 -1.125       
-17.987	 57.461	 -1.310       
-17.354	 56.994	  2.412       
-19.236	 53.682	  2.114       
-16.775	 52.685	 -0.614       
-13.799	 53.459	  1.636       
-15.456	 51.395	  4.366       
-15.974	 48.536	  1.869       
-12.331	 48.664	  0.876       
-11.350	 48.369	  4.543       
-13.741	 45.447	  5.207       
-12.320	 43.555	  2.201       
 -8.703	 44.101	  3.161       
 -9.032	 43.306	  6.875       
-11.113	 40.104	  6.344       
 -8.877	 38.990	  3.504       
 -5.668	 39.267	  5.501       
 -7.098	 37.287	  8.423       
 -8.303	 34.596	  6.014       
 -4.956	 34.542	  4.164       
 -3.481	 33.344	  7.437       
 -5.412	 30.084	  6.952       
 -5.487	 29.783	  3.148       
 -3.439	 27.529	  0.860       
 -3.160	 28.503	 -2.776       
 -2.051	 25.081	 -4.153       
 -4.660	 23.790	 -6.552       
 -4.926	 20.553	 -4.562       
 -5.527	 22.391	 -1.295       
 -7.297	 25.641	 -2.139       
-10.923	 24.469	 -1.974       
-10.313	 22.430	  1.184       
 -8.415	 25.290	  2.802       
-11.514	 27.442	  2.355       
-13.706	 24.670	  3.818       
-11.168	 24.660	  6.687       
-11.802	 28.383	  7.199       
-15.536	 27.628	  7.171       
-15.389	 24.711	  9.621       
-12.297	 24.883	 11.871       
-11.263	 28.554	 12.148       
-12.997	 30.313	 15.054       
-15.449	 32.752	 13.469       
-14.044	 31.635	 10.100       
-17.450	 31.455	  8.437       
-18.032	 35.077	  9.506       
-14.804	 36.211	  7.852       
-15.545	 34.321	  4.626       
-19.173	 35.402	  4.435       
-18.206	 39.033	  5.196       
-15.601	 38.951	  2.414       
-17.891	 37.293	 -0.163       
-21.015	 39.298	  0.588       
-18.932	 42.426	  1.084       
-17.552	 42.108	 -2.448       
-21.153	 42.178	 -3.688       
-22.045	 45.131	 -1.501       
-18.887	 46.849	 -2.782       
-20.349	 46.626	 -6.324       
-23.882	 47.663	 -5.347       
-22.460	 50.817	 -3.771       
-20.006	 51.464	 -6.618       
-22.852	 51.326	 -9.185       
-24.796	 53.826	 -7.063       
-21.742	 56.073	 -6.707       
-21.297	 55.961	-10.504       
-25.027	 56.431	-11.212       
-24.986	 59.453	 -8.878       
-22.106	 60.865	-10.920       
-23.998	 60.264	-14.161       
-27.181	 61.932	-12.942       
-25.611	 65.056	-11.406       
-23.027	 65.716	-14.092       
-20.160	 65.011	-11.691       
-18.029	 63.849	-14.628       
-18.132	 67.388	-16.036       
-15.395	 69.988	-16.043       
-13.578	 70.699	-13.757       
-13.948	 67.148	-12.414       
-12.951	 65.195	-15.523       
 -9.714	 63.897	-13.935       
-11.747	 62.835	-10.888       
-14.075	 60.830	-13.178       
-11.251	 59.256	-15.211       
 -9.461	 58.019	-12.096       
-12.798	 56.609	-10.984       
-13.064	 54.572	-14.187       
 -9.606	 53.116	-13.551       
-10.585	 52.133	 -9.976       
-13.694	 50.390	-11.379       
-11.614	 48.329	-13.826       
 -9.167	 47.440	-11.009       
-11.991	 46.465	 -8.670       
-13.533	 44.187	-11.289       
-10.147	 42.533	-11.870       
 -9.575	 42.166	 -8.104       
-12.910	 40.390	 -7.504       
-12.266	 38.003	-10.386       
 -8.854	 37.085	 -8.928       
-10.484	 36.413	 -5.555       
-13.283	 34.359	 -7.032       
-10.668	 32.082	 -8.657       
 -9.006	 31.431	 -5.280       
-11.939	 29.360	 -3.978       
-11.277	 26.961	 -6.861       
-14.833	 25.749	 -7.125       
-16.380	 24.921	-10.523       
-17.261	 28.555	-11.241       
-13.702	 29.485	-10.232       
-12.012	 27.165	-12.718       
-14.190	 28.088	-15.697       
-14.271	 31.758	-14.781       
-10.462	 31.702	-14.804       
-10.530	 29.782	-18.109       
-13.037	 32.011	-19.921       
-11.556	 35.308	-18.715       
 -7.904	 34.511	-19.342       
 -9.066	 33.441	-22.799       
-10.393	 36.964	-23.463       
 -6.799	 37.756	-24.432       
 -6.592	 34.993	-27.032       
 -8.633	 37.323	-29.265       
 -5.555	 39.534	-29.593       
 -4.072	 39.376	-33.128       
 -1.066	 37.013	-33.565       
  0.357	 37.061	-30.004       
 -2.856	 36.232	-28.145       
 -2.454	 32.546	-27.347       
  1.051	 33.362	-26.157       
 -0.329	 35.851	-23.625       
 -2.790	 33.216	-22.397       
 -0.217	 30.474	-21.879       
  1.981	 33.027	-20.132       
 -0.964	 34.024	-17.875       
 -1.686	 30.335	-17.177       
  1.921	 29.337	-16.606       
  1.282	 26.218	-18.666       
 -1.075	 24.221	-20.891       
 -4.279	 25.053	-19.007       
 -5.600	 26.607	-15.798       
 -3.562	 24.704	-13.228       
 -1.525	 25.070	-10.002       
  0.766	 27.843	-11.416       
 -2.392	 29.726	-12.338       
 -4.131	 29.635	 -8.962       
 -0.986	 30.387	 -6.987       
 -0.227	 33.491	 -9.075       
 -3.873	 34.611	 -8.957       
 -3.767	 34.532	 -5.145       
 -0.526	 36.532	 -5.117       
 -2.109	 39.050	 -7.506       
 -5.370	 39.140	 -5.524       
 -3.385	 40.183	 -2.470       
 -1.523	 42.948	 -4.406       
 -4.201	 44.786	 -6.347       
 -6.274	 45.989	 -3.325       
 -3.235	 48.065	 -2.323       
 -2.976	 49.582	 -5.815       
 -6.687	 50.389	 -5.530       
 -5.905	 52.113	 -2.206       
 -3.271	 54.282	 -3.921       
 -5.728	 55.134	 -6.687       
 -8.342	 56.104	 -4.094       
 -5.841	 58.602	 -2.656       
 -5.334	 60.019	 -6.166       
 -9.136	 60.121	 -6.469       
 -9.421	 62.109	 -3.216       
 -6.605	 64.439	 -4.296       
 -8.540	 65.450	 -7.427       
-11.708	 65.753	 -5.349       
-10.001	 68.125	 -2.899       
 -8.902	 70.800	 -5.379       
-12.431	 71.439	 -6.668       
-14.582	 70.065	 -3.873       
-17.820	 68.157	 -4.232       
-20.592	 69.204	 -6.568       
-24.191	 69.446	 -5.312       
-27.740	 68.504	 -6.439       
-28.482	 71.922	 -7.970       
-25.474	 71.621	-10.298       
-24.333	 75.149	 -9.520       
-21.569	 76.697	 -7.401       
-21.198	 75.709	 -3.761       
-18.933	 78.653	 -2.966       
-21.579	 80.922	 -1.420       
-22.599	 78.606	  1.426       
-20.210	 75.977	  2.823       
-20.403	 74.109	  6.117       
-17.467	 72.088	  7.601       
-17.179	 68.344	  7.111       
-16.773	 67.890	 10.830       
-19.868	 67.381	 12.782       
-22.364	 67.742	  9.977       
-21.236	 65.170	  7.447       
-19.238	 63.034	  9.855       
-22.473	 62.236	 11.693       
-24.540	 62.192	  8.510       
-22.050	 59.582	  7.164       
-22.613	 57.587	 10.355       
-26.320	 57.203	  9.559       
-25.627	 55.357	  6.283       
-22.645	 53.466	  7.702       
-24.956	 51.769	 10.213       
-27.731	 51.169	  7.683       
-25.107	 49.652	  5.398       
-23.822	 47.409	  8.204       
-27.356	 46.352	  9.230       
-28.195	 45.134	  5.725       
-24.803	 43.485	  5.203       
-25.377	 41.760	  8.557       
-28.781	 40.417	  7.453       
-27.079	 38.704	  4.514       
-23.974	 37.500	  6.356       
-25.900	 35.870	  9.211       
-29.315	 35.077	  7.710       
-28.757	 34.567	  3.980       
-25.015	 34.203	  3.308       
-25.201	 32.271	  0.013       
-28.089	 34.016	 -1.703       
-25.753	 36.209	 -3.789       
-23.448	 33.420	 -4.917       
-23.581	 30.313	 -7.052       
-24.144	 26.743	 -5.761       
-21.657	 25.361	 -8.286       
-18.791	 26.955	 -6.386       
-19.387	 24.517	 -3.569       
-18.151	 21.855	 -6.015       
-14.377	 21.505	 -6.469       
-13.170	 22.603	 -9.895       
-13.111	 19.873	-12.549       
-10.985	 20.470	-15.701       
-13.008	 17.911	-17.716       
-16.561	 19.135	-17.060       
-18.204	 22.526	-17.479       
-21.565	 22.589	-15.634       
-24.632	 23.399	-17.732       
-25.616	 25.754	-14.912       
-22.600	 28.069	-15.226       
-23.573	 31.718	-14.691       
-21.230	 34.672	-13.997       
-21.342	 36.551	-10.702       
-24.320	 38.919	-10.702       
-22.300	 42.157	-10.882       
-20.622	 40.956	-14.081       
-23.884	 39.984	-15.855       
-24.597	 43.197	-17.839       
-21.125	 43.059	-19.364       
-21.384	 39.351	-20.023       
-24.669	 39.909	-21.873       
-23.024	 42.571	-24.031       
-20.249	 40.187	-25.069       
-22.706	 37.324	-25.693       
-24.793	 39.514	-28.010       
-21.990	 39.708	-30.597       
-21.725	 36.466	-32.626       
-18.006	 37.038	-33.236       
-15.099	 36.185	-30.927       
-12.904	 39.272	-31.440       
-15.741	 41.761	-31.707       
-17.449	 40.261	-28.689       
-14.511	 41.034	-26.415       
-13.841	 44.441	-28.050       
-17.439	 45.581	-27.597       
-17.476	 44.425	-23.975       
-14.338	 46.383	-23.080       
-15.717	 49.351	-25.007       
-18.801	 49.234	-22.790       
-16.503	 50.238	-19.921       
-14.294	 52.731	-21.798       
-17.266	 54.616	-23.240       
-17.749	 56.081	-19.747       
-14.730	 58.261	-20.636       
-16.657	 59.957	-23.458       
-19.400	 61.604	-21.402       
-17.624	 64.904	-20.625       
-17.450	 65.521	-24.382       
-20.882	 64.262	-25.510       
-22.788	 66.079	-22.778       
-23.407	 69.323	-24.687       
-25.619	 70.951	-22.075       
-24.765	 74.281	-20.547       
-25.915	 73.283	-17.030       
-24.451	 70.528	-14.834       
-26.754	 67.686	-13.845       
-30.257	 66.428	-14.553       
-32.262	 68.023	-11.701       
-33.974	 70.622	-13.891       
-33.980	 68.599	-17.124       
-37.164	 66.753	-18.070       
-35.888	 64.814	-21.105       
-32.514	 63.953	-19.542       
-34.165	 62.594	-16.384       
-36.412	 60.342	-18.453       
-33.623	 58.927	-20.607       
-31.359	 58.505	-17.572       
-33.875	 56.071	-16.114       
-34.168	 54.389	-19.512       
-30.409	 53.829	-19.206       
-30.610	 52.457	-15.648       
-33.430	 50.014	-16.340       
-31.805	 49.071	-19.644       
-28.732	 48.149	-17.598       
-30.812	 45.970	-15.254       
-32.300	 44.260	-18.354       
-28.818	 43.565	-19.710       
-28.174	 41.787	-16.423       
-31.394	 39.815	-16.517       
-30.481	 38.768	-20.107       
-27.047	 37.702	-18.855       
-28.741	 35.369	-16.362       
-30.799	 33.755	-19.147       
-30.210	 31.071	-21.751       
-29.001	 31.862	-25.250       
-32.505	 31.403	-26.643       
-34.896	 33.088	-29.048       
-36.470	 36.156	-27.516       
-33.424	 36.747	-25.287       
-30.709	 36.945	-27.954       
-32.510	 39.742	-29.809       
-33.492	 41.630	-26.645       
-29.851	 41.544	-25.573       
-28.675	 42.892	-28.911       
-31.165	 45.761	-28.754       
-30.353	 46.549	-25.098       
-26.671	 46.547	-26.082       
-27.444	 49.135	-28.755       
-29.409	 51.271	-26.302       
-26.451	 51.119	-23.863       
-23.963	 52.629	-26.345       
-26.535	 54.918	-28.012       
-27.113	 56.618	-24.661       
-23.574	 58.010	-24.476       
-22.918	 58.503	-28.177       
-26.317	 59.621	-29.532       
-29.065	 60.281	-26.974       
-27.126	 62.523	-24.575       
-25.609	 64.785	-27.280       
-28.950	 65.127	-29.130       
-31.146	 65.617	-26.072       
-28.797	 67.998	-24.289       
-28.632	 70.150	-27.427       
-32.449	 70.180	-27.679       
-32.767	 71.090	-23.985       
-30.233	 73.907	-24.490       
-32.426	 75.409	-27.200       
-35.681	 74.826	-25.311       
-34.314	 76.744	-22.292       
-33.477	 79.662	-24.611       
-36.624	 80.102	-26.747       
-38.816	 79.758	-23.670       
-37.579	 83.070	-22.247       
-36.202	 85.185	-25.114       
-38.720	 87.455	-26.840       
-37.089	 88.259	-30.191       
BRIEF 1EZV D 245              
-35.617	 25.454	-22.269       
-37.923	 22.403	-22.032       
-39.367	 21.513	-18.616       
-37.734	 18.073	-18.689       
-34.297	 19.569	-19.316       
-34.823	 22.115	-16.505       
-36.195	 19.554	-14.087       
-39.295	 19.894	-11.910       
-39.293	 22.817	 -9.495       
-39.011	 21.451	 -5.958       
-41.771	 22.780	 -3.636       
-41.249	 24.433	 -0.251       
-41.621	 22.068	  2.729       
-41.988	 23.455	  6.258       
-38.534	 22.630	  7.631       
-38.276	 23.310	 11.344       
-34.935	 25.096	 10.818       
-36.444	 27.553	  8.287       
-36.874	 30.984	  9.823       
-34.462	 33.461	 11.453       
-34.989	 32.294	 15.045       
-34.936	 28.543	 14.365       
-32.204	 26.048	 15.251       
-31.827	 22.631	 13.668       
-33.846	 19.818	 15.195       
-31.034	 17.755	 16.694       
-33.110	 14.578	 17.090       
-33.715	 14.655	 13.336       
-29.958	 15.111	 12.879       
-29.303	 12.062	 15.080       
-31.752	  9.955	 13.065       
-30.407	 11.270	  9.759       
-26.942	 10.013	 10.654       
-28.377	  6.485	 11.049       
-30.036	  6.664	  7.634       
-26.714	  7.838	  6.222       
-24.800	  5.027	  7.934       
-27.227	  2.236	  7.010       
-28.307	  3.288	  3.504       
-26.257	  6.083	  1.881       
-22.727	  5.341	  3.137       
-22.506	  2.278	  0.892       
-22.032	  4.584	 -2.114       
-21.523	  8.109	 -0.706       
-18.465	  9.522	  1.049       
-18.687	 12.285	  3.655       
-15.073	 13.441	  3.518       
-15.270	 16.834	  5.183       
-16.993	 15.712	  8.383       
-14.753	 14.785	 11.334       
-16.063	 12.473	 14.070       
-15.509	 15.080	 16.806       
-18.069	 17.481	 15.281       
-20.829	 14.954	 16.055       
-20.164	 15.264	 19.792       
-22.646	 17.567	 21.467       
-24.659	 17.839	 18.261       
-26.291	 14.472	 17.634       
-24.283	 12.039	 19.786       
-22.344	 11.799	 23.053       
-18.557	 11.795	 23.397       
-18.746	  8.060	 24.172       
-21.007	  7.100	 21.243       
-18.797	  8.858	 18.690       
-15.678	  7.193	 20.094       
-17.231	  3.741	 19.635       
-18.303	  4.641	 16.093       
-14.845	  5.882	 15.095       
-13.072	  2.838	 16.538       
-15.121	  0.549	 14.282       
-12.926	  1.814	 11.418       
 -9.234	  1.312	 10.707       
 -6.974	  4.161	  9.609       
 -3.324	  4.197	  8.507       
 -0.949	  4.764	 11.426       
  2.702	  5.771	 11.667       
  5.149	  2.952	 10.777       
  6.634	  0.873	 13.612       
 10.227	  0.979	 14.891       
 11.354	 -1.026	 11.846       
  9.478	  0.893	  9.163       
  6.766	 -1.609	  8.211       
  3.271	 -0.087	  7.741       
  0.561	 -0.632	 10.352       
 -3.075	  0.232	 11.026       
 -5.045	  1.796	 13.873       
 -8.609	  2.104	 15.203       
-10.157	  5.506	 14.493       
-10.121	  8.452	 16.894       
-12.230	 11.603	 17.229       
 -9.670	 13.619	 15.228       
-10.372	 11.462	 12.169       
-12.689	 12.216	  9.261       
-15.631	  9.909	  8.496       
-14.246	  7.381	  5.969       
-15.748	  6.737	  2.552       
-16.829	  3.469	  0.854       
-14.363	  3.624	 -2.045       
-10.535	  3.913	 -2.121       
-10.464	  6.054	 -5.285       
-12.637	  7.498	 -8.059       
-12.091	  4.572	-10.471       
-13.328	  2.060	 -7.877       
-16.423	  4.184	 -7.235       
-17.327	  4.324	-10.929       
-16.843	  0.537	-11.262       
-19.413	 -0.103	 -8.530       
-22.027	  2.221	-10.075       
-22.259	  1.485	-13.803       
-19.593	  4.116	-14.462       
-21.278	  6.873	-12.437       
-19.698	  8.833	 -9.581       
-21.753	  9.308	 -6.392       
-20.828	 12.807	 -5.160       
-19.552	 13.436	 -1.664       
-22.441	 14.704	  0.459       
-20.582	 17.048	  2.825       
-21.718	 20.117	  0.910       
-24.500	 18.700	 -1.245       
-27.203	 20.853	  0.382       
-25.322	 24.047	 -0.496       
-24.102	 22.739	 -3.874       
-27.612	 22.536	 -5.394       
-30.381	 25.044	 -6.130       
-33.341	 24.288	 -3.886       
-31.284	 23.099	 -0.933       
-33.215	 20.862	  1.470       
-36.356	 21.036	 -0.681       
-34.424	 19.644	 -3.636       
-32.651	 16.786	 -1.822       
-35.843	 15.693	 -0.089       
-37.925	 15.906	 -3.263       
-35.357	 13.914	 -5.236       
-35.330	 11.087	 -2.669       
-39.120	 10.840	 -2.471       
-39.820	 11.564	 -6.111       
-39.076	  8.349	 -7.995       
-42.227	  7.289	 -9.887       
-42.863	  3.550	-10.191       
-42.958	  4.057	-13.956       
-41.617	  6.871	-16.207       
-44.156	  9.068	-18.064       
-45.327	  7.652	-21.387       
-42.935	  8.110	-24.286       
-39.825	  8.607	-22.175       
-37.160	  6.159	-23.340       
-34.744	  5.664	-20.447       
-31.137	  4.547	-21.123       
-30.181	  1.105	-19.720       
-29.000	  1.511	-16.133       
-30.681	  4.903	-15.752       
-33.645	  5.802	-13.575       
-36.336	  8.421	-13.941       
-36.839	 11.239	-11.458       
-38.691	 14.423	-12.454       
-36.704	 16.681	-10.080       
-33.333	 15.811	-11.646       
-32.406	 17.946	-14.715       
-33.057	 15.867	-17.811       
-35.033	 13.309	-15.822       
-32.463	 10.540	-16.178       
-30.505	  9.873	-12.970       
-27.943	  7.135	-12.254       
-29.058	  6.600	 -8.648       
-32.027	  4.285	 -8.179       
-34.611	  4.830	 -5.458       
-33.018	  3.539	 -2.238       
-35.483	  4.584	  0.464       
-38.283	  2.114	  1.201       
-40.601	  1.952	  4.227       
-39.128	  0.398	  7.389       
-35.686	 -0.452	  5.965       
-34.280	  1.194	  9.092       
-35.099	  0.565	 12.756       
-35.025	  4.014	 14.371       
-33.295	  3.845	 17.735       
-35.866	  6.250	 19.223       
-39.008	  4.415	 18.103       
-40.058	  6.717	 15.246       
-41.901	  5.087	 12.299       
-39.271	  4.846	  9.577       
-41.414	  5.743	  6.568       
-39.580	  6.815	  3.394       
-40.589	 10.470	  3.714       
-39.569	 10.432	  7.381       
-36.156	  9.000	  6.523       
-35.770	 11.494	  3.683       
-36.679	 14.328	  6.063       
-34.040	 13.111	  8.522       
-30.972	 12.533	  6.289       
-31.678	 15.807	  4.577       
-31.702	 17.566	  7.957       
-28.469	 15.730	  8.785       
-26.881	 16.729	  5.467       
-27.810	 20.394	  5.998       
-25.904	 20.242	  9.290       
-22.936	 18.573	  7.549       
-22.828	 21.447	  5.057       
-23.668	 24.183	  7.616       
-22.371	 23.082	 11.052       
-22.358	 26.674	 12.295       
-26.096	 27.161	 11.579       
-27.488	 27.366	 15.144       
-24.693	 29.553	 16.473       
-24.635	 31.735	 13.336       
-28.298	 32.702	 13.771       
-27.836	 33.391	 17.481       
-24.984	 35.805	 16.694       
-27.060	 37.376	 13.942       
-29.853	 38.123	 16.406       
-27.448	 40.086	 18.631       
-25.731	 41.800	 15.685       
-29.011	 42.898	 14.110       
-30.393	 44.247	 17.393       
-27.291	 46.327	 18.136       
-26.983	 47.655	 14.580       
-30.710	 48.465	 14.373       
-30.453	 50.506	 17.559       
-27.281	 52.253	 16.382       
-29.083	 53.111	 13.128       
-32.161	 54.601	 14.842       
-29.905	 56.398	 17.338       
-27.667	 57.994	 14.677       
-30.704	 59.391	 12.853       
-31.743	 61.199	 16.037       
-28.197	 62.454	 16.717       
-27.842	 63.673	 13.120       
-31.129	 65.591	 13.236       
-30.031	 67.265	 16.474       
-26.636	 68.231	 15.063       
-28.315	 69.623	 11.935       
-31.216	 71.544	 13.581       
-29.456	 74.902	 13.483       
-28.780	 74.551	  9.745       
-32.164	 73.136	  8.746       
-34.199	 75.898	 10.397       
-31.766	 78.659	  9.392       
-33.483	 81.698	  7.803       
-32.214	 84.304	  5.335       
-33.323	 87.875	  4.530       
-32.207	 90.037	  1.607       
-32.130	 93.840	  1.769       
-30.722	 94.993	 -1.576       
-27.784	 97.402	 -1.053       
-28.060	101.036	 -2.147       
BRIEF 1EZV H 74               
-47.454	  2.535	  8.829       
-48.125	  3.754	  5.280       
-45.871	  6.539	  3.937       
-47.280	  9.980	  4.756       
-46.393	 11.548	  1.401       
-47.815	  8.628	 -0.610       
-50.970	  9.040	  1.479       
-51.363	 12.774	  0.787       
-50.575	 12.275	 -2.901       
-53.222	  9.552	 -3.288       
-55.683	 11.781	 -1.432       
-55.067	 14.709	 -3.811       
-55.071	 12.645	 -7.001       
-58.762	 12.129	 -6.146       
-59.913	 15.729	 -5.868       
-61.746	 17.328	 -8.797       
-58.571	 19.116	 -9.920       
-56.420	 16.032	 -9.439       
-58.817	 13.866	-11.453       
-58.828	 16.395	-14.305       
-55.004	 16.386	-14.320       
-54.601	 12.603	-14.364       
-57.231	 12.491	-17.114       
-55.148	 14.808	-19.318       
-52.029	 12.780	-18.519       
-53.925	  9.561	-19.274       
-55.298	 10.881	-22.563       
-51.667	 11.628	-23.450       
-50.432	  8.165	-22.433       
-53.086	  6.496	-24.605       
-52.129	  8.641	-27.605       
-48.487	  7.595	-27.176       
-48.792	  3.793	-26.924       
-50.889	  3.888	-30.106       
-48.058	  5.729	-31.882       
-45.561	  3.056	-30.783       
-47.536	  0.244	-32.435       
-47.642	  1.892	-35.866       
-44.697	  1.201	-38.185       
-41.718	  3.535	-38.434       
-41.662	  4.529	-34.767       
-37.943	  3.781	-34.377       
-37.491	  6.189	-37.305       
-39.703	  9.245	-36.768       
-37.581	 12.016	-35.170       
-40.881	 13.375	-33.805       
-41.823	 11.089	-30.900       
-44.254	 12.605	-28.404       
-43.829	 12.055	-24.670       
-46.032	 12.998	-21.735       
-43.515	 14.720	-19.434       
-45.371	 18.025	-19.724       
-48.716	 16.521	-18.673       
-46.908	 14.537	-15.983       
-45.240	 17.731	-14.682       
-48.633	 19.468	-14.417       
-49.894	 16.561	-12.316       
-46.804	 16.463	-10.116       
-46.802	 20.245	 -9.751       
-50.410	 20.268	 -8.508       
-49.618	 17.475	 -6.054       
-46.464	 19.251	 -4.824       
-48.401	 22.486	 -4.286       
-50.964	 20.635	 -2.147       
-48.751	 18.159	 -0.278       
-45.751	 20.373	  0.541       
-47.422	 22.687	  3.090       
-48.944	 19.731	  4.938       
-46.513	 16.809	  4.914       
-44.314	 17.888	  7.838       
-47.182	 18.340	 10.306       
-47.567	 14.581	  9.850       
-43.850	 13.868	 10.304       
-41.801	 13.871	 13.499       
BRIEF 1EZV F 125              
-22.203	 74.022	-26.790       
-21.625	 77.769	-27.001       
-24.311	 80.338	-26.280       
-23.547	 81.868	-29.691       
-24.734	 78.582	-31.196       
-27.791	 78.234	-28.960       
-28.708	 81.824	-29.930       
-28.279	 81.092	-33.659       
-30.652	 78.080	-33.590       
-33.040	 79.711	-31.130       
-33.416	 82.995	-33.010       
-34.011	 81.186	-36.323       
-36.898	 79.358	-34.661       
-38.180	 82.505	-32.949       
-38.455	 84.521	-36.180       
-39.961	 81.974	-38.592       
-43.634	 81.962	-37.444       
-44.046	 78.347	-38.563       
-41.603	 77.067	-35.930       
-42.214	 79.934	-33.497       
-45.855	 78.930	-32.960       
-44.974	 75.224	-32.889       
-41.999	 75.166	-30.493       
-42.368	 78.001	-27.967       
-45.397	 76.350	-26.324       
-43.373	 73.129	-26.023       
-40.451	 75.144	-24.606       
-42.717	 77.042	-22.190       
-44.041	 73.768	-20.792       
-40.537	 72.293	-20.531       
-39.461	 75.306	-18.455       
-42.369	 74.903	-16.023       
-41.681	 71.183	-15.568       
-37.987	 71.944	-14.951       
-39.050	 73.440	-11.634       
-36.164	 75.823	-10.967       
-38.571	 78.758	-10.597       
-40.133	 77.060	 -7.556       
-36.698	 77.272	 -5.873       
-36.475	 80.982	 -6.637       
-33.957	 80.677	 -9.451       
-33.725	 82.275	-12.855       
-32.401	 80.089	-15.645       
-29.216	 82.141	-15.997       
-28.428	 81.319	-12.335       
-28.196	 77.676	-13.470       
-25.405	 78.076	-16.031       
-22.234	 76.135	-15.071       
-19.697	 78.824	-14.132       
-16.369	 76.966	-13.897       
-14.864	 78.169	-17.187       
-13.215	 81.411	-18.409       
-16.208	 82.731	-20.419       
-18.572	 82.531	-17.457       
-15.965	 84.032	-15.108       
-15.427	 86.955	-17.466       
-19.207	 87.338	-17.713       
-19.870	 87.250	-13.952       
-16.996	 89.692	-13.416       
-18.713	 92.182	-15.723       
-22.153	 91.894	-14.108       
-23.286	 95.146	-12.416       
-23.113	 95.089	 -8.601       
-26.845	 94.975	 -7.933       
-27.512	 91.988	-10.166       
-24.476	 90.268	 -8.635       
-25.772	 90.607	 -5.066       
-29.183	 89.419	 -6.276       
-27.781	 86.287	 -7.973       
-25.900	 85.560	 -4.730       
-29.091	 85.714	 -2.661       
-31.085	 83.578	 -5.110       
-28.374	 80.902	 -5.119       
-28.025	 80.836	 -1.323       
-31.811	 80.750	 -0.916       
-32.019	 77.865	 -3.409       
-29.456	 75.773	 -1.478       
-31.218	 76.343	  1.845       
-34.591	 75.365	  0.392       
-33.105	 72.326	 -1.350       
-31.613	 71.087	  1.935       
-34.950	 71.418	  3.747       
-36.627	 69.348	  0.996       
-39.229	 72.063	  0.439       
-40.116	 74.493	 -2.290       
-40.627	 78.173	 -1.584       
-44.067	 79.672	 -0.885       
-45.663	 80.164	 -4.307       
-45.723	 83.944	 -3.914       
-41.918	 83.775	 -3.762       
-41.488	 81.802	 -7.007       
-39.808	 83.515	 -9.941       
-42.418	 84.735	-12.409       
-41.914	 84.352	-16.158       
-41.607	 88.132	-16.515       
-38.658	 88.021	-14.099       
-37.018	 84.970	-15.710       
-34.956	 87.193	-18.027       
-31.644	 86.298	-19.693       
-29.714	 88.851	-17.602       
-26.294	 87.209	-18.020       
-26.715	 86.213	-21.681       
-25.490	 89.515	-23.197       
-22.265	 89.413	-21.162       
-21.696	 85.774	-22.175       
-22.280	 86.417	-25.892       
-19.983	 89.436	-25.762       
-17.195	 87.386	-24.132       
-17.600	 84.510	-26.622       
-17.260	 86.906	-29.561       
-14.152	 88.521	-28.058       
-12.674	 85.049	-27.495       
-13.579	 83.828	-30.989       
-11.907	 86.880	-32.560       
 -8.685	 86.306	-30.590       
 -8.634	 82.706	-31.749       
 -9.203	 83.926	-35.324       
 -6.479	 86.568	-35.149       
 -3.919	 84.244	-33.469       
 -4.354	 81.917	-36.450       
 -4.720	 84.281	-39.439       
 -2.907	 83.193	-42.596       
 -1.351	 85.687	-45.013       
 -1.357	 85.746	-48.816       
  1.076	 87.620	-51.070       
BRIEF 1EZV G 93               
  5.900	 77.455	 -0.851       
  5.784	 75.232	 -3.938       
  3.375	 77.086	 -6.292       
 -0.239	 76.131	 -7.053       
 -2.727	 75.764	 -9.897       
 -5.702	 78.141	 -9.764       
 -8.937	 76.302	 -8.981       
-12.636	 77.088	 -8.542       
-12.670	 76.548	 -4.765       
-10.576	 78.293	 -2.103       
-10.860	 77.987	  1.677       
-12.546	 79.715	  4.622       
-12.152	 83.454	  4.130       
-11.413	 83.145	  0.399       
-13.844	 80.560	 -0.968       
-13.865	 82.154	 -4.408       
-17.512	 83.166	 -4.409       
-18.713	 86.657	 -5.419       
-18.708	 89.475	 -2.847       
-21.784	 89.131	 -0.622       
-23.649	 92.183	  0.669       
-27.200	 92.687	  1.900       
-27.886	 89.087	  2.935       
-28.483	 88.581	  6.664       
-28.891	 85.114	  8.180       
-30.405	 83.973	 11.459       
-30.292	 80.702	 13.372       
-31.106	 79.212	 16.770       
-29.203	 76.685	 18.892       
-30.256	 73.024	 18.491       
-30.198	 73.024	 22.290       
-33.001	 75.606	 22.412       
-35.135	 73.728	 19.884       
-37.920	 71.215	 20.397       
-36.632	 67.676	 21.074       
-37.367	 65.554	 18.028       
-41.049	 64.740	 18.474       
-42.015	 67.595	 16.164       
-41.862	 66.266	 12.588       
-45.225	 64.714	 11.860       
-48.302	 66.955	 12.269       
-46.207	 69.663	 10.578       
-44.038	 67.529	  8.288       
-45.316	 64.290	  6.782       
-48.012	 65.698	  4.521       
-45.174	 68.059	  3.579       
-42.708	 65.466	  2.289       
-43.859	 62.514	  0.242       
-44.046	 65.468	 -2.138       
-40.693	 65.011	 -3.882       
-41.651	 61.834	 -5.769       
-44.933	 63.202	 -7.094       
-42.661	 65.198	 -9.388       
-40.349	 62.246	 -9.856       
-42.300	 58.989	 -9.884       
-43.229	 59.294	-13.560       
-39.585	 59.649	-14.635       
-38.869	 56.402	-12.789       
-42.155	 54.514	-13.307       
-42.637	 54.927	-17.071       
-39.150	 53.660	-18.033       
-39.631	 50.932	-15.400       
-43.014	 50.021	-16.884       
-41.666	 49.886	-20.442       
-38.843	 47.570	-19.372       
-40.926	 45.329	-17.117       
-43.551	 44.856	-19.840       
-40.834	 44.128	-22.394       
-39.259	 41.598	-20.036       
-42.511	 39.806	-19.114       
-43.446	 39.532	-22.773       
-40.171	 38.010	-23.942       
-40.263	 35.524	-21.086       
-43.803	 34.309	-21.694       
-42.893	 33.920	-25.350       
-39.863	 31.765	-24.482       
-42.094	 29.629	-22.248       
-44.545	 29.080	-25.100       
-41.730	 28.194	-27.515       
-40.464	 25.358	-25.294       
-43.876	 23.904	-24.454       
-45.579	 21.256	-26.621       
-47.936	 23.781	-28.216       
-45.049	 25.865	-29.499       
-42.541	 23.317	-30.797       
-43.703	 24.073	-34.334       
-43.064	 27.806	-33.948       
-39.788	 26.898	-32.192       
-38.596	 25.053	-35.312       
-39.473	 28.133	-37.368       
-37.851	 30.920	-35.319       
-34.773	 29.004	-34.102       
-31.949	 28.783	-36.674       
BRIEF 1EZV I 55               
-36.277	 64.386	 31.410       
-35.093	 64.696	 35.010       
-33.841	 61.099	 35.197       
-30.786	 62.329	 33.285       
-30.155	 65.311	 35.589       
-29.875	 63.019	 38.634       
-27.034	 60.846	 37.324       
-25.133	 63.053	 34.878       
-26.590	 66.478	 35.709       
-26.727	 68.435	 32.424       
-23.269	 67.109	 31.479       
-22.631	 64.520	 28.770       
-21.733	 60.946	 29.723       
-17.950	 60.512	 29.882       
-15.899	 57.851	 28.047       
-14.932	 56.027	 31.244       
-18.584	 55.544	 32.186       
-19.366	 54.591	 28.567       
-16.584	 51.984	 28.445       
-17.635	 50.613	 31.844       
-21.288	 50.426	 30.837       
-20.275	 48.575	 27.656       
-18.536	 45.747	 29.553       
-21.684	 45.347	 31.673       
-23.949	 45.436	 28.614       
-21.949	 42.772	 26.792       
-22.541	 40.142	 29.481       
-26.146	 41.022	 30.359       
-27.234	 41.244	 26.717       
-25.599	 37.930	 25.781       
-27.361	 36.034	 28.581       
-30.727	 37.629	 27.772       
-30.405	 36.597	 24.098       
-29.066	 33.080	 24.687       
-31.927	 32.524	 27.148       
-34.641	 33.673	 24.759       
-33.017	 31.729	 21.905       
-32.647	 28.395	 23.721       
-36.183	 28.729	 25.117       
-37.697	 29.560	 21.713       
-36.038	 26.375	 20.420       
-37.072	 24.088	 23.298       
-37.392	 20.498	 22.122       
-34.960	 20.836	 19.222       
-31.704	 21.417	 21.126       
-29.109	 18.776	 21.972       
-29.750	 19.688	 25.646       
-33.309	 18.437	 25.207       
-32.439	 15.361	 23.149       
-29.831	 14.150	 25.660       
-32.560	 14.043	 28.325       
-34.198	 11.243	 26.312       
-31.084	  9.092	 25.800       
-29.032	  7.037	 28.294       
-26.232	  4.531	 27.578       
BRIEF 1EZV X 127              
 29.814	 14.659	 47.899       
 28.001	 14.203	 51.220       
 29.717	 13.432	 54.537       
 28.254	 12.323	 57.867       
 30.495	 12.735	 60.929       
 29.371	 11.488	 64.340       
 30.492	 12.722	 67.756       
 29.401	 12.369	 71.376       
 29.748	 10.413	 74.621       
 31.170	  6.937	 74.068       
 30.245	  5.972	 77.640       
 27.173	  6.790	 79.738       
 26.051	  5.476	 83.113       
 22.692	  3.662	 83.510       
 19.588	  5.804	 84.145       
 21.198	  8.747	 82.296       
 20.646	 10.285	 78.846       
 22.731	  9.222	 75.834       
 23.452	 12.120	 73.456       
 24.906	 11.761	 69.958       
 25.401	 14.445	 67.311       
 25.551	 13.752	 63.565       
 27.309	 16.510	 61.585       
 26.505	 16.734	 57.869       
 28.662	 18.557	 55.311       
 28.109	 18.835	 51.565       
 24.306	 18.931	 51.749       
 21.715	 20.642	 53.968       
 19.360	 18.814	 56.342       
 16.608	 21.212	 55.267       
 17.238	 20.620	 51.548       
 16.277	 17.038	 51.002       
 15.237	 13.744	 52.437       
 15.168	 11.686	 55.664       
 17.742	 11.692	 58.469       
 17.970	  8.447	 60.403       
 19.534	  6.931	 63.507       
 20.137	  3.195	 63.755       
 22.092	  1.006	 66.213       
 24.134	 -2.191	 65.841       
 24.025	 -4.602	 68.791       
 26.966	 -6.991	 69.503       
 24.602	 -9.852	 68.679       
 24.598	 -8.403	 65.146       
 20.956	 -7.354	 64.923       
 20.487	 -3.934	 63.325       
 17.639	 -1.810	 64.672       
 16.129	  1.303	 63.094       
 15.734	  3.975	 65.772       
 14.030	  6.888	 64.026       
 14.334	  9.921	 61.761       
 13.790	 13.626	 61.402       
 12.776	 14.926	 57.961       
 13.888	 18.042	 56.082       
 10.607	 19.587	 57.261       
 11.270	 18.650	 60.888       
  8.782	 15.788	 61.212       
  9.743	 13.022	 63.637       
  9.173	  9.296	 63.181       
 10.368	  6.780	 65.763       
 10.484	  3.006	 66.230       
  7.596	  2.133	 68.627       
 10.058	 -0.084	 70.515       
 11.889	  3.036	 71.744       
  9.309	  5.720	 70.944       
  8.649	  7.024	 74.466       
 12.297	  7.669	 75.363       
 14.177	  9.228	 72.448       
 13.966	 12.703	 70.941       
 15.614	 13.399	 67.586       
 16.356	 17.114	 67.192       
 18.247	 19.233	 64.656       
 20.086	 22.538	 64.325       
 19.747	 24.082	 60.855       
 22.445	 26.702	 61.522       
 25.214	 24.167	 62.180       
 23.756	 21.410	 59.965       
 23.544	 18.507	 62.413       
 20.864	 16.268	 63.907       
 20.885	 14.577	 67.327       
 19.837	 11.388	 69.113       
 18.807	 11.555	 72.777       
 18.016	  8.151	 74.319       
 16.680	  8.665	 77.859       
 17.208	  6.530	 80.994       
 19.576	  4.019	 79.418       
 19.995	  0.357	 80.349       
 22.717	 -2.185	 79.571       
 20.210	 -2.923	 76.795       
 21.334	  0.239	 74.986       
 24.920	 -0.953	 74.530       
 25.454	 -0.651	 70.786       
 27.371	  1.152	 68.072       
 25.075	  3.891	 66.765       
 24.902	  5.084	 63.150       
 23.315	  8.151	 61.589       
 22.334	  7.849	 57.917       
 20.452	  9.617	 55.130       
 17.693	  7.818	 53.267       
 16.196	  8.967	 49.978       
 12.610	  8.336	 48.948       
 11.490	  7.858	 45.362       
  7.784	  7.050	 44.911       
  8.541	  3.854	 42.962       
 11.658	  2.421	 44.644       
 10.847	  3.599	 48.176       
 13.438	  4.413	 50.849       
 17.156	  3.600	 50.783       
 19.900	  4.712	 53.169       
 22.704	  5.886	 50.925       
 25.008	  7.974	 53.107       
 26.276	  6.567	 56.405       
 28.058	  7.969	 59.429       
 31.314	  6.528	 60.795       
 29.700	  4.757	 63.742       
 29.960	  5.766	 67.393       
 30.323	  2.891	 69.892       
 28.529	  3.567	 73.189       
 28.844	  1.460	 76.339       
 26.417	  1.704	 79.239       
 28.845	  1.138	 82.107       
 29.049	  2.267	 85.737       
 32.713	  3.248	 85.318       
 34.203	  6.740	 85.597       
 35.614	  8.470	 82.490       
 37.126	 11.937	 82.034       
 34.733	 14.420	 80.350       
BRIEF 1EZV Y 107              
  5.937	 -5.895	 62.741       
  7.760	 -7.820	 60.010       
 10.985	 -9.724	 60.679       
 13.543	-11.054	 58.206       
 15.481	-14.320	 58.431       
 18.944	-14.208	 56.857       
 19.969	-17.685	 55.722       
 22.564	-19.061	 55.571       
 23.911	-17.553	 58.793       
 27.639	-16.832	 58.486       
 28.583	-19.389	 55.816       
 32.034	-19.249	 54.200       
 33.537	-19.955	 50.765       
 36.765	-19.770	 48.734       
 38.878	-17.151	 46.941       
 36.726	-16.516	 43.867       
 33.377	-18.243	 43.326       
 29.619	-17.587	 43.478       
 27.462	-17.483	 46.625       
 23.739	-16.986	 47.292       
 22.437	-15.453	 50.536       
 18.682	-14.965	 51.066       
 16.118	-12.993	 53.082       
 12.618	-14.195	 53.986       
 10.031	-11.933	 55.633       
  7.031	-12.840	 57.797       
  4.583	-10.579	 55.947       
  4.530	 -9.880	 52.202       
  6.762	 -6.947	 51.280       
  6.510	 -5.824	 47.637       
 10.050	 -5.560	 46.314       
 11.032	 -2.960	 48.908       
 14.199	 -4.739	 50.036       
 17.650	 -3.196	 50.426       
 20.997	 -4.902	 51.032       
 23.754	 -3.339	 53.131       
 27.430	 -4.196	 53.564       
 29.149	 -3.765	 56.933       
 32.929	 -4.056	 56.564       
 35.196	 -5.528	 59.304       
 36.264	 -1.921	 59.956       
 32.694	 -0.953	 60.844       
 32.235	  0.875	 57.534       
 28.661	  0.305	 56.377       
 27.539	  0.745	 52.750       
 24.447	  0.493	 50.541       
 24.666	 -2.228	 47.876       
 21.159	 -2.885	 46.529       
 17.758	 -1.164	 46.680       
 14.406	 -2.413	 45.325       
 16.056	 -5.876	 45.283       
 17.876	 -5.535	 41.938       
 19.073	 -1.934	 41.655       
 22.809	 -1.343	 42.035       
 23.957	  1.674	 44.049       
 26.778	  3.942	 42.849       
 30.166	  2.261	 42.983       
 29.089	 -1.312	 43.733       
 30.636	 -3.616	 41.099       
 28.868	 -5.524	 38.313       
 29.427	 -8.916	 39.968       
 26.606	 -8.191	 42.432       
 23.061	 -9.297	 41.575       
 19.821	 -9.315	 43.549       
 16.497	-10.958	 42.752       
 13.241	-12.337	 44.105       
  9.804	-10.988	 45.009       
  6.913	-11.378	 47.434       
  8.683	-12.845	 50.465       
 11.808	-14.609	 49.132       
 14.908	-12.651	 48.088       
 18.546	-13.093	 47.063       
 22.065	-11.653	 46.828       
 24.381	-13.379	 44.345       
 28.073	-12.757	 43.601       
 30.393	-13.710	 40.713       
 33.860	-13.892	 42.281       
 34.869	-12.923	 45.830       
 38.127	-11.275	 44.717       
 39.175	-10.201	 47.412       
 37.478	 -7.499	 49.510       
 33.987	 -9.049	 49.506       
 34.584	-10.187	 53.096       
 31.968	 -8.483	 55.262       
 28.610	 -8.848	 57.006       
 25.593	 -8.438	 54.715       
 22.209	 -7.204	 55.937       
 18.742	 -6.664	 54.473       
 15.897	 -4.292	 55.334       
 12.306	 -3.775	 54.241       
 10.610	 -0.376	 53.974       
  6.976	 -1.019	 53.026       
  5.849	  0.115	 56.487       
  7.252	  1.638	 59.683       
  9.195	  0.400	 61.477       
 12.007	 -0.753	 59.180       
 13.501	 -4.079	 60.256       
 16.768	 -5.734	 59.242       
 17.883	 -9.334	 58.876       
 19.851	-11.446	 61.347       
 23.067	-10.772	 59.449       
 25.263	-12.984	 57.279       
 29.033	-13.065	 57.770       
 31.235	-14.090	 54.846       
 34.495	-15.834	 55.735       
 37.377	-17.226	 53.660       
 38.963	-20.652	 54.207       
