BRIEF 1FDL Y 129              
  0.556	-13.062	 38.012  1.155
  2.998	-12.212	 35.205 -0.513
  1.291	 -9.983	 32.646 -0.534
  1.863	 -9.622	 29.011 -1.231
  2.814	 -6.135	 27.593  0.829
 -0.461	 -5.457	 25.865  1.459
 -2.480	 -7.275	 28.494  0.040
 -1.124	 -4.922	 31.136  0.828
 -1.422	 -1.908	 28.814  1.137
 -5.115	 -2.515	 28.438 -0.717
 -5.706	 -2.923	 32.160 -0.757
 -3.723	  0.232	 33.178  0.862
 -5.849	  1.908	 30.554 -1.024
 -9.093	  0.486	 32.131 -2.375
 -7.984	  2.030	 35.475 -2.319
 -7.364	  5.505	 34.031  0.904
 -3.567	  5.653	 33.836 -0.935
 -3.487	  6.866	 30.205 -0.390
 -2.299	 10.479	 30.517 -0.417
 -2.747	 10.545	 34.275 -0.343
 -1.098	 13.798	 35.260 -0.556
  0.052	 13.958	 31.568 -0.052
  2.107	 10.708	 31.466 -0.848
  1.255	  8.701	 28.392  0.109
  0.332	  5.026	 28.946  0.172
  3.582	  3.615	 27.605 -0.134
  5.243	  5.325	 30.624  0.435
  3.364	  3.059	 32.965  1.086
  3.880	 -0.159	 30.950  0.261
  7.571	  0.612	 30.655  1.476
  7.913	  1.172	 34.482  0.971
  5.967	 -2.065	 35.377  0.744
  8.495	 -3.820	 33.109 -0.657
 11.719	 -2.448	 34.597 -0.130
 10.313	 -2.542	 38.207  1.125
  8.630	 -5.873	 38.569  1.488
  9.184	 -7.437	 35.137 -1.077
  5.375	 -7.445	 34.961 -0.398
  5.018	 -9.729	 37.935  0.463
  2.348	 -8.812	 40.399  1.330
  3.781	-10.902	 43.252 -2.369
  7.102	 -9.126	 43.080  0.976
  8.531	 -8.153	 46.427 -0.355
 12.046	 -6.720	 47.013  0.698
 13.606	 -6.030	 50.380 -1.015
 15.608	 -2.821	 50.332  0.373
 18.740	 -1.958	 52.249 -0.927
 16.864	  0.435	 54.549  0.448
 14.685	 -2.379	 55.844 -0.271
 11.682	 -1.541	 53.756  1.159
 10.222	 -3.721	 51.024 -0.055
  8.971	 -2.839	 47.517  0.975
  5.677	 -4.529	 46.616  0.841
  3.745	 -5.611	 43.554  1.481
  3.929	 -4.687	 39.926  1.047
  4.874	 -0.994	 40.428  1.142
  7.205	 -1.721	 43.381  1.488
  5.458	  0.545	 45.898  1.439
  7.514	  0.961	 49.069  1.255
  6.321	  0.178	 52.635  0.839
  8.253	  3.121	 54.326 -0.545
  5.983	  5.736	 52.802 -0.613
  3.167	  4.214	 50.921  1.177
  1.793	  1.074	 52.555  1.483
  2.187	 -0.545	 55.995 -0.208
  3.367	 -4.108	 56.208 -0.243
  4.027	 -4.256	 59.966 -2.014
  7.769	 -4.840	 59.541 -1.880
  8.767	 -1.182	 58.566 -1.052
 10.440	  1.485	 60.845 -1.001
  8.612	  4.749	 60.223 -1.911
  5.686	  3.670	 58.034 -0.214
  3.856	  6.808	 57.139 -1.289
  1.406	  4.554	 55.104  1.122
  0.308	  7.499	 52.904 -0.809
 -1.828	  5.347	 50.622  1.483
 -3.554	  3.898	 53.728 -0.620
 -3.077	  0.456	 52.390 -0.146
 -1.823	 -2.821	 53.677 -0.602
  1.301	 -3.604	 51.489  1.460
 -0.111	 -7.127	 50.958 -0.291
 -3.027	 -5.454	 49.095 -0.841
 -0.386	 -4.623	 46.485  0.670
  0.542	 -8.281	 45.838 -0.077
 -2.843	 -9.031	 44.271 -0.180
 -3.472	 -9.803	 40.567  0.256
 -6.164	 -7.145	 40.398  0.497
 -4.133	 -3.995	 39.827  1.069
 -6.781	 -1.578	 41.248 -1.018
 -5.020	 -0.862	 44.575 -0.345
 -1.508	 -0.632	 43.105  0.665
 -2.793	  1.818	 40.453  0.328
 -4.772	  3.989	 43.014 -2.374
 -1.651	  4.404	 45.182  1.476
  0.444	  5.027	 42.029  1.006
 -1.969	  7.875	 41.368  0.305
 -1.146	  9.370	 44.804 -0.662
  2.634	  8.883	 44.319  0.918
  2.641	 10.574	 40.872 -0.507
  0.517	 13.512	 42.121 -1.004
  3.274	 14.476	 44.699 -0.141
  6.276	 16.568	 43.620 -0.350
  8.502	 14.359	 41.454 -0.259
  5.893	 12.775	 39.216  1.122
  7.180	  9.558	 37.830  0.679
 10.739	 10.151	 38.949 -1.120
  9.589	  8.440	 42.164  0.970
 10.209	  5.130	 40.397  1.212
 14.027	  4.813	 39.790  0.066
 13.719	  2.224	 37.032  0.472
 11.476	  4.550	 35.048  0.945
 13.896	  7.423	 35.220 -2.233
 16.802	  5.198	 34.297 -1.089
 15.382	  3.080	 31.537 -0.715
 12.247	  4.711	 30.288  1.475
 12.483	  8.437	 30.589 -1.075
 13.739	  9.834	 27.318 -0.137
 13.067	  6.716	 25.267 -0.503
 10.269	  5.983	 22.882 -0.741
  7.976	  4.614	 25.658  0.566
  4.990	  4.684	 23.165 -0.069
  6.654	  1.519	 21.750 -0.965
  5.409	 -0.439	 24.825  0.052
  1.808	  0.094	 23.611 -0.204
  2.226	  0.139	 19.828 -0.998
  0.834	 -3.185	 18.687 -0.656
 -1.765	 -3.545	 21.494  1.479
 -5.507	 -3.593	 20.875 -1.690
 -6.641	 -0.961	 23.463 -0.199
BRIEF 1FDL L 214              
  4.042	  7.776	  6.553       
  0.920	  9.547	  7.949       
 -0.013	 12.936	  6.468       
 -2.257	 15.530	  8.134       
 -4.809	 17.458	  6.138       
 -5.680	 20.682	  7.980       
 -8.771	 22.569	  6.946       
 -9.666	 25.456	  6.357       
 -6.489	 27.241	  5.172       
 -7.562	 30.674	  6.280       
-10.570	 31.835	  8.235       
-12.102	 35.189	  8.915       
-14.089	 35.553	 12.172       
-15.133	 38.417	 14.452       
-13.973	 38.654	 18.102       
-16.444	 36.734	 20.203       
-17.176	 34.219	 17.407       
-16.580	 30.490	 17.899       
-14.425	 28.833	 15.250       
-13.521	 25.190	 14.605       
-10.307	 23.936	 12.888       
 -9.898	 20.375	 11.568       
 -6.998	 17.936	 11.031       
 -7.547	 14.659	  9.234       
 -4.987	 11.870	  9.318       
 -4.226	  9.257	  6.608       
 -3.995	  6.695	  9.412       
 -5.270	  6.152	 12.917       
 -2.887	  8.227	 15.044       
 -4.555	  7.184	 18.231       
 -5.018	 10.583	 19.873       
 -1.325	 11.560	 19.782       
 -2.184	 14.941	 18.204       
 -0.817	 18.259	 19.464       
 -1.927	 21.768	 18.395       
  0.409	 24.809	 18.285       
 -0.400	 28.453	 17.948       
  2.010	 30.779	 16.149       
  1.657	 34.538	 16.419       
  3.233	 37.025	 13.914       
  6.834	 35.989	 13.668       
  7.109	 34.083	 16.921       
  8.264	 30.510	 17.818       
  5.071	 28.230	 17.878       
  3.670	 27.512	 21.385       
  1.952	 24.449	 22.598       
 -1.811	 24.579	 23.098       
 -3.481	 21.159	 23.381       
 -1.582	 17.813	 23.598       
 -2.719	 14.212	 23.448       
 -5.848	 15.537	 21.685       
 -7.620	 17.235	 24.666       
 -5.258	 18.273	 27.380       
 -4.646	 22.061	 27.612       
 -1.094	 22.958	 28.117       
 -0.010	 24.929	 31.160       
 -1.332	 28.412	 31.108       
 -3.783	 27.935	 28.221       
 -7.324	 29.368	 28.405       
-10.498	 27.512	 28.742       
-12.015	 28.868	 25.470       
 -9.746	 26.283	 23.683       
-10.885	 22.661	 23.367       
 -9.403	 19.691	 21.411       
-11.467	 16.685	 20.275       
-11.218	 13.633	 18.046       
-10.143	 10.062	 17.881       
 -8.559	  7.915	 15.225       
 -8.345	 10.106	 12.100       
-10.543	 13.177	 12.663       
 -9.370	 15.692	 15.242       
-10.691	 19.222	 15.937       
 -9.736	 22.421	 17.813       
-12.663	 24.536	 18.878       
-12.114	 28.104	 20.052       
-15.087	 29.705	 21.733       
-15.620	 33.426	 22.121       
-12.652	 34.581	 20.203       
-10.422	 37.171	 21.711       
 -8.124	 39.588	 19.797       
 -5.132	 37.574	 21.009       
 -6.277	 34.424	 19.174       
 -5.676	 35.516	 15.637       
 -2.596	 33.971	 13.983       
 -1.781	 30.511	 12.724       
 -2.677	 27.113	 14.154       
 -0.862	 23.864	 13.383       
 -1.655	 20.298	 14.299       
  1.152	 17.663	 14.534       
  0.589	 13.777	 14.881       
  2.891	 11.843	 17.214       
  2.167	  8.210	 16.236       
  5.674	  6.762	 15.497       
  8.254	  8.738	 13.498       
  8.180	 10.560	 11.129       
  5.877	 13.175	 12.571       
  4.139	 15.523	 10.136       
  2.341	 18.830	 10.745       
 -0.803	 19.975	  8.943       
 -0.587	 22.996	  6.573       
 -1.782	 25.742	  8.976       
 -4.945	 27.762	  9.499       
 -4.582	 31.496	  9.514       
 -7.287	 32.986	 11.632       
 -7.843	 36.571	 10.566       
-10.117	 39.474	 11.747       
-13.255	 39.870	  9.812       
-14.110	 43.475	  9.062       
-16.129	 45.551	  6.600       
-15.751	 45.567	  2.868       
-13.271	 48.156	  1.541       
-11.951	 49.350	 -1.788       
 -8.206	 50.121	 -2.352       
 -6.606	 53.575	 -2.756       
 -4.767	 52.767	 -6.052       
 -1.760	 54.991	 -6.901       
  0.486	 54.551	-10.003       
  3.950	 56.177	 -9.986       
  6.076	 56.979	-13.116       
  9.771	 55.909	-13.001       
 12.184	 58.100	-10.987       
 14.530	 60.182	-13.210       
 17.497	 58.856	-11.240       
 16.466	 55.381	-12.349       
 16.022	 56.273	-16.086       
 19.515	 57.745	-15.862       
 20.729	 54.271	-14.964       
 18.557	 52.896	-17.774       
 15.992	 50.848	-15.859       
 12.318	 51.702	-15.545       
 10.030	 50.505	-12.749       
  6.446	 51.797	-12.909       
  5.052	 51.207	 -9.263       
  1.411	 50.771	 -8.242       
  0.247	 50.863	 -4.630       
 -3.157	 49.393	 -3.816       
 -3.564	 50.407	 -0.212       
 -5.944	 49.645	  2.607       
 -8.591	 47.326	  1.078       
-10.699	 44.444	  2.439       
-11.178	 41.480	  1.637       
 -7.680	 40.288	  0.630       
 -8.728	 39.072	 -2.806       
 -7.814	 41.502	 -5.592       
 -6.390	 40.977	 -9.117       
 -4.099	 43.613	-10.356       
 -3.214	 43.740	-14.110       
 -0.799	 45.985	-16.089       
 -1.445	 47.385	-19.575       
  1.038	 48.997	-21.901       
 -0.715	 50.924	-24.736       
 -3.922	 49.008	-24.550       
 -2.359	 45.527	-24.389       
 -2.130	 43.667	-21.090       
  1.258	 42.569	-19.852       
  2.229	 39.704	-17.626       
  6.003	 39.454	-18.072       
  7.907	 41.752	-15.634       
  5.172	 42.259	-12.926       
  6.186	 41.725	 -9.255       
  3.671	 41.821	 -6.336       
  3.855	 41.884	 -2.474       
  1.100	 41.957	  0.212       
  1.232	 42.998	  3.780       
 -0.045	 40.986	  6.660       
 -3.519	 42.200	  7.824       
 -3.195	 45.548	  9.534       
 -2.981	 45.732	 13.290       
 -5.234	 48.765	 13.239       
 -8.267	 48.775	 10.888       
 -7.398	 45.285	  9.542       
 -6.874	 46.032	  5.954       
 -4.461	 44.726	  3.304       
 -2.136	 46.697	  1.049       
 -0.310	 45.537	 -2.014       
  2.523	 46.842	 -4.171       
  2.888	 45.761	 -7.827       
  5.962	 46.738	 -9.923       
  6.313	 46.397	-13.688       
 10.021	 46.665	-14.497       
 11.123	 47.536	-18.066       
 14.311	 48.856	-19.518       
 14.629	 52.632	-20.176       
 14.678	 51.742	-23.804       
 11.506	 49.717	-23.995       
  9.766	 52.226	-21.756       
 10.353	 55.191	-24.115       
  8.962	 53.024	-26.881       
  5.474	 53.196	-25.316       
  3.020	 55.744	-23.934       
  0.169	 54.923	-21.517       
  0.850	 52.772	-18.483       
 -2.231	 51.291	-16.787       
 -2.620	 49.618	-13.374       
 -5.967	 47.836	-13.342       
 -7.568	 46.423	-10.256       
-10.602	 44.096	 -9.751       
-11.861	 43.593	 -6.198       
-15.353	 42.594	 -4.900       
-16.698	 46.192	 -4.374       
-15.935	 46.850	 -8.086       
-18.714	 46.510	-10.579       
-16.119	 47.296	-13.204       
-12.418	 47.676	-12.220       
-10.571	 50.534	-10.573       
 -8.296	 51.856	-13.333       
 -5.199	 54.082	-12.967       
 -3.198	 55.421	-15.893       
 -0.422	 57.732	-16.729       
  1.011	 58.772	-20.069       
  4.697	 59.426	-20.600       
  4.150	 62.788	-22.319       
  1.982	 64.312	-19.586       
  3.648	 65.325	-16.253       
BRIEF 1FDL H 218              
 13.728	 27.465	 33.589       
 13.933	 25.777	 30.188       
 15.755	 27.457	 27.417       
 16.654	 26.405	 23.843       
 18.885	 28.632	 21.744       
 20.034	 27.849	 18.218       
 23.065	 29.359	 16.406       
 23.638	 29.009	 12.629       
 25.859	 30.679	  9.979       
 23.116	 33.007	  8.510       
 23.982	 32.816	  4.762       
 25.513	 29.857	  2.980       
 26.128	 29.025	 -0.691       
 24.171	 26.293	 -2.565       
 25.509	 22.813	 -2.417       
 27.730	 23.297	  0.580       
 27.005	 21.882	  4.086       
 25.308	 23.489	  7.053       
 25.861	 22.876	 10.787       
 23.389	 24.598	 13.234       
 23.948	 24.135	 17.036       
 20.997	 24.218	 19.570       
 22.285	 24.725	 23.115       
 19.822	 23.883	 25.909       
 19.609	 24.856	 29.496       
 17.234	 23.829	 32.186       
 16.903	 20.083	 31.519       
 19.436	 17.246	 30.920       
 19.714	 15.898	 27.352       
 19.622	 12.365	 28.671       
 15.986	 12.781	 29.770       
 14.211	 14.474	 26.829       
 14.349	 14.279	 23.083       
 15.028	 17.408	 20.996       
 13.281	 17.934	 17.598       
 14.344	 20.110	 14.589       
 11.452	 21.796	 12.736       
 11.722	 24.463	 10.020       
  9.508	 26.986	  8.361       
 10.066	 28.260	  4.809       
  9.146	 32.018	  4.486       
  5.438	 32.120	  4.313       
  5.009	 28.346	  4.518       
  3.937	 25.872	  7.197       
  6.112	 24.108	  9.686       
  8.087	 21.001	  8.439       
  9.546	 18.276	 10.685       
 13.154	 17.467	  9.960       
 14.138	 14.865	 12.563       
 14.836	 14.207	 16.266       
 17.299	 12.636	 18.642       
 15.723	 10.801	 21.666       
 17.224	 10.920	 25.204       
 18.895	  7.603	 24.498       
 20.676	  8.888	 21.302       
 18.478	  7.136	 18.687       
 17.660	  9.582	 15.825       
 14.689	  9.663	 13.407       
 14.325	 11.756	 10.173       
 11.924	 13.128	  7.614       
 11.571	 10.339	  4.920       
 12.457	 12.639	  2.079       
 15.496	 14.467	  3.638       
 16.976	 11.431	  5.278       
 20.042	 11.353	  2.915       
 20.939	 14.969	  3.646       
 20.181	 15.364	  7.352       
 22.327	 13.954	 10.095       
 21.580	 14.737	 13.842       
 23.835	 14.202	 16.913       
 24.441	 15.799	 20.410       
 27.000	 16.167	 23.148       
 25.189	 15.555	 26.436       
 27.851	 17.147	 28.655       
 27.828	 20.302	 26.662       
 24.014	 20.500	 26.490       
 24.350	 20.655	 22.674       
 22.318	 19.118	 19.795       
 23.714	 19.581	 16.260       
 21.965	 19.598	 12.868       
 24.012	 19.089	  9.666       
 22.445	 19.423	  6.244       
 24.359	 18.661	  3.015       
 23.656	 19.278	 -0.707       
 21.946	 22.521	  0.130       
 19.536	 24.022	 -2.336       
 18.042	 27.468	 -2.303       
 14.918	 25.719	 -0.998       
 16.391	 25.267	  2.521       
 16.016	 28.952	  3.069       
 14.048	 29.052	  6.175       
 13.954	 29.609	  9.881       
 15.315	 26.578	 11.696       
 14.060	 25.789	 15.230       
 14.899	 23.187	 17.765       
 12.164	 22.172	 20.251       
 12.135	 20.103	 23.446       
  9.995	 16.952	 23.369       
  8.426	 15.879	 26.608       
  6.189	 12.943	 26.167       
  4.870	 13.349	 22.736       
  4.498	 17.150	 22.548       
  7.092	 19.688	 21.766       
  6.730	 21.883	 24.716       
  9.566	 24.338	 24.783       
 10.726	 25.799	 21.434       
 13.859	 27.995	 20.774       
 13.628	 31.358	 18.943       
 14.803	 30.165	 15.553       
 17.786	 31.058	 13.359       
 17.260	 32.195	  9.784       
 19.248	 30.534	  7.080       
 19.450	 31.900	  3.584       
 20.991	 29.812	  0.875       
 22.322	 31.975	 -1.863       
 25.065	 32.450	 -4.241       
 24.629	 36.304	 -4.177       
 27.226	 38.793	 -2.894       
 26.557	 41.858	 -0.662       
 24.929	 44.484	 -2.786       
 23.877	 47.923	 -1.365       
 20.426	 49.116	 -2.460       
 19.350	 51.782	 -4.896       
 16.721	 54.028	 -3.310       
 14.646	 55.847	 -5.932       
 12.228	 58.523	 -4.672       
  8.750	 57.996	 -6.084       
  6.886	 61.326	 -6.536       
  3.337	 61.569	 -7.842       
  2.804	 62.457	-11.495       
  1.333	 65.992	-11.088       
 -2.204	 64.912	-10.565       
 -4.702	 66.973	 -8.548       
 -3.142	 66.666	 -5.175       
 -5.636	 69.257	 -3.958       
 -7.451	 66.555	 -2.103       
 -7.097	 65.560	  1.498       
 -4.159	 63.148	  1.214       
 -1.236	 62.272	 -0.988       
  0.767	 59.079	 -1.162       
  4.516	 59.107	 -1.715       
  7.055	 56.271	 -1.799       
 10.621	 55.019	 -2.037       
 11.621	 52.001	 -4.137       
 14.488	 50.136	 -2.422       
 15.926	 48.077	 -5.284       
 18.720	 45.582	 -5.842       
 20.138	 44.628	 -2.408       
 21.484	 41.487	 -0.749       
 21.325	 40.278	  2.057       
 18.115	 41.155	  3.851       
 17.123	 43.192	  5.796       
 16.876	 46.859	  4.942       
 15.328	 49.320	  7.450       
 12.954	 52.025	  5.987       
 11.949	 54.956	  8.244       
 10.224	 58.063	  6.926       
 11.634	 61.367	  8.118       
 14.023	 59.870	 10.627       
 11.024	 58.042	 11.985       
  9.052	 61.104	 12.902       
  6.471	 60.102	 10.313       
  4.984	 56.784	 11.345       
  1.313	 56.818	 10.542       
  0.360	 56.163	  6.884       
  3.522	 54.086	  6.421       
  3.272	 50.754	  4.645       
  6.582	 48.948	  4.147       
  5.792	 45.989	  1.832       
  7.918	 42.830	  2.283       
 10.831	 42.333	 -0.085       
 10.476	 40.177	 -3.142       
 13.385	 38.406	 -4.747       
 14.007	 38.724	 -8.389       
 17.442	 37.536	 -9.645       
 19.390	 36.817	 -6.513       
 18.587	 40.376	 -5.389       
 15.773	 41.920	 -3.310       
 13.324	 44.772	 -3.964       
 11.121	 46.538	 -1.389       
  8.773	 49.567	 -1.311       
  7.103	 51.825	  1.306       
  4.204	 54.156	  0.715       
  3.338	 57.054	  3.105       
  0.203	 59.155	  3.254       
  0.427	 62.754	  4.288       
 -2.232	 65.489	  3.608       
 -1.733	 68.031	  0.700       
 -0.990	 70.511	  3.469       
  2.291	 68.713	  4.466       
  3.431	 68.247	  0.824       
  5.557	 69.715	 -0.769       
  5.358	 72.461	  1.755       
  7.224	 70.451	  4.390       
  9.661	 67.777	  3.322       
  9.268	 64.008	  3.517       
 12.402	 61.900	  3.224       
 12.830	 58.113	  3.118       
 15.817	 57.018	  5.053       
 17.218	 53.536	  4.256       
 19.945	 51.569	  5.998       
 21.268	 48.267	  4.801       
 23.552	 47.332	  7.722       
 25.347	 44.603	  5.756       
 26.932	 47.029	  3.283       
 27.095	 49.860	  5.816       
 24.912	 51.955	  3.605       
 22.615	 54.782	  4.704       
 20.704	 56.658	  2.023       
 18.003	 59.336	  2.374       
 16.062	 60.647	 -0.600       
 13.889	 63.791	 -0.200       
 10.586	 63.271	 -2.112       
 10.438	 66.173	 -4.540       
  7.619	 66.931	 -6.998       
  7.598	 66.143	-10.735       
  8.718	 68.320	-13.509       
  7.374	 70.217	-16.559       
