BRIEF 1FNS A 196              
 71.051	 13.898	 32.805 -0.652
 72.252	 10.227	 33.216 -2.266
 75.793	  8.900	 33.637  0.307
 76.648	  5.536	 32.176 -0.298
 80.459	  5.371	 32.424 -0.419
 83.181	  3.735	 34.556 -0.744
 83.299	  5.699	 37.793 -0.077
 83.791	  5.164	 41.537  1.464
 81.975	  8.094	 43.228  0.748
 82.420	  8.752	 46.931  0.994
 79.890	 11.050	 48.631  0.871
 81.355	 12.751	 51.761  0.743
 78.692	 14.512	 53.840  0.814
 79.464	 17.252	 56.404  1.476
 77.935	 16.073	 59.684  1.014
 78.392	 19.354	 61.601  1.478
 75.691	 21.628	 63.127  0.245
 76.531	 24.133	 60.396  0.951
 73.659	 22.311	 58.637  1.168
 70.415	 22.010	 60.618  0.777
 68.586	 18.676	 60.837 -0.037
 66.283	 19.848	 58.007 -1.222
 69.062	 21.241	 55.803  1.052
 70.858	 17.916	 56.281  1.402
 67.737	 16.157	 54.797 -0.398
 68.051	 18.425	 51.781 -0.469
 71.688	 17.359	 51.441  0.572
 70.701	 13.672	 51.659  1.066
 67.961	 14.334	 49.032 -2.271
 70.662	 15.775	 46.672  1.346
 72.717	 12.545	 47.199  0.641
 69.672	 10.412	 46.307 -0.484
 68.924	 12.646	 43.296 -1.443
 72.531	 12.247	 42.153 -0.842
 72.282	  8.443	 42.446  0.743
 69.170	  8.499	 40.269 -0.442
 71.226	 10.118	 37.527 -0.361
 74.037	  7.575	 37.650  1.132
 74.068	  4.023	 36.321 -0.113
 74.630	  2.548	 39.730  0.939
 76.350	 -0.779	 39.311  0.876
 79.664	 -2.547	 39.965 -0.013
 80.226	 -2.496	 36.188 -0.511
 79.409	  1.181	 35.721 -0.874
 79.084	  3.725	 38.528  0.921
 79.841	  2.433	 41.979  0.858
 78.975	  4.668	 44.931  1.027
 80.025	  5.224	 48.544  0.673
 78.496	  7.393	 51.225  0.384
 80.228	  8.674	 54.349  0.772
 78.957	 11.126	 56.978  1.242
 81.880	 12.848	 58.743  1.010
 82.098	 14.725	 62.063  1.386
 85.202	 14.377	 64.286  0.027
 85.620	 10.882	 62.895 -0.141
 83.168	  9.455	 60.330  0.448
 80.636	  6.712	 59.589  0.073
 80.529	  4.849	 56.296 -0.284
 76.935	  3.941	 55.264  1.057
 77.754	  2.536	 51.783  0.694
 81.041	  1.103	 50.531 -1.452
 81.976	  0.955	 46.840  1.098
 82.002	 -2.843	 47.001 -0.693
 78.538	 -3.184	 48.596 -1.070
 76.518	 -5.425	 46.276 -0.350
 72.953	 -4.162	 46.710 -1.399
 70.232	 -2.989	 44.414  0.221
 70.516	  0.772	 43.487 -0.143
 67.061	  1.275	 45.064 -0.505
 68.275	 -0.157	 48.421 -0.672
 71.369	  2.064	 48.194 -0.441
 69.138	  5.076	 47.601 -0.418
 67.102	  4.025	 50.646 -0.929
 70.195	  3.785	 52.833  0.987
 71.319	  7.213	 51.735  0.133
 67.925	  8.649	 52.554 -1.010
 68.253	  7.230	 56.050 -0.474
 71.695	  8.569	 56.988  0.739
 71.525	  9.833	 60.560 -1.833
 71.878	 13.518	 61.362  1.305
 74.963	 14.103	 63.551 -0.540
 74.953	 17.839	 64.247  0.347
 78.580	 17.679	 65.527  0.854
 80.565	 20.746	 66.538 -2.278
 83.323	 19.736	 64.065  0.294
 83.300	 17.864	 60.746  1.471
 86.965	 17.251	 59.927  0.039
 87.587	 17.448	 56.155  0.915
 91.162	 16.355	 56.848  0.974
 90.137	 13.165	 58.674 -0.558
 87.579	 12.221	 56.107  1.240
 90.073	 12.741	 53.237  0.801
 92.527	 10.613	 55.281 -0.265
 89.804	  7.914	 55.625 -0.434
 89.161	  8.173	 51.870  0.507
 92.883	  7.865	 50.982 -0.758
 93.908	  5.139	 53.436 -0.555
 90.726	  3.108	 53.769 -0.232
 88.461	  3.530	 50.721  0.091
 91.327	  3.625	 48.265  1.110
 93.925	  1.598	 50.202 -2.208
 93.969	 -0.497	 47.020 -2.266
 92.839	  0.530	 43.558 -2.280
 90.375	 -2.217	 42.530 -0.326
 89.146	 -0.730	 39.294  1.413
 91.941	  1.040	 37.504 -0.686
 89.645	  1.268	 34.488 -0.812
 87.277	  3.619	 36.363  0.698
 87.956	  7.206	 37.315  0.307
 87.655	  7.931	 41.042  0.717
 86.056	 10.997	 42.533  0.487
 85.665	 12.237	 46.115 -0.959
 82.659	 14.650	 46.223  0.639
 83.434	 16.620	 49.375  0.962
 80.189	 18.322	 50.509  0.638
 81.395	 21.001	 52.939  1.047
 79.462	 23.434	 55.153  1.469
 81.941	 24.208	 57.959  1.339
 85.528	 24.910	 58.960  0.030
 87.616	 22.531	 61.172  1.194
 89.959	 23.866	 63.925 -0.262
 93.390	 24.592	 62.401 -0.420
 95.202	 21.855	 64.356  0.008
 93.012	 19.264	 62.549 -1.599
 94.271	 20.591	 59.170 -2.266
 97.986	 19.900	 59.832 -0.301
 98.221	 17.129	 57.209 -0.296
 95.448	 18.495	 54.984  0.790
 97.499	 19.187	 51.901 -2.280
 99.410	 15.925	 52.252 -1.071
 96.124	 14.024	 52.239 -0.462
 94.981	 15.918	 49.129  0.284
 98.350	 15.212	 47.415 -1.089
 98.162	 11.533	 48.407 -2.273
 94.715	 11.312	 46.722  0.894
 96.092	 13.009	 43.601  0.100
 98.876	 10.333	 43.457 -1.354
 96.291	  7.575	 43.413 -0.975
 94.257	  9.550	 40.761  0.940
 91.345	 10.244	 43.047  0.632
 89.849	 13.577	 41.846 -0.657
 88.601	 15.762	 44.698  0.134
 85.504	 17.865	 43.979  0.014
 84.766	 20.303	 46.776  0.988
 81.197	 21.525	 46.985  0.909
 80.993	 24.522	 49.392  0.963
 77.586	 24.955	 51.030  0.765
 76.654	 27.946	 53.089  0.841
 78.685	 30.767	 54.553  0.070
 80.681	 28.617	 56.947  0.019
 82.204	 26.407	 54.239 -0.319
 85.970	 26.423	 54.533  0.100
 86.822	 28.500	 51.430 -2.279
 90.588	 28.345	 52.157 -2.278
 90.428	 24.578	 51.899  1.000
 88.238	 24.750	 48.760  1.081
 90.825	 26.886	 46.996 -2.052
 93.732	 24.757	 48.241 -2.266
 92.031	 21.638	 46.783  1.221
 91.562	 23.328	 43.380  1.267
 95.161	 24.333	 43.391  0.510
 96.471	 20.816	 43.929 -0.655
 95.216	 19.352	 40.617  0.772
 93.670	 20.806	 37.453 -0.641
 90.544	 18.619	 37.567 -1.298
 89.709	 19.374	 41.235  0.009
 86.988	 21.939	 40.284  0.775
 84.962	 23.553	 43.034  0.628
 81.269	 24.390	 43.236  0.188
 80.563	 27.138	 45.789 -1.480
 76.872	 27.271	 46.846  0.665
 75.039	 29.757	 49.062 -0.154
 72.972	 27.135	 50.799  0.163
 71.669	 23.555	 50.445  1.109
 68.782	 25.031	 48.439 -0.184
 71.142	 25.524	 45.536  0.123
 72.064	 21.862	 45.333  0.962
 68.934	 21.014	 43.357 -0.981
 69.605	 23.816	 40.877 -0.815
 73.222	 22.849	 40.295 -0.344
 72.705	 19.081	 40.357 -0.204
 72.606	 18.303	 36.603 -0.364
 75.631	 20.579	 36.025 -0.555
 77.623	 18.726	 38.718  0.529
 76.564	 15.247	 37.488 -0.430
 77.628	 16.302	 33.971 -2.273
 81.086	 17.550	 35.048 -0.874
 81.686	 14.353	 37.090 -0.124
 80.521	 12.080	 34.228  1.466
 82.964	 13.735	 31.820  0.210
 85.927	 12.928	 34.109 -0.143
 85.102	  9.236	 33.609  0.493
 85.937	  7.064	 30.559 -0.148
 83.203	  5.251	 28.572 -0.612
 82.915	  1.490	 28.841 -2.175
 84.559	 -0.374	 25.912  0.783
BRIEF 1FNS L 214              
108.097	  9.294	 67.844       
110.605	  9.439	 65.007       
114.186	  9.210	 66.352       
116.767	 11.612	 64.972       
120.440	 10.685	 65.281       
123.462	 12.930	 64.947       
126.322	 10.392	 65.087       
129.072	 12.904	 65.980       
128.323	 14.894	 69.075       
131.755	 16.659	 68.958       
133.304	 17.755	 65.687       
136.764	 19.327	 65.461       
137.744	 21.758	 62.680       
140.013	 24.623	 61.782       
138.665	 28.034	 60.736       
138.441	 28.207	 56.923       
137.505	 24.504	 56.740       
134.565	 22.912	 54.935       
132.524	 21.279	 57.717       
129.656	 18.767	 57.267       
127.235	 17.794	 60.045       
125.142	 14.661	 59.447       
121.661	 13.702	 60.632       
119.528	 10.614	 60.058       
115.939	  9.758	 60.848       
114.578	  6.363	 61.928       
112.219	  6.364	 58.911       
111.705	  8.219	 55.651       
110.859	 11.869	 56.585       
110.201	 13.166	 53.099       
112.703	 16.058	 53.344       
110.708	 17.537	 56.310       
113.932	 18.411	 58.023       
115.136	 21.700	 59.619       
118.544	 22.756	 61.064       
119.160	 25.052	 64.057       
122.206	 26.718	 65.524       
122.668	 27.190	 69.294       
125.612	 29.462	 70.120       
127.770	 28.923	 73.229       
125.783	 31.761	 74.910       
122.510	 29.825	 74.475       
120.901	 31.829	 71.601       
119.034	 29.527	 69.165       
118.253	 30.440	 65.558       
116.754	 28.636	 62.554       
119.274	 28.175	 59.728       
117.747	 25.843	 57.134       
114.162	 24.715	 56.650       
112.624	 21.994	 54.459       
116.057	 20.379	 53.966       
117.675	 23.162	 51.898       
115.996	 26.610	 52.126       
118.081	 29.276	 53.899       
116.292	 31.325	 56.542       
116.394	 35.204	 56.376       
119.721	 36.639	 57.279       
121.665	 33.345	 57.060       
124.817	 33.515	 55.006       
125.333	 31.402	 51.903       
128.250	 29.486	 53.349       
125.468	 27.346	 55.025       
123.632	 24.832	 52.801       
121.537	 21.756	 53.509       
120.881	 18.674	 51.507       
119.429	 15.181	 51.711       
116.300	 13.040	 51.267       
114.816	  9.885	 52.769       
116.517	  9.222	 56.102       
119.909	 10.962	 55.558       
120.466	 14.753	 55.784       
123.552	 17.016	 55.919       
124.298	 20.614	 56.882       
127.466	 21.929	 55.172       
129.455	 25.040	 56.138       
131.585	 25.832	 53.078       
134.244	 27.875	 54.978       
134.096	 27.843	 58.773       
134.037	 31.286	 60.455       
134.654	 32.042	 64.149       
131.004	 33.015	 64.770       
129.952	 29.533	 63.526       
131.493	 27.713	 66.528       
128.260	 26.432	 68.035       
126.060	 23.405	 68.435       
123.867	 22.352	 65.501       
120.620	 20.412	 65.776       
118.471	 18.802	 63.059       
114.657	 18.438	 63.623       
111.964	 16.477	 61.762       
108.389	 17.479	 61.020       
107.274	 14.347	 59.144       
105.032	 13.605	 62.156       
104.132	 14.923	 65.645       
105.677	 15.270	 68.091       
108.510	 17.154	 66.419       
111.851	 15.665	 67.528       
115.467	 16.887	 67.428       
118.819	 15.167	 66.833       
121.131	 15.091	 69.879       
123.325	 17.921	 68.586       
126.765	 18.358	 67.064       
129.053	 20.849	 68.831       
131.881	 22.285	 66.805       
135.242	 22.755	 68.426       
138.424	 24.518	 67.118       
141.626	 22.603	 66.563       
144.894	 23.684	 68.141       
148.264	 22.178	 69.085       
147.990	 19.604	 71.923       
148.725	 21.232	 75.343       
149.247	 19.444	 78.694       
147.096	 20.598	 81.634       
148.595	 22.714	 84.453       
147.608	 20.725	 87.540       
147.301	 22.235	 91.055       
145.994	 20.646	 94.200       
144.589	 22.426	 97.287       
144.076	 21.051	100.816       
140.812	 21.974	102.614       
140.864	 25.502	104.042       
140.999	 25.850	107.850       
137.664	 27.671	107.633       
135.954	 24.710	105.990       
137.531	 22.294	108.502       
135.961	 24.414	111.274       
132.541	 23.316	109.988       
133.403	 19.617	109.958       
133.811	 19.513	106.171       
136.912	 18.769	104.070       
137.088	 19.284	100.299       
140.380	 18.666	 98.446       
140.395	 20.571	 95.140       
142.361	 19.852	 91.972       
142.402	 22.077	 88.871       
143.588	 20.767	 85.504       
143.876	 23.904	 83.396       
144.301	 24.951	 79.759       
144.736	 21.555	 78.101       
143.948	 20.243	 74.619       
142.389	 18.035	 73.471       
139.400	 17.913	 75.771       
139.668	 14.213	 76.715       
141.148	 13.817	 80.152       
140.959	 11.609	 83.186       
141.477	 12.428	 86.850       
142.320	  9.877	 89.570       
142.502	 10.478	 93.321       
144.540	  8.586	 95.829       
144.532	  8.834	 99.635       
147.709	  7.361	101.240       
148.497	  5.550	 97.980       
145.000	  4.081	 97.568       
142.612	  5.074	 94.799       
139.420	  6.749	 95.972       
136.214	  6.908	 93.887       
133.343	  7.996	 96.259       
132.824	 11.745	 97.069       
134.364	 13.109	 93.871       
132.602	 15.790	 91.788       
134.033	 16.937	 88.452       
133.277	 20.022	 86.339       
134.463	 20.971	 82.827       
134.510	 24.367	 81.165       
133.461	 24.795	 77.530       
136.344	 25.434	 75.044       
138.042	 28.772	 75.676       
137.290	 31.212	 72.927       
140.664	 32.919	 73.185       
143.206	 30.086	 73.370       
141.020	 27.057	 72.326       
141.874	 25.111	 75.472       
139.686	 23.360	 78.059       
139.902	 23.282	 81.853       
138.501	 20.948	 84.499       
137.950	 20.932	 88.228       
137.884	 17.803	 90.480       
136.799	 18.019	 94.090       
136.993	 15.212	 96.680       
134.748	 15.889	 99.694       
135.227	 13.948	102.947       
134.193	 14.561	106.547       
136.838	 16.326	108.668       
137.496	 13.144	110.720       
138.002	 10.899	107.742       
140.240	 13.546	106.158       
142.188	 13.888	109.401       
142.458	 10.094	109.412       
144.956	 10.064	106.476       
148.044	 11.838	105.273       
148.836	 11.831	101.514       
146.364	 13.216	 99.024       
147.137	 12.949	 95.392       
145.506	 14.167	 92.195       
146.598	 12.317	 89.003       
145.789	 13.538	 85.501       
145.936	 11.300	 82.437       
145.995	 13.117	 79.115       
147.504	 12.302	 75.672       
150.257	 14.941	 76.093       
152.016	 12.627	 78.583       
152.340	  8.847	 78.855       
152.911	  9.069	 82.656       
150.242	 10.650	 84.837       
150.768	 14.300	 85.802       
150.740	 13.988	 89.594       
150.215	 16.645	 92.308       
150.181	 15.835	 96.036       
150.320	 17.131	 99.565       
150.639	 15.661	103.050       
148.118	 16.866	105.606       
151.071	 16.884	108.070       
153.882	 18.422	106.013       
151.883	 21.531	106.759       
BRIEF 1FNS H 220              
111.679	 42.801	 63.991       
110.004	 39.602	 65.184       
110.600	 39.112	 68.938       
109.507	 36.796	 71.699       
110.409	 36.869	 75.373       
109.542	 34.593	 78.315       
108.676	 35.800	 81.886       
108.976	 32.779	 84.194       
108.988	 32.229	 87.979       
112.563	 30.958	 88.203       
111.746	 28.287	 90.778       
108.977	 25.678	 91.169       
108.529	 23.316	 94.169       
108.000	 19.639	 93.265       
104.271	 19.016	 92.614       
103.486	 22.661	 91.971       
102.639	 24.214	 88.612       
104.831	 26.221	 86.220       
103.382	 29.360	 84.646       
105.255	 31.343	 81.948       
104.122	 34.252	 79.866       
105.612	 34.774	 76.440       
105.222	 38.349	 75.200       
105.690	 38.806	 71.461       
106.109	 41.700	 69.001       
106.565	 42.287	 65.281       
103.758	 39.984	 64.169       
100.204	 39.167	 65.152       
 99.394	 35.976	 67.167       
 96.326	 35.651	 64.956       
 98.573	 34.845	 61.923       
101.274	 32.710	 63.480       
101.633	 29.791	 65.817       
103.727	 29.848	 69.002       
105.547	 26.762	 70.292       
107.320	 25.901	 73.533       
110.574	 23.999	 73.604       
112.696	 23.096	 76.643       
116.324	 22.102	 77.300       
117.356	 20.291	 80.503       
120.807	 21.535	 81.709       
123.542	 19.944	 79.617       
121.006	 18.234	 77.327       
119.333	 18.729	 73.947       
115.943	 20.120	 72.874       
112.501	 18.732	 73.491       
109.434	 20.069	 71.584       
106.553	 20.533	 74.041       
103.550	 21.830	 72.075       
102.155	 24.819	 70.142       
 99.094	 27.043	 69.703       
 97.739	 27.846	 66.203       
 96.464	 31.218	 65.083       
 92.863	 30.133	 65.905       
 93.734	 29.028	 69.442       
 93.575	 25.269	 68.742       
 96.610	 23.371	 70.142       
 98.974	 20.411	 69.679       
100.781	 18.884	 72.704       
103.644	 16.395	 73.006       
102.038	 13.381	 74.658       
105.228	 12.712	 76.611       
104.020	 15.516	 78.910       
101.131	 13.277	 80.064       
 98.420	 15.855	 79.561       
100.081	 18.213	 82.072       
100.415	 21.046	 79.608       
 98.191	 23.965	 78.662       
 98.962	 26.673	 76.113       
 96.476	 29.592	 75.853       
 96.865	 33.167	 74.637       
 95.466	 36.638	 74.438       
 95.687	 37.937	 70.902       
 95.091	 41.571	 71.827       
 97.885	 41.585	 74.412       
100.343	 39.660	 72.202       
100.797	 37.170	 75.000       
100.929	 33.381	 75.061       
100.556	 31.446	 78.302       
102.209	 28.166	 79.188       
100.986	 26.373	 82.264       
102.230	 22.961	 83.331       
100.802	 20.911	 86.248       
102.887	 19.144	 88.902       
106.488	 19.647	 88.012       
109.053	 17.147	 89.226       
112.832	 17.525	 89.348       
113.181	 16.229	 85.774       
111.149	 19.208	 84.452       
114.083	 21.414	 85.427       
115.129	 23.092	 82.171       
115.383	 26.274	 80.218       
111.976	 26.916	 78.547       
111.726	 28.809	 75.228       
108.676	 30.169	 73.364       
109.324	 30.084	 69.594       
107.230	 31.221	 66.718       
106.270	 28.950	 63.759       
104.318	 29.965	 60.574       
101.529	 27.416	 61.373       
100.822	 27.476	 57.618       
 99.161	 24.162	 56.770       
 98.612	 25.342	 53.145       
102.365	 25.071	 52.676       
102.974	 22.431	 55.415       
105.428	 24.990	 56.890       
105.955	 24.784	 60.674       
109.627	 25.757	 61.106       
110.589	 27.178	 64.633       
111.674	 30.440	 62.910       
112.223	 32.967	 65.751       
113.165	 31.963	 69.257       
112.893	 33.742	 72.614       
116.087	 33.866	 74.717       
114.519	 31.360	 77.131       
113.774	 31.322	 80.900       
115.495	 28.975	 83.312       
113.257	 26.863	 85.563       
114.551	 24.876	 88.529       
112.332	 22.391	 90.288       
113.409	 21.860	 93.843       
112.325	 21.959	 97.460       
115.632	 23.569	 98.542       
115.520	 26.767	100.604       
117.445	 29.898	 99.482       
120.905	 29.229	100.954       
123.977	 31.535	100.632       
127.269	 29.919	 99.664       
130.069	 29.183	102.118       
133.145	 30.682	100.351       
136.556	 29.158	101.069       
139.996	 30.501	 99.959       
142.258	 27.935	 98.208       
145.970	 28.633	 98.856       
148.664	 26.215	 97.771       
149.705	 23.621	100.342       
153.060	 24.088	102.120       
156.881	 31.527	 87.410       
153.137	 31.589	 88.064       
151.022	 30.552	 90.986       
147.446	 29.330	 90.768       
145.020	 30.179	 93.610       
141.306	 29.327	 93.957       
137.996	 29.786	 95.806       
135.567	 26.952	 96.607       
131.944	 28.230	 96.596       
129.909	 25.567	 98.282       
126.391	 24.669	 99.403       
124.239	 27.365	 97.795       
120.781	 27.550	 96.288       
119.594	 28.555	 93.847       
121.827	 29.300	 90.858       
123.513	 31.603	 90.020       
126.505	 33.145	 91.764       
128.955	 35.546	 90.256       
132.644	 35.102	 90.978       
135.279	 37.810	 90.393       
138.939	 38.201	 91.381       
140.216	 41.502	 92.817       
136.788	 43.068	 91.954       
137.323	 42.209	 88.359       
140.889	 43.509	 87.957       
142.050	 39.950	 87.426       
140.486	 38.208	 84.492       
142.967	 36.859	 81.931       
144.054	 33.889	 84.062       
140.676	 33.164	 85.596       
138.693	 29.883	 85.129       
135.276	 29.689	 86.834       
133.667	 26.258	 86.618       
130.026	 25.329	 85.966       
128.255	 24.481	 89.209       
127.257	 20.909	 90.082       
124.225	 19.951	 92.117       
125.317	 17.911	 95.127       
122.565	 17.306	 97.663       
119.947	 19.784	 96.474       
122.692	 22.398	 96.823       
125.086	 23.792	 94.204       
128.903	 23.954	 94.381       
131.507	 25.496	 92.076       
135.184	 26.531	 92.175       
137.122	 29.332	 90.475       
140.862	 29.421	 89.936       
143.210	 32.289	 89.018       
146.768	 32.107	 87.799       
148.993	 35.139	 88.440       
152.695	 35.932	 88.417       
154.654	 34.806	 91.487       
155.844	 38.431	 91.897       
152.280	 39.484	 92.723       
151.252	 36.874	 95.369       
151.588	 36.632	 98.344       
153.407	 40.013	 98.305       
150.160	 41.674	 97.144       
146.534	 40.836	 97.851       
144.433	 38.471	 95.759       
140.786	 38.281	 96.729       
137.853	 36.396	 95.276       
134.448	 38.114	 95.378       
131.295	 35.953	 95.414       
127.829	 37.467	 95.053       
124.651	 35.435	 95.300       
121.719	 37.715	 94.233       
119.042	 35.318	 95.524       
120.549	 35.745	 98.993       
121.410	 39.419	 98.503       
124.836	 38.327	 99.751       
128.339	 39.385	 98.727       
131.477	 38.081	100.370       
135.180	 38.613	 99.805       
137.778	 36.057	100.721       
141.472	 37.075	100.785       
143.792	 34.236	 99.722       
146.493	 33.885	102.384       
149.516	 31.550	102.682       
148.352	 28.677	104.953       
148.631	 29.355	108.784       
150.686	 26.134	109.170       
152.603	 25.674	112.488       
