BRIEF 1FSK A 159              
  2.586	 68.451	-25.754  1.406
 -0.909	 67.614	-24.500  1.039
 -1.396	 63.873	-23.911 -1.184
 -4.683	 62.712	-22.374  0.741
 -4.916	 59.469	-20.351 -1.680
 -8.465	 58.546	-19.260  0.173
 -9.321	 55.931	-16.599 -1.925
-12.291	 54.272	-14.906  1.001
-13.296	 52.346	-11.839 -2.128
-16.328	 51.271	 -9.852 -0.416
-17.617	 51.620	 -6.350  0.956
-20.508	 50.538	 -4.220 -0.537
-21.129	 54.023	 -2.771  0.507
-23.862	 55.863	 -4.682 -0.105
-22.341	 58.643	 -6.833  1.034
-24.165	 61.325	 -4.864 -1.328
-22.590	 60.431	 -1.533  0.820
-19.208	 59.350	 -2.883  0.237
-18.973	 62.738	 -4.585  0.650
-19.583	 64.723	 -1.445  0.715
-17.217	 62.465	  0.408  0.872
-14.272	 61.798	 -1.947 -0.953
-14.293	 65.185	 -3.653 -0.704
-16.062	 67.956	 -1.777 -0.679
-14.742	 67.131	  1.694  0.874
-12.098	 64.716	  0.540 -0.288
 -9.182	 67.071	  0.970  0.601
 -9.355	 66.835	  4.790 -0.640
-10.559	 63.262	  4.844 -0.356
 -7.464	 62.013	  3.082 -1.507
 -4.893	 62.728	  5.771  1.086
 -7.335	 60.924	  8.050  1.533
 -7.933	 57.735	  6.048 -0.506
 -4.795	 57.600	  3.859 -1.422
 -1.959	 58.903	  6.169  1.244
  0.837	 57.274	  4.174 -1.056
 -0.171	 59.023	  0.951 -1.445
 -1.298	 62.482	  2.039  0.354
  0.213	 64.123	  5.083  0.495
 -1.855	 67.354	  5.108  0.507
 -3.741	 69.690	  2.749 -0.574
 -4.004	 73.484	  3.105  0.602
 -5.708	 76.374	  1.251 -0.844
 -2.827	 78.598	  0.090 -0.519
 -5.417	 81.032	 -1.390  0.507
 -9.195	 80.959	 -1.300  1.676
-11.747	 79.490	  1.034  0.607
-12.081	 76.095	 -0.611  1.664
-14.681	 76.898	 -3.245  0.436
-13.999	 77.179	 -7.022  0.055
-10.588	 78.650	 -7.756  1.728
 -9.142	 77.658	 -4.379  1.071
 -5.372	 76.870	 -4.462  0.931
 -4.308	 73.925	 -2.243  0.800
 -0.872	 72.838	 -1.059 -0.146
 -0.987	 69.058	 -0.601 -0.338
  1.813	 67.730	  1.621  0.427
  3.306	 64.226	  1.583  0.584
  4.668	 62.018	  4.398 -1.027
  8.458	 62.214	  4.557  0.362
  9.828	 59.417	  2.419 -0.327
  7.583	 59.457	 -0.655 -0.443
  8.981	 60.843	 -3.945 -2.151
  7.664	 64.395	 -3.557 -1.813
  7.270	 66.661	 -0.569 -0.017
  4.280	 68.739	 -1.770 -0.846
  2.141	 69.685	 -4.761 -0.027
 -0.262	 72.540	 -5.500  1.488
 -3.501	 71.907	 -7.368  0.800
 -6.148	 74.445	 -8.272  0.484
 -9.876	 73.829	 -8.131  0.300
-11.044	 74.880	-11.581  0.953
-14.671	 74.023	-11.818 -0.626
-17.164	 72.205	 -9.645 -0.350
-20.513	 71.043	-10.984  1.738
-22.557	 70.082	 -7.997 -1.289
-25.586	 68.519	 -9.636 -0.556
-23.572	 66.375	-12.083  0.937
-20.702	 65.495	 -9.756 -1.980
-18.137	 66.795	-12.253 -0.667
-15.007	 68.292	-10.759 -0.089
-11.960	 69.687	-12.519 -0.017
 -8.654	 70.871	-11.146  0.518
 -5.013	 71.360	-12.124  0.912
 -1.681	 70.321	-10.720 -0.494
  0.449	 73.428	-11.089  0.935
  3.490	 73.375	 -8.860  1.300
  5.824	 70.919	 -7.169  1.706
  6.057	 67.187	 -7.802  0.405
  5.549	 65.897	-11.382 -1.935
  5.630	 69.534	-12.425 -0.054
  8.879	 70.889	-13.812 -1.291
 11.039	 70.835	-16.951 -1.132
  9.288	 68.116	-18.920 -2.091
  5.861	 68.849	-17.397 -0.626
  4.136	 72.257	-17.270  1.165
  0.794	 71.509	-15.611  1.065
 -1.675	 68.613	-15.395  0.398
 -5.341	 69.254	-15.955 -1.315
 -7.657	 66.698	-14.450 -0.583
-11.315	 65.954	-14.545  0.887
-13.263	 63.571	-12.360 -1.196
-16.839	 62.716	-13.110  0.801
-18.965	 60.363	-10.990 -0.877
-21.906	 58.461	-12.507  0.265
-24.559	 56.512	-10.621  0.164
-24.944	 52.967	-11.970  0.164
-28.462	 51.352	-11.901 -1.085
-27.387	 48.878	 -9.216 -0.801
-26.908	 51.780	 -6.798  0.512
-23.100	 51.840	 -6.955  1.690
-21.071	 54.152	 -9.171  1.044
-18.239	 54.816	-11.633 -0.183
-15.386	 57.336	-11.630 -0.819
-14.118	 58.488	-15.006  0.886
-10.755	 60.363	-14.883 -0.764
 -8.868	 62.482	-17.490 -0.155
 -5.257	 63.600	-17.248 -0.165
 -4.056	 66.009	-19.929 -0.006
 -0.347	 66.362	-19.242  0.526
  0.729	 69.692	-20.726  0.480
  4.332	 68.923	-21.613  0.782
  7.104	 71.247	-22.681  0.491
  6.975	 71.499	-26.456 -0.280
  6.854	 67.763	-26.968 -0.103
  8.943	 65.798	-24.470 -1.482
  7.148	 62.570	-23.420 -1.735
  5.033	 61.425	-20.475 -0.698
  7.281	 59.035	-18.577 -1.130
  5.019	 55.993	-18.090  0.373
  6.374	 56.411	-14.578 -0.163
  3.876	 59.098	-13.757 -0.848
  0.875	 57.702	-15.579 -0.780
  1.570	 54.733	-13.292  0.162
  1.684	 56.504	 -9.913 -1.859
 -1.226	 58.827	-10.739 -0.813
 -3.287	 55.664	-11.164  0.413
 -2.227	 54.034	 -7.884  0.078
 -2.208	 57.297	 -5.943 -0.840
 -5.824	 57.977	 -6.825 -0.681
 -6.458	 54.252	 -6.603 -2.159
 -5.663	 53.694	 -2.951 -1.988
 -7.455	 56.949	 -2.060 -1.050
-10.744	 55.956	 -3.620 -0.198
-10.270	 52.701	 -1.750  1.219
 -9.376	 54.228	  1.653  0.560
-12.545	 56.313	  1.371  0.185
-14.779	 53.441	  0.234  1.728
-13.801	 51.500	  3.332  0.162
-14.233	 54.438	  5.717  1.338
-17.493	 55.405	  4.068  0.769
-18.655	 51.843	  4.604 -0.192
-17.637	 51.513	  8.242  1.549
-19.358	 54.831	  9.023  1.677
-22.724	 54.426	  7.336  1.250
-24.225	 57.590	  8.933 -0.692
-21.525	 59.829	  7.450  0.893
-21.815	 62.160	  4.455  0.714
-25.606	 61.952	  4.405  1.601
BRIEF 1FSK B 214              
-25.530	 82.529	-10.115       
-26.452	 82.976	 -6.423       
-28.048	 85.968	 -4.692       
-26.906	 87.242	 -1.302       
-29.639	 89.255	  0.366       
-28.790	 91.749	  3.098       
-31.251	 93.298	  5.535       
-32.087	 95.843	  6.667       
-30.928	 98.333	  4.101       
-29.510	100.301	  7.065       
-29.158	100.276	 10.857       
-28.956	103.029	 13.450       
-27.648	102.316	 16.917       
-25.800	104.148	 19.632       
-22.173	103.751	 20.391       
-21.802	100.919	 22.905       
-24.868	 99.114	 21.562       
-24.997	 95.661	 20.051       
-25.889	 94.922	 16.465       
-26.329	 92.006	 14.143       
-26.415	 92.126	 10.342       
-27.934	 89.432	  8.148       
-26.997	 87.847	  4.829       
-29.315	 85.295	  3.226       
-28.388	 83.384	  0.063       
-30.745	 81.905	 -2.521       
-29.160	 78.470	 -1.998       
-26.759	 76.570	  0.158       
-23.251	 77.970	  0.010       
-22.048	 75.968	  2.955       
-19.332	 78.134	  4.440       
-17.991	 79.983	  1.425       
-19.164	 83.262	  2.838       
-17.205	 86.283	  4.071       
-17.713	 89.873	  5.228       
-16.334	 93.235	  4.188       
-16.278	 96.531	  6.072       
-16.160	 99.554	  3.789       
-15.773	102.931	  5.520       
-16.449	106.199	  3.626       
-13.793	106.830	  0.937       
-11.970	103.516	  1.332       
-11.665	100.316	 -0.642       
-13.505	 97.449	  1.081       
-11.614	 95.659	  3.827       
-11.823	 91.974	  4.612       
-13.645	 91.775	  7.917       
-14.762	 88.201	  8.434       
-13.101	 85.765	  6.006       
-15.321	 82.682	  6.139       
-18.262	 83.033	  8.624       
-17.374	 83.496	 12.289       
-13.682	 84.181	 11.526       
-11.944	 87.481	 12.207       
 -9.378	 88.313	  9.547       
 -5.994	 89.680	 10.618       
 -6.588	 92.796	 12.706       
-10.353	 92.892	 13.263       
-11.166	 93.456	 17.003       
-13.035	 90.786	 18.985       
-16.068	 93.060	 18.988       
-16.683	 91.438	 15.600       
-18.034	 87.908	 15.170       
-20.365	 85.989	 12.931       
-21.976	 82.686	 12.108       
-24.037	 80.503	  9.847       
-23.809	 78.007	  7.066       
-26.209	 76.594	  4.528       
-28.186	 79.708	  3.762       
-28.402	 82.221	  6.656       
-25.436	 84.179	  8.076       
-24.809	 87.066	 10.442       
-22.187	 89.591	 11.442       
-22.484	 90.952	 14.947       
-20.780	 93.704	 16.846       
-21.059	 93.314	 20.593       
-20.705	 97.032	 21.298       
-20.521	 99.337	 18.243       
-17.906	102.138	 18.243       
-17.883	105.445	 16.428       
-15.324	103.976	 13.990       
-17.390	100.944	 13.101       
-19.501	103.354	 11.168       
-19.378	101.773	  7.713       
-21.076	 99.898	  4.930       
-20.913	 96.169	  5.623       
-20.776	 93.618	  2.798       
-21.382	 89.992	  1.898       
-19.764	 87.638	 -0.547       
-19.845	 83.974	 -1.510       
-17.420	 81.913	 -3.548       
-19.400	 78.726	 -3.503       
-20.402	 78.927	 -7.156       
-18.926	 81.120	 -9.905       
-19.868	 83.902	-10.407       
-18.918	 85.098	 -7.042       
-21.652	 87.445	 -5.925       
-22.177	 90.017	 -3.146       
-24.841	 91.198	 -0.732       
-26.298	 94.604	 -1.504       
-24.626	 95.966	  1.609       
-26.195	 97.277	  4.815       
-25.103	100.696	  6.104       
-24.345	101.028	  9.812       
-25.229	104.500	 11.195       
-24.487	105.760	 14.718       
-27.042	107.660	 16.835       
-25.913	110.335	 19.328       
-26.899	113.401	 21.380       
-28.154	116.306	 19.255       
-25.749	119.182	 18.566       
-26.115	122.514	 16.829       
-23.901	123.460	 13.869       
-20.899	125.725	 14.091       
-21.338	128.268	 11.328       
-18.659	130.254	  9.592       
-19.124	132.475	  6.597       
-16.351	133.397	  4.192       
-16.255	136.306	  1.712       
-14.729	135.688	 -1.754       
-10.949	135.594	 -1.547       
 -9.087	138.414	 -3.237       
 -7.596	135.935	 -5.685       
-10.914	134.573	 -6.869       
-11.946	138.168	 -7.560       
 -8.962	138.896	 -9.753       
-10.578	136.475	-12.208       
-14.039	137.977	-12.177       
-15.259	135.237	 -9.881       
-17.113	135.611	 -6.569       
-17.821	132.805	 -4.096       
-19.114	133.118	 -0.571       
-18.973	129.901	  1.381       
-20.348	128.906	  4.721       
-19.678	125.863	  6.875       
-22.227	124.445	  9.294       
-20.078	121.941	 11.089       
-20.615	119.151	 13.526       
-24.336	118.995	 14.023       
-26.917	116.210	 14.507       
-29.474	115.235	 13.156       
-28.334	115.281	  9.540       
-31.334	117.405	  8.685       
-30.532	121.103	  8.488       
-31.458	124.028	  6.274       
-29.518	126.943	  4.864       
-30.811	130.269	  3.632       
-28.830	133.087	  2.085       
-29.712	136.788	  2.252       
-27.960	139.426	  0.144       
-29.029	142.567	  2.016       
-31.944	140.983	  3.862       
-33.558	139.497	  0.737       
-33.590	135.779	 -0.077       
-31.296	134.170	 -2.589       
-31.857	130.758	 -4.186       
-29.660	131.180	 -7.241       
-25.997	130.144	 -7.482       
-25.995	128.396	 -4.096       
-24.681	124.844	 -3.759       
-24.543	122.430	 -0.856       
-23.098	119.108	  0.221       
-22.816	117.142	  3.472       
-20.072	114.832	  4.649       
-20.750	111.455	  6.250       
-21.258	111.010	  9.952       
-17.605	111.155	 10.944       
-15.832	108.574	 13.064       
-14.852	110.624	 16.062       
-18.156	112.096	 17.156       
-20.713	110.782	 14.712       
-21.695	114.370	 13.760       
-22.260	115.755	 10.279       
-21.190	118.862	  8.425       
-22.477	120.718	  5.438       
-21.245	123.467	  3.225       
-23.361	125.733	  1.111       
-21.527	128.146	 -1.049       
-22.904	131.179	 -2.850       
-21.275	131.894	 -6.170       
-21.821	134.854	 -8.499       
-20.334	137.570	-10.761       
-17.773	139.910	 -9.268       
-19.958	142.791	-10.428       
-23.115	141.289	 -8.933       
-21.094	140.636	 -5.814       
-20.313	144.314	 -5.337       
-23.793	145.538	 -6.281       
-24.507	144.445	 -2.729       
-23.477	145.081	  0.857       
-24.237	142.598	  3.599       
-23.976	138.867	  2.989       
-25.594	136.631	  5.536       
-25.853	132.877	  6.223       
-29.036	131.317	  7.663       
-28.850	128.042	  9.624       
-32.202	126.613	 10.663       
-31.498	123.352	 12.443       
-33.676	121.554	 14.988       
-31.835	122.387	 18.223       
-33.335	125.925	 18.437       
-36.442	127.570	 16.920       
-34.130	130.566	 16.743       
-31.714	129.990	 13.785       
-27.972	130.445	 13.949       
-26.838	133.322	 11.765       
-23.470	134.518	 10.483       
-22.698	137.311	  8.070       
-20.303	140.006	  6.981       
-20.644	143.435	  5.382       
-18.774	143.767	  2.073       
-18.454	147.465	  2.847       
-17.267	147.162	  6.446       
-14.226	145.385	  4.999       
BRIEF 1FSK D 159              
 -1.376	  5.387	 23.536       
 -4.687	  4.402	 25.132       
 -5.033	  0.625	 25.577       
 -8.097	 -0.694	 27.420       
 -8.033	 -4.041	 29.277       
-11.412	 -5.105	 30.722       
-11.903	 -7.873	 33.319       
-14.623	 -9.689	 35.252       
-15.224	-11.794	 38.308       
-17.984	-13.047	 40.572       
-18.863	-12.909	 44.208       
-21.462	-14.172	 46.600       
-21.973	-10.784	 48.299       
-24.943	 -8.914	 46.817       
-23.737	 -5.991	 44.659       
-25.368	 -3.461	 46.969       
-23.399	 -4.484	 50.042       
-20.174	 -5.412	 48.252       
-20.204	 -1.936	 46.720       
-20.478	 -0.132	 50.010       
-17.870	 -2.424	 51.453       
-15.209	 -2.894	 48.741       
-15.491	  0.571	 47.235       
-17.080	  3.198	 49.451       
-15.347	  2.230	 52.694       
-12.811	 -0.058	 51.112       
 -9.914	  2.343	 51.328       
 -9.629	  1.904	 55.126       
-10.753	 -1.695	 55.128       
 -7.865	 -2.777	 52.950       
 -5.007	 -2.136	 55.356       
 -7.135	 -4.115	 57.805       
 -7.905	 -7.209	 55.716       
 -5.044	 -7.156	 53.170       
 -1.980	 -5.904	 55.205       
  0.593	 -7.361	 52.813       
 -0.818	 -5.472	 49.826       
 -1.872	 -2.103	 51.223       
 -0.045	 -0.585	 54.155       
 -2.153	  2.589	 54.597       
 -4.344	  4.998	 52.603       
 -4.636	  8.760	 53.195       
 -6.596	 11.699	 51.706       
 -3.915	 14.047	 50.342       
 -6.702	 16.497	 49.308       
-10.444	 16.326	 49.832       
-12.676	 14.673	 52.360       
-13.138	 11.363	 50.583       
-16.044	 12.235	 48.316       
-15.816	 12.730	 44.508       
-12.540	 14.319	 43.463       
-10.691	 13.189	 46.592       
 -6.941	 12.498	 46.030       
 -5.572	  9.472	 47.946       
 -1.999	  8.408	 48.666       
 -1.989	  4.607	 48.928       
  1.071	  3.233	 50.730       
  2.613	 -0.225	 50.333       
  4.335	 -2.543	 52.846       
  8.112	 -2.260	 52.577       
  9.273	 -4.911	 50.146       
  6.684	 -4.768	 47.361       
  7.663	 -3.181	 44.008       
  6.337	  0.317	 44.741       
  6.254	  2.415	 47.870       
  3.106	  4.476	 47.141       
  0.615	  5.525	 44.468       
 -1.910	  8.355	 44.173       
 -5.332	  7.740	 42.663       
 -8.115	 10.255	 42.213       
-11.789	  9.544	 42.747       
-13.371	 10.743	 39.520       
-16.987	  9.810	 39.663       
-19.171	  7.821	 42.005       
-22.634	  6.650	 41.001       
-24.294	  5.483	 44.152       
-27.467	  3.934	 42.791       
-25.714	  1.972	 40.013       
-22.575	  1.043	 41.943       
-20.346	  2.529	 39.239       
-17.089	  4.026	 40.441       
-14.293	  5.584	 38.415       
-10.873	  6.773	 39.455       
 -7.382	  7.401	 38.090       
 -3.888	  6.373	 39.041       
 -1.874	  9.546	 38.595       
  1.407	  9.452	 40.450       
  3.965	  6.972	 41.726       
  4.189	  3.282	 40.868       
  3.293	  2.169	 37.307       
  3.186	  5.855	 36.462       
  6.223	  7.357	 34.780       
  8.002	  7.520	 31.414       
  6.080	  4.865	 29.519       
  2.846	  5.433	 31.464       
  1.084	  8.789	 31.974       
 -2.026	  7.874	 33.967       
 -4.401	  4.911	 34.309       
 -8.119	  5.491	 34.216       
-10.196	  2.807	 35.838       
-13.823	  1.976	 36.129       
-15.460	 -0.563	 38.392       
-19.079	 -1.466	 38.017       
-20.901	 -3.978	 40.240       
-23.965	 -5.869	 38.972       
-26.341	 -7.978	 41.044       
-26.819	-11.453	 39.557       
-30.275	-13.158	 39.947       
-28.848	-15.739	 42.351       
-28.143	-12.954	 44.853       
-24.380	-12.794	 44.255       
-22.666	-10.320	 41.952       
-20.156	 -9.463	 39.216       
-17.365	 -6.878	 39.026       
-16.526	 -5.521	 35.593       
-13.206	 -3.572	 35.430       
-11.677	 -1.277	 32.736       
 -8.085	 -0.086	 32.619       
 -7.248	  2.487	 29.949       
 -3.488	  2.895	 30.222       
 -2.657	  6.322	 28.805       
  0.833	  5.687	 27.466       
  3.417	  8.129	 26.211       
  2.841	  8.574	 22.494       
  2.729	  4.869	 21.800       
  5.131	  2.828	 23.927       
  3.532	 -0.493	 25.002       
  1.798	 -1.837	 28.109       
  4.295	 -4.268	 29.600       
  2.159	 -7.386	 30.179       
  3.912	 -7.119	 33.527       
  1.477	 -4.539	 34.778       
 -1.688	 -5.916	 33.242       
 -0.679	 -8.975	 35.269       
 -0.205	 -7.381	 38.703       
 -3.231	 -5.089	 38.349       
 -5.272	 -8.276	 37.992       
 -3.805	-10.047	 41.035       
 -3.617	 -6.890	 43.137       
 -7.323	 -6.252	 42.718       
 -7.863	 -9.997	 42.809       
 -6.633	-10.725	 46.307       
 -8.366	 -7.565	 47.575       
-11.797	 -8.558	 46.358       
-11.047	-11.893	 47.980       
 -9.789	-10.522	 51.335       
-13.006	 -8.499	 51.536       
-15.305	-11.363	 50.509       
-13.936	-13.437	 53.364       
-14.139	-10.641	 55.941       
-17.587	 -9.666	 54.736       
-18.615	-13.280	 55.208       
-17.169	-13.770	 58.680       
-18.849	-10.542	 59.835       
-22.382	-10.943	 58.526       
-23.745	 -7.901	 60.456       
-21.277	 -5.526	 58.792       
-21.956	 -3.047	 55.983       
-25.725	 -3.345	 56.361       
BRIEF 1FSK E 214              
-27.642	 18.122	 42.857       
-28.217	 18.309	 46.640       
-29.685	 21.151	 48.706       
-28.242	 22.229	 52.055       
-30.831	 24.070	 54.101       
-29.767	 26.403	 56.898       
-32.002	 27.741	 59.652       
-32.772	 30.189	 61.023       
-31.902	 32.862	 58.530       
-30.235	 34.667	 61.468       
-29.523	 34.408	 65.196       
-29.116	 36.995	 67.935       
-27.471	 36.092	 71.209       
-25.403	 37.783	 73.852       
-21.713	 37.418	 74.236       
-21.060	 34.439	 76.514       
-24.210	 32.656	 75.349       
-24.430	 29.308	 73.637       
-25.650	 28.777	 70.109       
-26.267	 26.008	 67.653       
-26.712	 26.368	 63.894       
-28.394	 23.789	 61.679       
-27.755	 22.440	 58.190       
-30.175	 19.945	 56.650       
-29.525	 18.260	 53.294       
-32.097	 16.897	 50.852       
-30.419	 13.471	 51.000       
-27.791	 11.492	 52.787       
-24.337	 12.978	 52.402       
-22.823	 10.815	 55.082       
-20.013	 12.938	 56.442       
-18.997	 15.009	 53.441       
-20.080	 18.165	 55.170       
-18.057	 21.139	 56.411       
-18.507	 24.636	 57.841       
-17.287	 28.088	 56.902       
-17.102	 31.259	 58.984       
-17.251	 34.423	 56.903       
-16.751	 37.689	 58.807       
-17.659	 41.058	 57.203       
-15.282	 41.918	 54.325       
-13.377	 38.624	 54.326       
-13.215	 35.562	 52.123       
-14.834	 32.553	 53.822       
-12.660	 30.629	 56.255       
-12.736	 26.904	 56.813       
-14.230	 26.448	 60.253       
-15.239	 22.830	 60.639       
-13.781	 20.589	 57.907       
-15.931	 17.455	 58.047       
-18.625	 17.585	 60.817       
-17.398	 17.830	 64.406       
-13.806	 18.646	 63.343       
-12.064	 21.931	 64.072       
 -9.774	 22.983	 61.240       
 -6.328	 24.358	 62.076       
 -6.768	 27.314	 64.410       
-10.462	 27.296	 65.329       
-10.921	 27.602	 69.155       
-12.551	 24.771	 71.124       
-15.605	 26.973	 71.564       
-16.515	 25.558	 68.151       
-17.849	 22.034	 67.620       
-20.353	 20.214	 65.491       
-21.983	 16.935	 64.606       
-24.217	 14.859	 62.413       
-24.217	 12.546	 59.466       
-26.826	 11.248	 57.076       
-28.914	 14.362	 56.709       
-28.891	 16.678	 59.767       
-25.833	 18.603	 61.029       
-25.030	 21.350	 63.509       
-22.362	 23.861	 64.418       
-22.344	 24.988	 68.021       
-20.510	 27.652	 69.926       
-20.421	 27.015	 73.646       
-20.061	 30.687	 74.559       
-20.207	 33.186	 71.658       
-17.646	 36.040	 71.597       
-17.849	 39.456	 70.008       
-15.512	 38.198	 67.248       
-17.605	 35.186	 66.359       
-19.931	 37.669	 64.800       
-20.114	 36.317	 61.250       
-22.039	 34.588	 58.523       
-21.755	 30.826	 58.949       
-21.846	 28.463	 55.966       
-22.480	 24.891	 54.890       
-21.069	 22.733	 52.153       
-21.184	 19.136	 50.958       
-18.933	 17.264	 48.576       
-20.853	 14.036	 48.593       
-22.201	 14.451	 45.078       
-21.027	 16.846	 42.348       
-22.056	 19.634	 42.124       
-20.807	 20.633	 45.455       
-23.458	 22.844	 46.977       
-23.755	 25.219	 49.954       
-26.189	 26.185	 52.684       
-27.773	 29.603	 52.278       
-25.829	 30.798	 55.304       
-27.104	 31.866	 58.719       
-25.949	 35.221	 60.124       
-24.846	 35.328	 63.753       
-25.647	 38.687	 65.441       
-24.591	 39.733	 68.954       
-26.961	 41.441	 71.422       
-25.640	 43.972	 73.969       
-26.475	 46.878	 76.304       
-27.972	 49.888	 74.499       
-25.686	 52.852	 73.776       
-26.267	 56.278	 72.306       
-24.362	 57.461	 69.220       
-21.392	 59.771	 69.303       
-22.128	 62.475	 66.765       
-19.661	 64.626	 64.923       
-20.446	 67.023	 62.133       
-17.932	 68.159	 59.547       
-18.118	 71.222	 57.266       
-16.919	 70.859	 53.635       
-13.135	 70.836	 53.481       
-11.489	 73.797	 51.809       
-10.200	 71.513	 49.073       
-13.596	 70.161	 48.123       
-14.746	 73.767	 47.767       
-11.996	 74.699	 45.356       
-13.800	 72.403	 42.910       
-17.264	 73.824	 43.370       
-18.217	 70.918	 45.583       
-19.754	 71.040	 49.077       
-20.173	 68.070	 51.414       
-21.131	 68.127	 55.056       
-20.753	 64.796	 56.776       
-21.784	 63.559	 60.154       
-20.866	 60.399	 62.029       
-23.150	 58.776	 64.582       
-20.802	 56.205	 65.993       
-21.057	 53.252	 68.285       
-24.713	 52.986	 69.119       
-27.191	 50.121	 69.662       
-29.851	 49.179	 68.496       
-29.062	 49.480	 64.800       
-32.163	 51.589	 64.374       
-31.442	 55.310	 64.344       
-32.621	 58.348	 62.424       
-30.870	 61.389	 61.031       
-32.326	 64.759	 60.148       
-30.546	 67.715	 58.609       
-31.465	 71.375	 59.102       
-29.967	 74.180	 57.016       
-30.900	 77.171	 59.182       
-33.599	 75.407	 61.189       
-35.480	 74.093	 58.137       
-35.535	 70.434	 57.087       
-33.465	 69.039	 54.270       
-34.125	 65.726	 52.512       
-32.236	 66.388	 49.298       
-28.595	 65.451	 48.645       
-28.242	 63.490	 51.892       
-26.848	 59.952	 51.869       
-26.395	 57.358	 54.581       
-24.801	 54.009	 55.297       
-24.179	 51.846	 58.371       
-21.301	 49.525	 59.129       
-21.770	 46.041	 60.562       
-21.915	 45.346	 64.259       
-18.187	 45.507	 64.907       
-16.179	 42.836	 66.678       
-14.947	 44.712	 69.699       
-18.156	 46.038	 71.194       
-20.913	 44.826	 68.922       
-22.036	 48.447	 68.304       
-22.953	 50.038	 64.988       
-22.114	 53.281	 63.252       
-23.710	 55.296	 60.528       
-22.740	 58.206	 58.393       
-25.082	 60.557	 56.645       
-23.501	 63.144	 54.484       
-25.086	 66.255	 53.024       
-23.796	 67.215	 49.619       
-24.611	 70.304	 47.549       
-23.387	 73.191	 45.342       
-20.732	 75.486	 46.739       
-23.066	 78.388	 45.980       
-26.040	 76.724	 47.667       
-23.718	 75.918	 50.530       
-22.956	 79.573	 51.173       
-26.527	 80.780	 50.642       
-26.881	 79.447	 54.167       
-25.521	 79.873	 57.674       
-25.978	 77.203	 60.305       
-25.717	 73.529	 59.429       
-27.049	 71.100	 61.966       
-27.185	 67.302	 62.427       
-30.191	 65.587	 64.055       
-29.767	 62.196	 65.770       
-32.981	 60.630	 67.024       
-32.060	 57.279	 68.512       
-33.956	 55.276	 71.125       
-31.826	 55.941	 74.220       
-33.357	 59.423	 74.805       
-36.617	 61.094	 73.704       
-34.380	 64.144	 73.505       
-32.250	 63.812	 70.303       
-28.519	 64.336	 70.138       
-27.644	 67.371	 68.050       
-24.433	 68.721	 66.539       
-23.938	 71.677	 64.251       
-21.696	 74.490	 63.125       
-22.244	 78.003	 61.791       
-20.705	 78.587	 58.351       
-20.370	 82.233	 59.333       
-18.840	 81.729	 62.776       
-15.924	 80.114	 60.934       
BRIEF 1FSK G 159              
 23.371	 93.762	 87.971       
 25.375	 95.852	 85.502       
 28.485	 97.404	 87.085       
 30.885	 99.315	 84.825       
 34.602	 99.656	 85.680       
 36.566	101.911	 83.290       
 40.385	102.060	 83.075       
 43.190	103.865	 81.259       
 46.832	103.604	 80.365       
 49.444	105.045	 78.040       
 51.835	103.792	 75.442       
 54.534	105.049	 73.157       
 53.194	103.211	 70.082       
 51.003	105.477	 67.944       
 47.321	104.494	 68.303       
 47.100	103.538	 64.641       
 49.791	100.876	 64.817       
 49.080	 99.715	 68.365       
 45.486	 99.129	 67.291       
 46.379	 96.931	 64.370       
 48.873	 95.130	 66.520       
 47.242	 94.687	 69.954       
 43.685	 94.280	 68.708       
 43.327	 93.300	 65.068       
 46.108	 90.711	 64.973       
 46.584	 90.510	 68.700       
 44.777	 87.235	 69.163       
 47.627	 85.252	 67.543       
 50.358	 87.549	 68.761       
 49.522	 86.900	 72.385       
 50.486	 83.242	 72.595       
 53.719	 84.397	 70.972       
 54.656	 87.294	 73.270       
 52.737	 86.399	 76.460       
 52.983	 82.529	 76.675       
 52.301	 82.381	 80.411       
 48.989	 84.226	 80.080       
 47.499	 82.963	 76.823       
 48.228	 79.464	 75.610       
 46.305	 79.568	 72.292       
 43.324	 81.289	 70.646       
 40.952	 79.699	 68.103       
 37.906	 80.773	 66.043       
 35.084	 78.491	 67.243       
 32.754	 80.160	 64.673       
 33.462	 82.802	 62.062       
 36.514	 83.863	 60.150       
 37.803	 86.453	 62.595       
 35.817	 89.474	 61.458       
 32.887	 91.050	 63.388       
 30.812	 88.460	 65.213       
 33.625	 85.906	 65.337       
 33.529	 83.624	 68.435       
 36.970	 82.813	 69.934       
 38.014	 80.156	 72.434       
 41.003	 81.540	 74.356       
 43.040	 78.834	 76.106       
 45.234	 79.255	 79.191       
 48.530	 77.588	 80.209       
 47.907	 74.743	 82.647       
 48.165	 76.167	 86.138       
 46.352	 79.505	 85.880       
 42.871	 79.842	 87.457       
 40.858	 79.075	 84.314       
 41.409	 76.694	 81.444       
 39.588	 78.634	 78.684       
 37.179	 81.474	 77.938       
 35.041	 82.410	 74.934       
 34.693	 86.029	 73.862       
 32.704	 87.368	 70.945       
 33.811	 90.167	 68.664       
 30.863	 92.545	 68.725       
 31.868	 95.593	 66.816       
 35.046	 96.852	 65.218       
 35.453	100.463	 64.148       
 38.528	100.580	 62.010       
 38.958	104.307	 61.526       
 38.442	105.184	 65.214       
 40.226	102.184	 66.709       
 37.175	101.279	 68.803       
 36.676	 97.592	 69.459       
 33.994	 95.876	 71.512       
 33.600	 92.271	 72.521       
 32.006	 90.063	 75.175       
 33.188	 87.334	 77.481       
 30.422	 84.761	 77.312       
 31.530	 81.355	 78.488       
 34.061	 79.752	 80.802       
 36.200	 81.497	 83.402       
 34.693	 84.452	 85.338       
 31.406	 83.491	 83.728       
 28.981	 81.440	 85.784       
 26.495	 81.747	 88.657       
 27.306	 85.241	 89.868       
 28.390	 86.476	 86.418       
 26.361	 86.208	 83.191       
 28.561	 87.916	 80.603       
 31.131	 90.732	 80.485       
 30.867	 93.375	 77.813       
 34.067	 95.196	 77.050       
 35.100	 98.138	 74.995       
 38.598	 99.237	 74.093       
 39.235	102.543	 72.439       
 42.694	103.795	 71.424       
 43.433	107.530	 71.145       
 46.528	109.118	 69.634       
 48.134	111.637	 72.006       
 49.866	114.744	 70.480       
 53.298	113.463	 71.506       
 52.871	110.533	 69.116       
 52.122	107.915	 71.784       
 48.642	106.805	 72.794       
 46.019	105.952	 75.423       
 43.810	102.892	 75.932       
 40.451	103.469	 77.589       
 38.698	100.250	 78.774       
 35.101	 99.546	 79.966       
 33.917	 96.399	 81.710       
 30.176	 96.100	 82.297       
 29.825	 92.942	 84.361       
 26.289	 91.661	 83.807       
 25.647	 89.949	 87.128       
 22.840	 87.650	 88.153       
 20.055	 89.811	 89.537       
 22.338	 91.740	 91.843       
 25.126	 89.640	 93.359       
 28.400	 91.636	 93.543       
 31.583	 91.905	 91.478       
 34.227	 90.214	 93.607       
 37.053	 92.790	 93.599       
 38.989	 89.636	 92.788       
 38.071	 89.812	 89.148       
 38.253	 93.556	 88.666       
 41.815	 92.978	 89.886       
 42.907	 90.219	 87.486       
 41.160	 91.784	 84.479       
 43.406	 94.793	 85.075       
 46.663	 92.829	 85.346       
 45.726	 90.346	 82.630       
 45.198	 93.122	 80.113       
 48.065	 94.985	 81.742       
 50.874	 92.550	 81.050       
 49.494	 91.951	 77.537       
 49.621	 95.582	 76.509       
 53.129	 95.514	 77.925       
 54.285	 92.294	 76.196       
 53.124	 93.825	 72.916       
 54.698	 97.246	 73.524       
 58.059	 95.573	 73.998       
 57.728	 93.287	 70.971       
 56.414	 96.135	 68.860       
 59.466	 98.122	 69.894       
 62.070	 95.443	 69.231       
 60.556	 94.831	 65.776       
 60.194	 98.347	 64.410       
 59.324	 97.177	 60.846       
 56.298	 95.201	 62.051       
 52.624	 96.162	 61.782       
 53.330	 98.952	 59.302       
BRIEF 1FSK H 214              
 28.525	 98.476	 53.507       
 30.924	 96.804	 51.033       
 30.273	 95.649	 47.463       
 31.573	 92.355	 46.089       
 31.734	 92.450	 42.311       
 31.763	 89.226	 40.311       
 32.745	 88.880	 36.665       
 31.878	 87.734	 34.133       
 28.167	 87.350	 34.609       
 28.642	 83.816	 33.213       
 31.246	 81.394	 31.859       
 31.096	 78.590	 29.316       
 33.813	 75.978	 29.160       
 34.146	 72.349	 28.249       
 34.407	 69.544	 30.690       
 38.091	 69.033	 31.504       
 38.880	 72.717	 30.967       
 40.266	 75.140	 33.502       
 38.419	 78.145	 34.827       
 38.910	 81.028	 37.181       
 36.192	 83.227	 38.672       
 36.777	 86.696	 40.091       
 35.434	 88.628	 43.065       
 36.455	 92.251	 43.591       
 35.451	 94.239	 46.684       
 35.042	 98.004	 46.982       
 37.576	 98.049	 49.840       
 40.048	 95.932	 51.689       
 38.437	 92.976	 53.404       
 41.712	 91.285	 54.141       
 40.822	 87.614	 54.166       
 37.221	 87.634	 55.328       
 36.081	 86.249	 52.023       
 34.531	 82.887	 51.136       
 32.896	 81.055	 48.233       
 29.609	 79.267	 47.709       
 28.602	 76.745	 45.055       
 24.874	 76.699	 44.376       
 23.656	 73.999	 41.975       
 20.143	 74.180	 40.432       
 17.429	 73.607	 43.073       
 19.752	 73.510	 46.082       
 20.571	 75.795	 48.973       
 24.061	 77.298	 48.597       
 26.946	 75.151	 49.777       
 30.108	 76.408	 51.409       
 32.823	 75.857	 48.843       
 35.858	 77.856	 49.888       
 35.625	 79.125	 53.484       
 38.212	 81.909	 53.641       
 40.140	 82.379	 50.324       
 42.237	 79.447	 49.116       
 40.667	 77.021	 51.634       
 38.571	 74.017	 50.667       
 35.746	 73.404	 53.115       
 35.024	 69.843	 54.245       
 34.390	 67.736	 51.154       
 35.273	 70.001	 48.224       
 37.608	 68.173	 45.740       
 41.140	 69.467	 45.120       
 40.007	 70.621	 41.693       
 38.877	 73.689	 43.635       
 41.255	 76.379	 44.897       
 41.386	 80.112	 45.320       
 43.370	 83.112	 46.439       
 43.637	 86.778	 47.211       
 43.414	 89.282	 49.989       
 42.994	 93.020	 50.201       
 40.576	 93.522	 47.357       
 40.863	 90.940	 44.532       
 40.038	 87.218	 44.881       
 39.568	 84.193	 42.653       
 38.101	 80.716	 42.613       
 39.633	 78.324	 40.134       
 38.772	 74.873	 38.937       
 41.697	 73.072	 37.373       
 39.531	 70.844	 35.185       
 35.756	 71.500	 35.295       
 33.401	 68.489	 35.516       
 29.812	 68.115	 34.407       
 28.758	 68.358	 38.081       
 30.576	 71.600	 38.755       
 27.860	 73.165	 36.716       
 26.535	 75.742	 39.178       
 26.164	 79.327	 40.253       
 29.239	 80.396	 42.211       
 29.038	 83.008	 44.973       
 31.040	 85.487	 47.014       
 30.745	 86.769	 50.535       
 32.652	 88.930	 52.993       
 32.318	 89.283	 56.739       
 34.876	 91.993	 57.163       
 32.343	 94.713	 57.900       
 28.666	 94.339	 58.848       
 26.509	 94.105	 56.811       
 27.872	 90.999	 55.357       
 27.416	 91.268	 51.615       
 27.629	 88.943	 48.592       
 28.887	 88.906	 45.022       
 26.177	 88.930	 42.374       
 27.144	 85.390	 41.440       
 28.691	 84.081	 38.226       
 27.031	 81.123	 36.477       
 29.268	 78.320	 35.241       
 27.933	 76.665	 32.039       
 29.393	 73.583	 30.334       
 29.921	 73.339	 26.556       
 29.616	 69.978	 24.751       
 29.046	 68.184	 21.427       
 25.715	 69.058	 19.788       
 22.857	 66.558	 20.115       
 19.366	 66.402	 18.689       
 16.306	 66.162	 20.955       
 14.423	 62.978	 21.659       
 10.779	 63.803	 21.073       
  7.774	 62.087	 22.550       
  4.198	 63.202	 22.223       
  1.457	 62.260	 24.658       
 -2.322	 62.389	 24.113       
 -4.537	 63.585	 27.014       
 -4.892	 60.862	 29.622       
 -8.328	 59.345	 30.028       
 -8.523	 60.765	 33.536       
 -7.894	 64.342	 32.497       
-10.742	 63.941	 30.010       
-13.227	 62.811	 32.613       
-13.000	 66.381	 33.919       
-13.510	 68.141	 30.620       
 -9.807	 68.833	 30.361       
 -7.481	 68.059	 27.436       
 -3.682	 68.315	 27.499       
 -1.250	 67.052	 24.913       
  2.342	 67.190	 26.026       
  5.577	 66.645	 24.214       
  9.111	 66.226	 25.510       
 12.175	 67.213	 23.507       
 14.858	 65.742	 25.686       
 18.595	 65.892	 25.874       
 19.608	 68.269	 23.147       
 22.287	 70.970	 22.731       
 22.411	 73.950	 22.076       
 19.688	 75.219	 24.387       
 18.054	 76.909	 21.435       
 15.205	 74.894	 19.958       
 11.750	 75.581	 18.575       
  8.430	 73.802	 18.862       
  5.435	 74.004	 16.573       
  2.082	 72.321	 17.004       
 -0.261	 71.272	 14.192       
 -3.845	 70.146	 14.802       
 -4.582	 68.483	 11.455       
 -1.743	 70.126	  9.538       
 -2.640	 73.686	 10.592       
 -0.596	 75.754	 13.047       
 -1.564	 76.280	 16.648       
 -0.201	 79.040	 18.890       
 -2.957	 79.090	 21.488       
 -2.951	 77.107	 24.747       
  0.636	 75.893	 24.309       
  3.163	 76.286	 27.124       
  6.859	 75.540	 27.370       
  9.721	 75.318	 29.827       
 13.323	 74.076	 29.766       
 15.349	 72.462	 32.508       
 18.936	 73.443	 33.287       
 21.904	 71.850	 31.613       
 21.943	 68.666	 33.665       
 24.966	 67.298	 35.481       
 25.472	 64.014	 33.714       
 25.699	 65.068	 30.092       
 25.301	 68.821	 30.099       
 22.270	 68.537	 27.760       
 18.958	 70.353	 28.050       
 15.326	 69.356	 27.807       
 12.137	 71.191	 27.115       
  8.481	 70.444	 27.342       
  5.740	 72.179	 25.462       
  2.262	 71.121	 26.281       
 -0.909	 71.833	 24.346       
 -3.971	 72.311	 26.490       
 -7.590	 72.786	 25.401       
-11.291	 71.896	 25.847       
-12.273	 68.254	 25.659       
-14.776	 69.230	 22.973       
-12.206	 71.210	 20.990       
 -9.876	 68.274	 21.451       
-12.239	 65.894	 19.682       
-13.233	 68.354	 16.948       
 -9.883	 67.265	 15.563       
 -7.984	 64.208	 14.392       
 -4.218	 64.210	 14.115       
 -2.068	 65.959	 16.698       
  1.517	 66.568	 15.765       
  4.666	 67.945	 17.441       
  7.243	 69.996	 15.496       
 10.878	 70.124	 16.671       
 13.109	 72.472	 14.704       
 16.529	 72.336	 16.308       
 19.890	 73.151	 14.731       
 21.285	 69.646	 14.164       
 19.179	 69.073	 10.993       
 17.437	 71.419	  8.523       
 14.867	 68.638	  8.497       
 12.845	 68.900	 11.778       
 12.076	 66.001	 14.066       
  8.367	 65.250	 14.141       
  6.127	 63.128	 16.354       
  2.372	 62.799	 16.323       
 -0.636	 60.607	 16.915       
 -4.102	 60.318	 15.391       
 -6.922	 60.780	 17.918       
 -9.025	 58.542	 15.689       
 -6.482	 55.765	 15.161       
 -6.702	 55.229	 18.926       
BRIEF 1FSK J 159              
 35.429	 61.972	 34.746       
 37.614	 63.939	 32.330       
 40.612	 65.553	 34.055       
 43.181	 67.349	 31.884       
 46.828	 67.720	 32.987       
 48.971	 69.853	 30.641       
 52.795	 69.983	 30.691       
 55.735	 71.693	 28.996       
 59.431	 71.378	 28.378       
 62.210	 72.699	 26.181       
 64.771	 71.320	 23.823       
 67.635	 72.462	 21.681       
 66.506	 70.479	 18.606       
 64.487	 72.652	 16.213       
 60.783	 71.695	 16.354       
 60.816	 70.566	 12.733       
 63.474	 67.909	 13.228       
 62.502	 66.921	 16.768       
 58.991	 66.293	 15.467       
 60.071	 63.956	 12.724       
 62.401	 62.253	 15.131       
 60.526	 61.977	 18.456       
 57.065	 61.523	 16.978       
 56.958	 60.371	 13.373       
 59.726	 57.773	 13.597       
 59.933	 57.750	 17.354       
 58.077	 54.503	 17.840       
 61.024	 52.438	 16.525       
 63.676	 54.783	 17.823       
 62.577	 54.308	 21.407       
 63.505	 50.662	 21.857       
 66.852	 51.732	 20.417       
 67.640	 54.727	 22.638       
 65.492	 53.994	 25.721       
 65.700	 50.135	 26.133       
 64.754	 50.164	 29.814       
 61.483	 52.004	 29.162       
 60.220	 50.590	 25.868       
 61.013	 47.037	 24.877       
 59.331	 46.988	 21.430       
 56.488	 48.638	 19.494       
 54.293	 46.934	 16.867       
 51.405	 47.921	 14.548       
 48.494	 45.708	 15.649       
 46.363	 47.257	 12.842       
 47.270	 49.774	 10.165       
 50.461	 50.731	  8.429       
 51.588	 53.430	 10.838       
 49.704	 56.399	  9.422       
 46.653	 58.071	 11.056       
 44.441	 55.577	 12.853       
 47.218	 53.030	 13.299       
 46.891	 50.892	 16.483       
 50.208	 50.143	 18.259       
 51.058	 47.605	 20.952       
 53.911	 49.069	 23.016       
 55.801	 46.447	 25.030       
 57.773	 47.007	 28.242       
 60.975	 45.380	 29.568       
 60.165	 42.655	 32.087       
 60.181	 44.243	 35.518       
 58.412	 47.568	 34.974       
 54.830	 47.989	 36.281       
 53.040	 47.080	 33.040       
 53.781	 44.565	 30.332       
 52.171	 46.375	 27.362       
 49.837	 49.184	 26.315       
 47.926	 49.986	 23.126       
 47.677	 53.550	 21.861       
 45.909	 54.754	 18.747       
 47.194	 57.440	 16.424       
 44.267	 59.823	 16.160       
 45.421	 62.775	 14.185       
 48.711	 63.948	 12.762       
 49.216	 67.504	 11.557       
 52.436	 67.510	  9.641       
 52.922	 71.211	  9.014       
 52.149	 72.261	 12.610       
 53.804	 69.331	 14.368       
 50.606	 68.534	 16.277       
 50.041	 64.883	 17.068       
 47.205	 63.275	 19.006       
 46.723	 59.724	 20.151       
 44.926	 57.648	 22.786       
 45.925	 55.028	 25.299       
 43.163	 52.456	 25.054       
 44.164	 49.109	 26.462       
 46.517	 47.608	 29.023       
 48.475	 49.468	 31.686       
 46.851	 52.519	 33.366       
 43.682	 51.489	 31.573       
 41.102	 49.544	 33.545       
 38.422	 49.994	 36.216       
 39.166	 53.539	 37.315       
 40.499	 54.603	 33.900       
 38.704	 54.192	 30.552       
 41.096	 55.769	 28.049       
 43.681	 58.568	 27.979       
 43.623	 61.083	 25.179       
 46.884	 62.859	 24.563       
 48.075	 65.696	 22.447       
 51.639	 66.743	 21.747       
 52.407	 69.965	 19.990       
 55.943	 71.157	 19.166       
 56.720	 74.872	 18.768       
 59.926	 76.380	 17.407       
 61.372	 79.003	 19.765       
 63.228	 82.031	 18.222       
 66.570	 80.790	 19.551       
 66.297	 77.749	 17.275       
 65.345	 75.263	 20.005       
 61.795	 74.210	 20.814       
 58.985	 73.491	 23.287       
 56.728	 70.465	 23.780       
 53.262	 71.129	 25.163       
 51.410	 67.975	 26.369       
 47.731	 67.339	 27.336       
 46.411	 64.279	 29.136       
 42.630	 64.022	 29.467       
 42.117	 60.962	 31.649       
 38.623	 59.666	 30.904       
 37.735	 58.116	 34.246       
 34.848	 55.876	 35.175       
 31.984	 58.109	 36.255       
 34.109	 60.137	 38.624       
 36.768	 58.106	 40.433       
 40.033	 60.098	 40.755       
 43.359	 60.260	 38.913       
 45.831	 58.665	 41.302       
 48.668	 61.230	 41.375       
 50.638	 58.036	 40.854       
 49.980	 58.041	 37.151       
 50.221	 61.760	 36.511       
 53.683	 61.229	 38.006       
 54.927	 58.355	 35.824       
 53.407	 59.782	 32.628       
 55.622	 62.810	 33.239       
 58.842	 60.851	 33.837       
 58.084	 58.245	 31.183       
 57.755	 60.902	 28.503       
 60.511	 62.829	 30.244       
 63.345	 60.357	 29.872       
 62.214	 59.596	 26.300       
 62.437	 63.176	 25.113       
 65.835	 63.165	 26.778       
 67.092	 59.861	 25.289       
 66.177	 61.241	 21.865       
 67.722	 64.682	 22.424       
 71.033	 63.025	 23.215       
 70.906	 60.599	 20.282       
 69.761	 63.348	 17.952       
 72.744	 65.372	 19.107       
 75.372	 62.658	 18.758       
 74.103	 61.889	 15.236       
 73.862	 65.337	 13.686       
 73.240	 64.001	 10.124       
 70.125	 62.092	 11.203       
 66.484	 63.051	 10.627       
 67.382	 65.716	  8.076       
BRIEF 1FSK K 214              
 43.056	 65.111	  0.132       
 45.660	 63.337	 -2.045       
 45.291	 61.934	 -5.568       
 46.747	 58.584	 -6.620       
 47.179	 58.432	-10.372       
 47.413	 55.084	-12.140       
 48.662	 54.522	-15.678       
 47.996	 53.188	-18.180       
 44.271	 52.751	-17.944       
 44.911	 49.143	-19.061       
 47.652	 46.699	-20.057       
 47.734	 43.730	-22.411       
 50.502	 41.178	-22.193       
 50.969	 37.502	-22.834       
 51.106	 34.874	-20.194       
 54.727	 34.508	-19.088       
 55.484	 38.162	-19.815       
 56.643	 40.778	-17.362       
 54.648	 43.823	-16.375       
 54.914	 46.865	-14.197       
 52.056	 49.094	-13.050       
 52.474	 52.662	-11.833       
 50.884	 54.755	 -9.100       
 51.797	 58.430	 -8.752       
 50.537	 60.596	 -5.879       
 50.035	 64.360	 -5.867       
 52.356	 64.654	 -2.848       
 54.726	 62.723	 -0.687       
 53.052	 59.848	  1.106       
 56.293	 58.286	  2.186       
 55.474	 54.609	  2.398       
 51.798	 54.619	  3.298       
 50.924	 52.991	  0.021       
 49.507	 49.544	 -0.741       
 48.119	 47.488	 -3.624       
 44.910	 45.590	 -4.256       
 44.147	 42.874	 -6.799       
 40.477	 42.699	 -7.736       
 39.484	 39.815	-10.030       
 36.091	 39.814	-11.825       
 33.205	 39.354	 -9.351       
 35.306	 39.512	 -6.183       
 35.872	 42.003	 -3.402       
 39.351	 43.558	 -3.634       
 42.183	 41.560	 -2.110       
 45.194	 42.996	 -0.346       
 48.099	 42.340	 -2.668       
 51.012	 44.472	 -1.550       
 50.494	 45.973	  1.925       
 53.014	 48.822	  2.075       
 55.167	 49.115	 -1.119       
 57.401	 46.157	 -1.974       
 55.698	 43.867	  0.585       
 53.731	 40.757	 -0.324       
 50.750	 40.245	  1.960       
 50.013	 36.750	  3.266       
 49.641	 34.428	  0.293       
 50.693	 36.512	 -2.716       
 53.234	 34.579	 -4.896       
 56.779	 35.911	 -5.352       
 55.874	 36.809	 -8.923       
 54.551	 39.973	 -7.275       
 56.780	 42.794	 -6.034       
 56.813	 46.550	 -5.859       
 58.656	 49.662	 -4.805       
 58.797	 53.377	 -4.268       
 58.330	 56.054	 -1.689       
 57.826	 59.787	 -1.762       
 55.610	 60.040	 -4.798       
 56.149	 57.287	 -7.412       
 55.368	 53.579	 -6.873       
 55.118	 50.402	 -8.916       
 53.720	 46.895	 -8.824       
 55.473	 44.381	-11.021       
 54.765	 40.841	-12.041       
 57.827	 39.007	-13.266       
 55.867	 36.589	-15.447       
 52.084	 37.161	-15.650       
 49.772	 34.115	-15.391       
 46.283	 33.589	-16.726       
 44.960	 34.049	-13.158       
 46.666	 37.371	-12.581       
 44.074	 38.737	-14.908       
 42.530	 41.437	-12.724       
 42.015	 45.078	-11.927       
 44.922	 46.344	 -9.832       
 44.473	 49.128	 -7.274       
 46.276	 51.783	 -5.270       
 45.703	 53.285	 -1.873       
 47.386	 55.653	  0.563       
 46.776	 56.244	  4.243       
 49.248	 59.037	  4.662       
 46.616	 61.739	  5.028       
 42.883	 61.344	  5.742       
 40.894	 60.927	  3.567       
 42.409	 57.758	  2.434       
 42.221	 57.770	 -1.340       
 42.697	 55.258	 -4.174       
 44.209	 55.013	 -7.636       
 41.698	 54.798	-10.467       
 42.794	 51.224	-11.086       
 44.595	 49.742	-14.086       
 43.121	 46.639	-15.742       
 45.492	 43.812	-16.625       
 44.419	 41.917	-19.793       
 46.056	 38.762	-21.176       
 46.859	 38.282	-24.884       
 46.746	 34.802	-26.474       
 46.452	 32.781	-29.702       
 43.232	 33.462	-31.629       
 40.407	 30.925	-31.334       
 37.028	 30.593	-32.990       
 33.821	 30.431	-30.936       
 31.949	 27.261	-30.152       
 28.343	 27.957	-31.047       
 25.273	 26.274	-29.675       
 21.709	 27.280	-30.329       
 18.817	 26.438	-28.035       
 15.085	 26.444	-28.854       
 12.644	 27.778	-26.203       
 12.154	 25.225	-23.450       
  8.726	 23.662	-23.185       
  8.253	 25.303	-19.806       
  8.888	 28.816	-21.036       
  6.236	 28.186	-23.685       
  3.591	 27.177	-21.193       
  3.654	 30.828	-20.121       
  3.354	 32.354	-23.559       
  7.051	 33.111	-23.601       
  9.597	 32.203	-26.298       
 13.374	 32.547	-25.983       
 16.010	 31.175	-28.297       
 19.510	 31.469	-26.950       
 22.877	 30.883	-28.486       
 26.315	 30.634	-26.917       
 29.495	 31.555	-28.757       
 32.043	 30.295	-26.301       
 35.751	 30.542	-25.861       
 36.914	 32.758	-28.660       
 39.568	 35.488	-29.069       
 39.684	 38.419	-29.916       
 36.779	 39.775	-27.893       
 35.329	 41.225	-31.063       
 32.629	 39.052	-32.599       
 29.275	 39.562	-34.263       
 25.976	 37.731	-34.093       
 23.148	 37.712	-36.598       
 19.806	 35.980	-36.294       
 17.692	 34.693	-39.184       
 14.095	 33.527	-38.754       
 13.633	 31.629	-42.023       
 16.569	 33.208	-43.843       
 15.534	 36.808	-43.097       
 17.356	 39.081	-40.650       
 16.122	 39.821	-37.173       
 17.268	 42.758	-35.032       
 14.333	 42.914	-32.644       
 14.141	 41.153	-29.266       
 17.770	 39.996	-29.365       
 20.079	 40.636	-26.412       
 23.764	 39.996	-25.855       
 26.442	 40.000	-23.196       
 30.064	 38.845	-22.914       
 31.915	 37.462	-19.933       
 35.417	 38.577	-18.968       
 38.529	 36.946	-20.317       
 38.480	 33.905	-18.059       
 41.384	 32.732	-15.944       
 42.078	 29.351	-17.444       
 42.548	 30.167	-21.102       
 42.082	 33.901	-21.379       
 39.233	 33.393	-23.903       
 35.873	 35.145	-23.970       
 32.289	 34.050	-24.401       
 29.124	 35.761	-25.443       
 25.477	 34.944	-25.422       
 22.845	 36.486	-27.606       
 19.339	 35.405	-26.965       
 16.301	 35.914	-29.162       
 13.085	 36.459	-27.279       
  9.548	 36.774	-28.650       
  5.838	 35.832	-28.405       
  4.939	 32.164	-28.417       
  2.620	 32.900	-31.334       
  5.292	 34.804	-33.261       
  7.631	 31.960	-32.437       
  5.451	 29.416	-34.203       
  4.607	 31.663	-37.162       
  8.070	 30.564	-38.230       
 10.107	 27.482	-39.050       
 13.881	 27.552	-39.058       
 15.806	 29.518	-36.457       
 19.439	 30.146	-37.177       
 22.434	 31.707	-35.375       
 25.102	 33.683	-37.269       
 28.642	 33.974	-35.852       
 30.966	 36.238	-37.811       
 34.264	 36.288	-35.963       
 37.713	 37.075	-37.348       
 39.210	 33.574	-37.577       
 37.350	 32.743	-40.842       
 35.746	 34.880	-43.583       
 33.236	 32.043	-43.601       
 30.978	 32.475	-40.499       
 30.102	 29.716	-38.080       
 26.409	 28.885	-38.216       
 24.058	 26.864	-36.029       
 20.321	 26.445	-36.303       
 17.320	 24.226	-35.775       
 13.976	 23.755	-37.516       
 10.975	 24.319	-35.234       
  9.081	 21.890	-37.449       
 11.705	 19.145	-37.607       
 11.224	 18.856	-33.840       
BRIEF 1FSK C 220              
  4.790	 93.968	  1.771       
  2.403	 92.484	 -0.754       
  0.828	 95.213	 -2.842       
 -1.479	 95.845	 -5.783       
 -0.603	 99.129	 -7.432       
 -3.095	100.838	 -9.732       
 -3.605	104.365	-11.194       
 -6.032	106.576	 -9.355       
 -7.900	107.852	-12.395       
 -8.659	107.192	-16.042       
-10.603	109.520	-18.318       
-11.862	108.148	-21.570       
-13.966	109.319	-24.472       
-17.101	107.198	-24.788       
-16.355	104.278	-27.064       
-12.614	104.371	-26.475       
-10.572	101.463	-25.188       
 -9.815	101.615	-21.482       
 -6.925	 99.762	-19.943       
 -6.694	 99.131	-16.253       
 -3.257	 98.126	-15.076       
 -2.580	 96.501	-11.723       
  1.011	 95.815	-10.738       
  1.808	 93.168	 -8.132       
  4.771	 93.131	 -5.740       
  5.745	 91.459	 -2.493       
  4.668	 87.984	 -3.593       
  5.104	 85.452	 -6.395       
  2.799	 86.874	 -9.067       
  2.153	 83.571	-10.865       
  1.175	 81.730	 -7.718       
 -1.960	 83.785	 -7.070       
 -5.286	 84.708	 -8.611       
 -6.346	 88.299	 -9.343       
 -9.991	 89.119	 -8.833       
-11.437	 92.201	-10.363       
-14.400	 93.840	 -8.741       
-16.126	 96.971	-10.028       
-18.107	 99.440	 -7.949       
-20.209	102.417	 -8.967       
-20.649	105.525	 -6.748       
-22.620	104.447	 -3.680       
-23.426	101.004	 -5.028       
-22.871	 97.361	 -4.211       
-19.772	 95.548	 -5.377       
-19.706	 93.474	 -8.533       
-17.417	 90.537	 -9.189       
-16.009	 91.101	-12.636       
-13.994	 87.943	-13.199       
-10.692	 86.387	-12.196       
 -7.484	 85.327	-13.817       
 -4.688	 83.137	-12.623       
 -1.431	 84.353	-14.140       
  1.079	 81.655	-15.209       
 -1.420	 79.822	-17.432       
 -3.697	 82.846	-17.748       
 -6.792	 80.763	-16.865       
 -9.865	 83.007	-16.481       
-13.508	 83.110	-15.379       
-15.832	 85.963	-16.313       
-19.002	 87.108	-14.611       
-21.653	 86.917	-17.302       
-22.504	 90.653	-17.273       
-19.033	 91.424	-18.612       
-18.455	 88.386	-20.788       
-17.861	 90.455	-23.911       
-17.265	 93.933	-22.457       
-14.186	 93.165	-20.373       
-10.956	 91.288	-21.004       
 -8.482	 90.257	-18.325       
 -4.885	 89.472	-19.213       
 -1.463	 89.573	-17.596       
  2.178	 90.172	-18.372       
  4.194	 87.699	-16.372       
  7.465	 89.524	-17.117       
  6.495	 92.837	-15.482       
  4.264	 90.861	-13.142       
  1.157	 92.964	-13.636       
 -2.437	 92.282	-14.714       
 -4.737	 94.250	-16.930       
 -8.473	 94.548	-17.174       
 -9.577	 95.980	-20.486       
-12.940	 97.532	-21.118       
-14.324	 97.894	-24.586       
-16.661	100.576	-25.886       
-17.090	102.429	-22.558       
-20.223	104.359	-21.611       
-21.488	106.178	-18.511       
-22.657	102.773	-17.209       
-18.917	102.057	-17.114       
-17.692	105.073	-15.184       
-16.842	103.540	-11.811       
-13.936	102.414	 -9.658       
-12.155	 99.132	-10.359       
-10.210	 97.185	 -7.766       
 -7.891	 94.352	 -8.538       
 -7.564	 92.013	 -5.558       
 -5.617	 89.069	 -4.268       
 -6.735	 86.638	 -1.620       
 -4.724	 84.657	  0.871       
 -4.625	 81.684	  3.233       
 -8.275	 80.645	  3.414       
 -9.998	 83.499	  1.559       
-10.314	 85.824	 -1.261       
-10.088	 89.598	 -1.195       
 -7.521	 89.811	  1.538       
 -5.620	 92.458	 -0.370       
 -7.007	 95.319	 -2.411       
 -5.570	 97.596	 -5.028       
 -6.053	101.303	 -4.484       
 -8.912	101.317	 -7.017       
 -8.977	103.222	-10.308       
-11.618	105.780	-11.084       
-12.671	105.663	-14.686       
-14.605	108.588	-16.001       
-16.066	108.168	-19.511       
-16.640	111.622	-20.963       
-15.973	114.008	-23.802       
-15.278	116.685	-21.195       
-11.711	117.925	-21.189       
 -9.478	117.490	-18.195       
 -8.889	120.852	-16.485       
 -6.826	121.637	-13.363       
 -8.366	123.180	-10.236       
 -8.119	126.764	 -9.004       
 -7.608	126.865	 -5.298       
 -8.673	129.975	 -3.422       
 -7.821	130.253	  0.310       
-10.540	131.077	  2.820       
 -9.452	133.090	  5.861       
-11.827	134.759	  8.339       
-12.714	138.286	  7.279       
-11.179	141.357	  8.958       
-14.776	142.050	  9.907       
-14.486	138.909	 12.093       
-14.451	138.360	 15.849       
-12.543	136.169	 18.265       
-13.783	132.724	 19.417       
-12.219	129.969	 21.483       
-11.396	128.142	 18.278       
-10.731	129.322	 14.756       
-11.736	127.756	 11.473       
-10.137	128.238	  8.071       
-10.280	126.203	  4.912       
 -9.920	126.823	  1.224       
-11.927	125.936	 -1.833       
-10.996	123.996	 -4.960       
-12.930	125.132	 -7.980       
-13.511	124.243	-11.639       
-11.443	121.115	-12.247       
-11.939	117.877	-14.093       
-12.064	115.010	-13.762       
-12.541	113.551	-10.328       
-10.800	113.083	 -7.954       
 -8.813	115.563	 -5.946       
 -7.070	115.038	 -2.655       
 -6.466	117.734	 -0.111       
 -4.555	117.811	  3.143       
 -3.571	120.442	  5.647       
  0.038	121.148	  6.497       
  0.988	118.145	  4.429       
 -1.156	115.801	  6.515       
  0.012	116.964	  9.965       
 -3.453	118.376	 10.532       
 -5.971	115.554	 10.370       
 -8.232	116.263	 13.335       
-10.775	119.003	 12.743       
-10.638	118.908	  8.962       
-13.782	118.449	  6.922       
-13.468	118.016	  3.185       
-16.703	118.113	  1.302       
-17.839	115.892	 -1.548       
-17.403	117.662	 -4.868       
-20.267	118.929	 -7.021       
-20.385	118.867	-10.788       
-21.031	122.282	-12.317       
-21.510	121.957	-16.061       
-18.552	119.620	-16.593       
-16.438	121.078	-13.803       
-16.172	119.844	-10.268       
-15.658	122.026	 -7.280       
-15.249	121.192	 -3.605       
-14.138	122.799	 -0.375       
-12.318	121.768	  2.780       
-12.249	123.445	  6.184       
-10.094	123.169	  9.278       
-10.381	124.359	 12.858       
 -7.757	125.036	 15.519       
 -6.895	126.837	 18.777       
 -7.223	130.576	 18.174       
 -3.788	130.599	 19.777       
 -2.078	128.446	 17.119       
 -3.135	130.743	 14.259       
 -1.831	132.831	 12.750       
  0.929	132.652	 15.310       
  1.772	129.336	 13.691       
  1.315	128.627	 10.013       
 -1.448	126.715	  8.253       
 -1.662	125.685	  4.640       
 -3.785	123.343	  2.506       
 -2.096	121.012	  0.056       
 -4.431	120.219	 -2.776       
 -3.483	117.595	 -5.350       
 -5.129	116.743	 -8.673       
 -3.086	113.841	-10.130       
 -5.399	113.843	-13.133       
 -3.908	117.165	-14.347       
 -0.510	116.420	-12.811       
 -0.946	119.476	-10.612       
 -0.308	120.152	 -6.948       
 -1.035	123.399	 -5.188       
 -0.345	124.793	 -1.755       
 -2.143	127.822	 -0.400       
 -1.018	129.297	  2.880       
 -4.011	130.609	  4.728       
 -2.957	134.041	  5.851       
 -5.087	136.534	  7.816       
 -6.837	138.681	  5.251       
 -5.916	142.338	  5.762       
 -7.495	145.571	  4.503       
BRIEF 1FSK F 220              
  3.495	 29.495	 52.389       
  0.886	 28.115	 50.029       
 -0.947	 30.937	 48.299       
 -3.561	 31.700	 45.657       
 -2.916	 35.105	 44.151       
 -5.667	 36.895	 42.239       
 -6.387	 40.494	 41.075       
 -8.650	 42.523	 43.296       
-10.848	 43.943	 40.557       
-11.968	 43.505	 36.969       
-14.180	 45.923	 35.066       
-15.746	 44.734	 31.878       
-18.163	 46.033	 29.290       
-21.273	 43.863	 29.155       
-20.715	 41.113	 26.627       
-16.938	 41.262	 26.834       
-14.718	 38.331	 27.709       
-13.583	 38.263	 31.319       
-10.515	 36.384	 32.424       
 -9.890	 35.525	 36.022       
 -6.332	 34.532	 36.767       
 -5.280	 32.708	 39.923       
 -1.596	 32.050	 40.481       
 -0.481	 29.262	 42.812       
  2.712	 29.145	 44.879       
  4.047	 27.292	 47.889       
  2.925	 23.869	 46.677       
  3.113	 21.537	 43.685       
  0.518	 23.067	 41.364       
 -0.256	 19.872	 39.424       
 -0.865	 17.807	 42.523       
 -3.955	 19.738	 43.629       
 -7.437	 20.676	 42.501       
 -8.631	 24.282	 42.119       
-12.218	 24.976	 43.057       
-13.870	 28.111	 41.893       
-16.683	 29.571	 43.914       
-18.584	 32.731	 43.022       
-20.387	 35.013	 45.456       
-22.632	 37.994	 44.860       
-22.895	 40.943	 47.315       
-24.516	 39.619	 50.489       
-25.397	 36.252	 49.005       
-24.693	 32.580	 49.517       
-21.702	 30.924	 47.921       
-21.928	 29.056	 44.642       
-19.665	 26.226	 43.558       
-18.635	 27.051	 40.030       
-16.632	 23.983	 39.058       
-13.216	 22.449	 39.608       
-10.175	 21.580	 37.599       
 -7.231	 19.386	 38.353       
 -4.175	 20.776	 36.592       
 -1.737	 18.214	 35.095       
 -4.421	 16.472	 33.020       
 -6.774	 19.449	 33.148       
 -9.720	 17.238	 34.198       
-12.778	 19.373	 35.046       
-16.287	 19.314	 36.517       
-18.747	 22.163	 36.019       
-21.746	 23.116	 38.113       
-24.658	 23.036	 35.702       
-25.562	 26.739	 36.067       
-22.269	 27.679	 34.432       
-21.866	 24.805	 32.010       
-21.635	 27.084	 28.990       
-20.956	 30.475	 30.607       
-17.663	 29.652	 32.307       
-14.484	 27.899	 31.221       
-11.727	 26.760	 33.561       
 -8.225	 26.125	 32.257       
 -4.655	 26.204	 33.513       
 -1.131	 26.941	 32.414       
  1.128	 24.398	 34.026       
  4.273	 26.345	 33.073       
  3.417	 29.520	 35.015       
  1.478	 27.344	 37.433       
 -1.705	 29.396	 37.402       
 -5.376	 28.702	 36.656       
 -7.929	 30.746	 34.824       
-11.673	 30.968	 34.986       
-13.142	 32.580	 31.909       
-16.582	 34.087	 31.729       
-18.327	 34.639	 28.455       
-20.829	 37.338	 27.582       
-20.944	 38.964	 31.051       
-23.999	 40.747	 32.442       
-24.966	 42.333	 35.769       
-25.933	 38.822	 36.954       
-22.187	 38.192	 36.615       
-20.825	 41.111	 38.611       
-19.601	 39.384	 41.765       
-16.467	 38.194	 43.527       
-14.707	 35.009	 42.431       
-12.470	 32.947	 44.673       
-10.195	 30.231	 43.484       
 -9.519	 27.712	 46.252       
 -7.390	 24.740	 47.137       
 -8.185	 22.118	 49.716       
 -5.893	 20.030	 51.851       
 -5.493	 16.909	 53.984       
 -9.085	 15.771	 54.469       
-11.043	 18.698	 52.995       
-11.693	 21.190	 50.385       
-11.529	 24.959	 50.677       
 -8.693	 25.060	 53.139       
 -7.052	 27.867	 51.232       
 -8.696	 30.820	 49.538       
 -7.576	 33.295	 46.943       
 -8.071	 36.947	 47.782       
-11.177	 37.050	 45.563       
-11.618	 39.163	 42.428       
-14.372	 41.702	 42.100       
-15.792	 41.791	 38.625       
-17.906	 44.745	 37.715       
-19.714	 44.518	 34.353       
-20.498	 48.043	 33.203       
-20.174	 50.622	 30.474       
-19.258	 53.139	 33.170       
-15.734	 54.468	 32.891       
-13.191	 53.894	 35.604       
-12.489	 57.152	 37.467       
-10.130	 57.786	 40.406       
-11.363	 59.086	 43.767       
-11.053	 62.587	 45.204       
-10.163	 62.464	 48.839       
-11.081	 65.417	 51.020       
 -9.850	 65.476	 54.651       
-12.308	 66.070	 57.477       
-10.945	 67.910	 60.519       
-13.080	 69.352	 63.332       
-14.136	 72.919	 62.606       
-12.491	 75.912	 64.319       
-15.983	 76.452	 65.676       
-15.411	 73.185	 67.607       
-14.975	 72.396	 71.294       
-12.786	 70.101	 73.350       
-13.839	 66.560	 74.392       
-12.018	 63.717	 76.097       
-11.501	 62.123	 72.711       
-11.228	 63.544	 69.227       
-12.539	 62.168	 65.966       
-11.313	 62.910	 62.455       
-11.749	 61.080	 59.204       
-11.781	 61.943	 55.542       
-14.080	 61.205	 52.659       
-13.444	 59.492	 49.330       
-15.703	 60.776	 46.608       
-16.644	 60.110	 42.974       
-14.594	 57.078	 41.949       
-15.220	 53.955	 39.956       
-15.259	 51.069	 40.104       
-15.352	 49.380	 43.465       
-13.365	 48.804	 45.613       
-11.223	 51.199	 47.566       
 -9.140	 50.505	 50.616       
 -8.322	 53.046	 53.262       
 -6.083	 52.958	 56.300       
 -4.894	 55.447	 58.859       
 -1.230	 56.189	 59.378       
 -0.446	 53.351	 57.029       
 -2.320	 50.825	 59.162       
 -0.822	 51.794	 62.544       
 -4.232	 53.080	 63.557       
 -6.705	 50.210	 63.466       
 -8.654	 50.670	 66.687       
-11.295	 53.377	 66.545       
-11.550	 53.530	 62.774       
-14.880	 53.126	 61.038       
-14.949	 52.941	 57.271       
-18.361	 53.077	 55.736       
-19.748	 51.020	 52.877       
-19.690	 53.011	 49.656       
-22.785	 54.342	 47.897       
-23.293	 54.520	 44.163       
-24.159	 58.006	 42.941       
-25.016	 57.915	 39.256       
-22.088	 55.688	 38.266       
-19.721	 57.019	 40.919       
-19.069	 55.567	 44.314       
-18.285	 57.562	 47.374       
-17.483	 56.501	 50.923       
-16.069	 57.925	 54.124       
-13.915	 56.740	 56.998       
-13.519	 58.191	 60.484       
-11.054	 57.776	 63.314       
-10.986	 58.724	 66.974       
 -8.111	 59.292	 69.391       
 -6.948	 60.900	 72.658       
 -7.403	 64.662	 72.342       
 -3.822	 64.666	 73.581       
 -2.361	 62.732	 70.626       
 -3.749	 65.184	 68.049       
 -2.649	 67.393	 66.556       
  0.367	 67.119	 68.801       
  1.096	 63.934	 66.887       
  0.272	 63.455	 63.236       
 -2.622	 61.592	 61.645       
 -3.193	 60.792	 58.011       
 -5.487	 58.539	 55.956       
 -4.018	 56.414	 53.195       
 -6.621	 55.747	 50.575       
 -5.897	 53.318	 47.745       
 -7.864	 52.640	 44.560       
 -5.934	 49.896	 42.710       
 -8.545	 50.033	 39.969       
 -7.247	 53.460	 38.832       
 -3.696	 52.701	 39.956       
 -3.955	 55.599	 42.388       
 -2.954	 56.055	 46.004       
 -3.552	 59.159	 48.044       
 -2.531	 60.345	 51.468       
 -4.236	 63.235	 53.205       
 -2.801	 64.524	 56.443       
 -5.610	 65.638	 58.669       
 -4.507	 69.016	 59.907       
 -6.465	 71.326	 62.238       
 -8.511	 73.588	 60.016       
 -7.608	 77.227	 60.673       
 -9.368	 80.493	 59.801       
BRIEF 1FSK I 220              
 24.389	 65.668	 63.159       
 24.014	 69.417	 63.427       
 20.867	 70.554	 61.663       
 18.701	 73.586	 60.958       
 15.119	 72.515	 60.404       
 12.675	 74.850	 58.674       
  9.252	 74.540	 56.932       
  9.334	 74.247	 53.179       
  6.589	 76.755	 52.456       
  4.611	 79.651	 53.870       
  1.669	 81.326	 52.162       
  0.542	 84.651	 53.466       
 -2.002	 87.289	 52.576       
 -0.287	 90.571	 51.735       
  0.072	 92.588	 54.907       
 -0.125	 89.596	 57.211       
  2.520	 88.664	 59.746       
  4.891	 85.949	 58.593       
  6.850	 83.833	 61.009       
  9.836	 81.827	 59.940       
 10.867	 79.177	 62.412       
 14.253	 77.473	 62.370       
 14.906	 74.690	 64.848       
 18.468	 73.762	 65.796       
 19.734	 70.334	 66.856       
 23.035	 68.503	 67.093       
 24.857	 71.371	 68.802       
 24.615	 73.746	 71.759       
 22.085	 76.283	 70.487       
 23.241	 79.175	 72.697       
 26.869	 78.843	 71.711       
 26.330	 79.794	 68.065       
 25.087	 82.616	 65.881       
 22.208	 82.246	 63.401       
 22.512	 84.157	 60.170       
 19.492	 84.737	 58.052       
 19.895	 85.190	 54.348       
 17.050	 85.799	 51.909       
 17.056	 84.945	 48.217       
 14.558	 85.734	 45.487       
 13.994	 83.450	 42.449       
 17.174	 83.535	 40.365       
 18.763	 86.338	 42.349       
 21.810	 87.033	 44.467       
 21.823	 86.299	 48.170       
 21.065	 88.944	 50.762       
 22.335	 88.963	 54.322       
 19.332	 89.708	 56.467       
 20.862	 89.967	 59.923       
 22.179	 87.737	 62.685       
 21.331	 86.870	 66.232       
 23.297	 85.157	 68.922       
 20.921	 83.228	 71.155       
 21.703	 83.226	 74.911       
 21.795	 87.029	 75.170       
 19.786	 87.520	 71.984       
 22.304	 90.069	 70.634       
 21.440	 91.048	 67.039       
 22.660	 92.929	 63.961       
 20.343	 93.879	 61.110       
 21.186	 94.638	 57.508       
 19.820	 98.117	 56.923       
 17.342	 97.103	 54.182       
 15.368	 95.109	 56.741       
 15.894	 97.245	 59.817       
 12.180	 97.734	 60.396       
 10.671	 95.001	 58.197       
 12.222	 91.979	 59.891       
 12.634	 90.876	 63.492       
 14.872	 88.045	 64.654       
 14.285	 86.371	 67.999       
 14.851	 83.001	 69.638       
 13.366	 80.639	 72.172       
 16.206	 79.134	 74.133       
 13.938	 76.490	 75.699       
 12.893	 74.822	 72.420       
 16.235	 75.891	 70.985       
 14.860	 77.458	 67.824       
 15.101	 80.882	 66.169       
 12.507	 82.925	 64.391       
 12.663	 85.554	 61.717       
  9.506	 87.614	 61.550       
  8.459	 89.673	 58.586       
  5.984	 92.473	 58.905       
  3.528	 93.710	 56.300       
  4.615	 91.317	 53.509       
  4.373	 92.149	 49.805       
  5.443	 90.489	 46.549       
  8.909	 92.014	 47.118       
  8.939	 89.641	 50.104       
  7.996	 86.395	 48.400       
 11.302	 84.522	 48.419       
 13.174	 81.733	 50.168       
 14.731	 82.286	 53.592       
 17.632	 80.265	 54.945       
 18.745	 80.292	 58.517       
 22.422	 79.353	 58.797       
 25.104	 78.502	 61.290       
 28.818	 78.807	 60.755       
 31.662	 76.815	 62.217       
 35.380	 76.659	 62.971       
 36.757	 79.559	 60.939       
 33.709	 80.613	 58.902       
 30.158	 81.460	 58.568       
 27.522	 79.653	 56.538       
 28.908	 76.201	 57.033       
 25.450	 74.830	 57.671       
 22.219	 75.753	 55.942       
 18.590	 75.271	 56.775       
 16.435	 73.723	 54.083       
 15.071	 77.167	 53.167       
 11.443	 78.283	 53.450       
  9.485	 79.493	 50.477       
  7.208	 82.342	 51.358       
  4.514	 83.204	 48.900       
  2.568	 86.413	 49.630       
 -0.785	 86.175	 47.880       
 -4.536	 86.316	 48.205       
 -4.692	 83.198	 46.037       
 -6.075	 80.165	 47.819       
 -3.995	 77.070	 48.341       
 -5.244	 74.248	 46.097       
 -3.914	 70.683	 45.742       
 -2.591	 69.315	 42.439       
 -4.278	 66.913	 40.033       
 -1.837	 64.392	 38.737       
 -2.554	 62.735	 35.407       
 -0.266	 59.888	 34.241       
  1.298	 60.006	 30.789       
  1.855	 56.643	 29.088       
  2.755	 56.183	 25.409       
 -0.332	 55.910	 23.229       
 -1.535	 52.564	 21.823       
 -0.841	 54.248	 18.506       
  2.847	 54.132	 19.562       
  5.848	 52.193	 18.283       
  8.799	 50.406	 19.830       
 12.196	 52.084	 20.436       
 15.346	 50.978	 22.215       
 14.271	 53.015	 25.210       
 10.891	 54.060	 26.517       
  9.840	 57.309	 28.121       
  6.896	 57.931	 30.432       
  6.142	 60.704	 32.851       
  3.078	 62.301	 34.339       
  1.859	 65.830	 34.758       
  0.901	 67.794	 37.865       
 -1.727	 70.394	 37.163       
 -3.577	 73.271	 38.840       
 -2.101	 73.505	 42.335       
 -1.049	 76.286	 44.634       
  1.211	 77.404	 46.042       
  4.702	 76.399	 45.065       
  6.436	 74.017	 45.529       
  5.811	 70.421	 44.633       
  8.227	 67.540	 44.733       
  8.027	 64.510	 42.523       
  9.969	 61.278	 42.412       
  9.733	 58.035	 40.518       
  9.310	 54.720	 42.269       
  9.835	 56.515	 45.535       
 13.242	 57.825	 44.481       
 14.668	 54.535	 43.148       
 14.572	 56.038	 39.676       
 16.801	 59.099	 39.599       
 18.698	 58.685	 36.340       
 16.730	 59.638	 33.252       
 14.136	 61.743	 35.027       
 13.484	 65.311	 33.974       
 11.134	 67.416	 36.048       
 10.216	 70.718	 34.547       
  9.947	 74.090	 36.246       
  6.326	 74.928	 36.967       
  4.346	 77.630	 35.170       
  1.775	 79.895	 36.745       
 -1.593	 79.769	 35.002       
 -3.911	 82.384	 36.462       
 -3.069	 81.611	 40.095       
 -2.444	 77.910	 39.536       
  0.849	 76.228	 38.906       
  1.331	 73.227	 36.734       
  4.420	 71.194	 35.910       
  5.391	 67.882	 34.381       
  8.054	 65.243	 34.880       
  9.247	 62.531	 32.506       
 11.289	 59.369	 32.835       
 12.995	 57.016	 30.418       
 14.001	 53.363	 30.719       
 14.889	 50.128	 28.888       
 11.892	 49.111	 26.781       
 12.502	 45.777	 28.480       
 11.910	 47.015	 32.046       
  8.455	 48.414	 31.227       
  5.749	 47.477	 31.595       
  7.266	 44.152	 32.522       
  8.342	 45.900	 35.704       
  6.337	 48.627	 37.373       
  6.844	 52.381	 37.294       
  5.074	 55.043	 39.289       
  5.532	 58.743	 40.059       
  5.215	 59.957	 43.631       
  4.132	 63.551	 43.667       
  4.038	 65.476	 46.941       
  2.553	 68.895	 47.707       
  3.272	 69.535	 51.416       
  1.511	 72.869	 51.094       
 -1.881	 71.103	 50.762       
 -0.774	 68.163	 52.899       
 -1.320	 65.909	 49.902       
  0.670	 63.077	 48.383       
 -0.271	 61.197	 45.263       
  1.048	 58.155	 43.473       
  0.130	 57.350	 39.897       
  1.221	 54.056	 38.430       
  2.022	 54.540	 34.794       
  0.248	 51.696	 33.085       
  0.175	 51.002	 29.328       
 -2.870	 52.783	 27.982       
 -5.210	 50.287	 26.315       
 -8.130	 50.738	 23.906       
BRIEF 1FSK L 220              
 38.507	 33.048	 11.653       
 38.081	 36.798	 11.604       
 35.089	 37.757	  9.493       
 32.972	 40.697	  8.376       
 29.460	 39.536	  7.592       
 27.165	 41.701	  5.485       
 23.909	 41.216	  3.479       
 24.321	 40.647	 -0.217       
 21.637	 43.054	 -1.368       
 19.517	 46.017	 -0.351       
 16.725	 47.519	 -2.431       
 15.460	 50.916	 -1.488       
 12.986	 53.444	 -2.789       
 14.739	 56.677	 -3.722       
 14.800	 58.934	 -0.692       
 14.429	 56.116	  1.804       
 16.844	 55.411	  4.622       
 19.329	 52.651	  3.890       
 21.086	 50.752	  6.620       
 24.167	 48.713	  5.971       
 24.997	 46.267	  8.714       
 28.386	 44.611	  9.097       
 28.838	 42.031	 11.823       
 32.309	 41.227	 13.149       
 33.506	 37.908	 14.569       
 36.788	 36.147	 15.231       
 38.430	 39.161	 16.871       
 37.909	 41.743	 19.609       
 35.487	 44.142	 17.934       
 36.417	 47.207	 20.012       
 40.119	 46.855	 19.378       
 39.897	 47.521	 15.634       
 38.830	 50.156	 13.143       
 36.185	 49.564	 10.458       
 36.756	 51.235	  7.128       
 33.933	 51.613	  4.722       
 34.659	 51.794	  1.037       
 32.032	 52.180	 -1.675       
 32.369	 51.058	 -5.281       
 30.119	 51.601	 -8.270       
 29.840	 49.089	-11.163       
 33.192	 49.065	-12.960       
 34.579	 52.030	-11.062       
 37.419	 52.924	 -8.745       
 37.112	 52.468	 -5.011       
 36.108	 55.289	 -2.701       
 37.060	 55.592	  0.945       
 33.873	 56.449	  2.757       
 35.092	 56.982	  6.302       
 36.176	 54.985	  9.329       
 35.024	 54.372	 12.845       
 36.760	 52.892	 15.816       
 34.209	 51.100	 17.970       
 34.660	 51.388	 21.774       
 34.694	 55.201	 21.751       
 32.973	 55.425	 18.375       
 35.583	 57.903	 17.061       
 35.032	 58.601	 13.344       
 36.502	 60.267	 10.248       
 34.439	 60.969	  7.146       
 35.590	 61.468	  3.582       
 34.254	 64.874	  2.619       
 32.035	 63.626	 -0.243       
 29.860	 61.798	  2.277       
 30.096	 64.163	  5.218       
 26.340	 64.640	  5.428       
 25.053	 61.731	  3.319       
 26.471	 58.865	  5.365       
 26.572	 58.037	  9.061       
 28.721	 55.336	 10.625       
 27.852	 53.898	 14.022       
 28.298	 50.674	 15.953       
 26.617	 48.490	 18.517       
 29.282	 47.174	 20.828       
 26.905	 44.620	 22.384       
 26.168	 42.700	 19.162       
 29.613	 43.706	 17.945       
 28.510	 45.014	 14.570       
 28.868	 48.309	 12.685       
 26.430	 50.174	 10.540       
 26.798	 52.602	  7.700       
 23.655	 54.596	  7.104       
 22.856	 56.415	  3.914       
 20.341	 59.196	  3.802       
 18.117	 60.199	  0.909       
 19.462	 57.622	 -1.589       
 19.543	 58.177	 -5.350       
 20.906	 56.291	 -8.369       
 24.297	 57.904	 -7.615       
 24.085	 55.760	 -4.468       
 23.319	 52.382	 -5.998       
 26.624	 50.566	 -5.548       
 28.357	 47.944	 -3.439       
 29.601	 48.769	  0.058       
 32.385	 46.898	  1.811       
 33.180	 47.205	  5.448       
 36.828	 46.340	  6.118       
 39.283	 45.715	  8.893       
 43.027	 46.031	  8.664       
 45.746	 44.194	 10.515       
 49.384	 44.149	 11.599       
 50.915	 46.911	  9.484       
 48.049	 47.766	  7.116       
 44.534	 48.534	  6.411       
 42.100	 46.545	  4.298       
 43.466	 43.158	  5.172       
 39.975	 41.789	  5.606       
 36.903	 42.537	  3.536       
 33.218	 42.068	  4.082       
 31.321	 40.290	  1.338       
 30.016	 43.641	  0.050       
 26.371	 44.723	 -0.073       
 24.671	 45.678	 -3.285       
 22.304	 48.549	 -2.824       
 19.833	 49.191	 -5.565       
 17.802	 52.415	 -5.251       
 14.619	 52.001	 -7.265       
 10.853	 52.111	 -7.280       
 10.911	 48.836	 -9.211       
  9.404	 45.926	 -7.335       
 11.449	 42.909	 -6.402       
 10.426	 39.908	 -8.528       
 11.813	 36.350	 -8.494       
 13.431	 34.759	-11.557       
 11.981	 32.158	-13.911       
 14.545	 29.583	-14.798       
 14.138	 27.676	-18.041       
 16.542	 24.781	-18.786       
 18.403	 24.664	-22.089       
 19.132	 21.193	-23.476       
 20.358	 20.472	-27.019       
 17.477	 19.995	-29.431       
 16.429	 16.537	-30.681       
 17.400	 17.981	-34.043       
 20.981	 17.996	-32.664       
 24.097	 16.011	-33.525       
 26.914	 14.385	-31.597       
 30.233	 16.152	-30.826       
 33.223	 15.228	-28.699       
 31.872	 17.465	-25.968       
 28.381	 18.554	-25.044       
 27.167	 21.900	-23.788       
 24.025	 22.648	-21.801       
 23.038	 25.583	-19.670       
 19.847	 27.240	-18.580       
 18.566	 30.775	-18.535       
 17.320	 32.950	-15.681       
 14.746	 35.450	-16.805       
 12.731	 38.421	-15.515       
 13.891	 38.932	-11.932       
 14.718	 41.894	 -9.766       
 16.839	 43.148	 -8.252       
 20.409	 42.121	 -8.845       
 22.113	 39.806	 -8.057       
 21.597	 36.142	 -8.728       
 24.017	 33.312	 -8.199       
 24.037	 30.125	-10.189       
 26.007	 26.920	 -9.883       
 25.962	 23.544	-11.542       
 25.415	 20.359	 -9.588       
 25.634	 22.402	 -6.431       
 29.111	 23.678	 -7.280       
 30.675	 20.321	 -8.233       
 30.872	 21.559	-11.802       
 33.077	 24.636	-11.916       
 35.256	 24.007	-14.955       
 33.558	 24.702	-18.270       
 30.805	 26.898	-16.889       
 30.220	 30.368	-18.263       
 27.681	 32.585	-16.566       
 26.874	 35.753	-18.384       
 26.426	 39.238	-16.974       
 22.749	 40.076	-16.637       
 20.917	 42.606	-18.796       
 18.197	 44.946	-17.628       
 14.999	 44.644	-19.644       
 12.541	 47.324	-18.594       
 13.067	 46.837	-14.852       
 13.764	 43.113	-15.075       
 17.112	 41.436	-15.287       
 17.810	 38.290	-17.176       
 20.977	 36.250	-17.568       
 22.104	 32.843	-18.756       
 24.732	 30.288	-17.827       
 26.152	 27.425	-19.878       
 28.181	 24.326	-19.135       
 30.110	 21.822	-21.212       
 31.113	 18.219	-20.548       
 32.185	 14.868	-22.046       
 29.393	 13.654	-24.323       
 29.877	 10.466	-22.333       
 28.963	 11.958	-18.934       
 25.583	 13.241	-20.156       
 22.863	 12.294	-19.956       
 24.317	  9.070	-18.651       
 25.097	 11.066	-15.528       
 22.929	 13.880	-14.252       
 23.415	 17.628	-14.568       
 21.456	 20.399	-12.940       
 21.813	 24.160	-12.412       
 21.174	 25.629	 -8.987       
 20.063	 29.198	 -9.312       
 19.667	 31.361	 -6.218       
 18.095	 34.804	 -5.843       
 18.477	 35.728	 -2.144       
 16.728	 39.003	 -2.868       
 13.387	 37.168	 -3.362       
 14.327	 34.413	 -0.921       
 14.065	 31.933	 -3.776       
 16.204	 29.025	 -4.896       
 15.557	 26.905	 -7.938       
 17.049	 23.758	 -9.371       
 16.457	 22.679	-12.944       
 17.701	 19.300	-14.057       
 18.814	 19.523	-17.635       
 17.222	 16.532	-19.272       
 17.484	 15.562	-22.960       
 14.555	 17.195	-24.697       
 12.390	 14.548	-26.369       
  9.691	 14.777	-29.051       
