BRIEF 1G7H C 129              
 47.096	-21.905	 19.856  1.155
 44.396	-21.707	 17.214 -0.513
 43.443	-18.177	 16.421 -0.534
 39.964	-17.065	 15.411 -1.231
 40.072	-15.377	 11.976  0.829
 39.372	-11.861	 13.255  1.459
 41.832	-12.150	 16.097  0.040
 44.508	-13.294	 13.677  0.828
 43.522	-10.385	 11.368  1.137
 43.760	 -7.753	 14.096 -0.717
 47.160	 -9.145	 15.172 -0.757
 48.414	 -8.996	 11.535  0.862
 47.118	 -5.514	 11.021 -1.024
 48.988	 -4.481	 14.223 -2.375
 52.162	 -5.890	 12.833 -2.319
 51.940	 -3.906	  9.585  0.904
 50.707	 -6.706	  7.238 -0.935
 47.763	 -4.748	  5.905 -0.390
 48.679	 -3.690	  2.380 -0.417
 52.227	 -4.842	  2.934 -0.343
 53.893	 -4.723	 -0.471 -0.556
 50.366	 -4.026	 -1.725 -0.052
 48.876	 -7.241	 -0.351 -0.848
 45.451	 -6.692	  1.249  0.109
 45.108	 -8.029	  4.784  0.172
 42.800	-10.868	  3.756 -0.134
 45.601	-12.495	  1.756  0.435
 47.547	-13.064	  4.962  1.086
 44.609	-14.550	  6.897  0.261
 43.679	-16.791	  3.992  1.476
 47.321	-18.031	  3.757  0.971
 47.373	-18.785	  7.556  0.744
 44.106	-20.679	  7.171 -0.657
 45.347	-22.949	  4.425 -0.130
 48.925	-23.331	  5.724  1.125
 48.361	-24.077	  9.383  1.488
 44.631	-23.849	  9.878 -1.077
 45.396	-20.909	 12.158 -0.398
 47.438	-23.110	 14.484  0.463
 50.576	-21.361	 15.753  1.330
 52.141	-24.753	 16.542 -2.369
 51.636	-26.322	 13.137  0.976
 54.598	-28.286	 11.872 -0.355
 55.106	-30.173	  8.620  0.698
 57.767	-32.693	  7.793 -1.015
 58.815	-32.397	  4.116  0.373
 60.589	-34.905	  1.802 -0.927
 64.054	-33.531	  2.543  0.448
 65.378	-32.763	  6.000 -0.271
 62.967	-29.806	  5.897  1.159
 60.134	-28.921	  8.256 -0.055
 57.629	-25.994	  7.981  0.975
 56.864	-24.085	 11.150  0.841
 54.021	-22.364	 12.972  1.481
 51.242	-20.164	 11.729  1.047
 52.771	-19.313	  8.309  1.142
 54.602	-22.585	  8.043  1.488
 58.059	-21.110	  7.586  1.439
 60.637	-23.517	  6.131  1.255
 63.607	-24.800	  8.222  0.839
 65.877	-25.126	  5.161 -0.545
 65.830	-21.464	  4.172 -0.613
 64.319	-19.148	  6.725  1.177
 64.597	-20.319	 10.271  1.483
 67.187	-22.577	 11.769 -0.208
 66.026	-25.722	 13.440 -0.243
 69.505	-27.246	 13.328 -2.014
 68.001	-30.546	 12.302 -1.880
 67.662	-29.680	  8.611 -1.052
 70.331	-30.567	  6.062 -1.001
 71.501	-27.150	  4.883 -1.911
 69.847	-24.246	  6.712 -0.214
 70.348	-20.741	  5.376 -1.289
 68.399	-19.217	  8.238  1.122
 67.680	-16.186	  6.026 -0.809
 65.344	-14.927	  8.703  1.483
 68.112	-15.359	 11.274 -0.620
 65.764	-16.934	 13.744 -0.146
 65.377	-20.318	 15.412 -0.602
 62.404	-22.299	 13.938  1.460
 61.049	-22.810	 17.414 -0.291
 60.740	-19.002	 17.674 -0.841
 58.070	-19.365	 15.030  0.670
 56.101	-21.936	 17.087 -0.077
 54.674	-19.232	 19.379 -0.180
 51.295	-17.757	 20.427  0.256
 52.684	-14.310	 19.690  0.497
 53.070	-13.879	 15.919  1.069
 55.762	-11.149	 15.865 -1.018
 58.494	-13.498	 14.809 -0.345
 56.401	-15.227	 12.158  0.665
 55.311	-11.904	 10.781  0.328
 58.807	-10.410	 10.796 -2.374
 60.140	-13.378	  8.895  1.476
 57.182	-13.269	  6.473  1.006
 57.959	 -9.579	  5.769  0.305
 61.498	-10.682	  5.005 -0.662
 60.179	-13.345	  2.652  0.918
 57.834	-10.924	  0.796 -0.507
 60.306	 -8.532	 -0.728 -1.004
 58.050	 -7.467	 -3.536 -0.141
 54.494	 -7.651	 -4.860 -0.350
 54.740	-11.302	 -5.876 -0.259
 56.235	-12.494	 -2.647  1.122
 53.143	-14.265	 -1.385  0.679
 53.911	-17.032	 -3.837 -1.120
 56.254	-18.130	 -0.995  0.970
 53.172	-19.864	  0.286  1.212
 52.023	-22.566	 -2.000  0.066
 48.562	-22.631	 -0.326  0.472
 48.059	-18.919	 -0.857  0.945
 48.925	-19.117	 -4.548 -2.233
 46.780	-22.206	 -5.074 -1.089
 43.879	-21.477	 -2.710 -0.715
 43.756	-17.774	 -2.120  1.475
 45.108	-15.876	 -5.068 -1.075
 42.149	-14.989	 -7.239 -0.137
 39.481	-15.508	 -4.567 -0.503
 37.650	-12.948	 -2.435 -0.741
 40.245	-13.035	  0.345  0.566
 38.546	 -9.968	  1.886 -0.069
 35.816	-12.449	  2.877 -0.965
 38.156	-13.654	  5.700  0.052
 38.236	-10.299	  7.400 -0.204
 34.814	 -8.793	  6.618 -0.998
 32.892	 -8.118	  9.801 -0.656
 36.074	 -8.241	 11.899  1.479
 36.467	 -5.298	 14.227 -1.690
 39.898	 -3.925	 13.528 -0.199
BRIEF 1G7H A 107              
 24.724	 -0.731	 -2.223       
 27.355	  1.691	 -0.965       
 27.112	  4.758	 -3.124       
 29.869	  7.272	 -3.601       
 29.355	 10.966	 -3.826       
 32.231	 12.546	 -5.748       
 32.812	 16.275	 -6.039       
 33.224	 18.692	 -7.518       
 31.681	 17.757	-10.903       
 34.153	 19.915	-12.774       
 37.277	 21.842	-11.757       
 39.029	 24.564	-13.764       
 42.710	 24.813	-12.765       
 45.998	 26.210	-13.951       
 49.196	 24.158	-14.304       
 51.137	 24.507	-11.120       
 47.946	 24.656	 -9.083       
 46.923	 22.150	 -6.423       
 43.443	 20.636	 -6.493       
 41.448	 18.213	 -4.377       
 38.759	 15.813	 -5.523       
 36.651	 14.197	 -2.859       
 34.593	 11.006	 -2.676       
 32.234	 10.360	  0.224       
 30.946	  6.791	  0.700       
 27.427	  6.121	  1.949       
 28.904	  3.436	  4.158       
 32.264	  2.621	  5.658       
 34.437	  1.178	  2.943       
 37.422	  0.375	  5.196       
 39.959	  2.037	  2.964       
 39.178	 -0.157	 -0.078       
 39.020	  2.754	 -2.459       
 40.802	  3.373	 -5.732       
 41.154	  6.317	 -7.976       
 41.409	  6.310	-11.772       
 42.193	  8.923	-14.303       
 40.614	  8.796	-17.732       
 42.047	 11.024	-20.388       
 40.148	 12.028	-23.566       
 39.222	  8.783	-25.312       
 41.325	  6.281	-23.302       
 40.464	  3.549	-20.815       
 40.622	  4.561	-17.191       
 44.068	  4.066	-15.657       
 44.675	  3.099	-12.056       
 46.266	  5.895	-10.008       
 45.769	  4.991	 -6.351       
 44.508	  1.926	 -4.572       
 43.730	  1.183	 -0.929       
 43.278	  4.901	 -0.376       
 46.944	  5.884	 -0.458       
 49.109	  3.614	 -2.499       
 50.171	  5.078	 -5.824       
 50.134	  2.583	 -8.588       
 53.412	  1.822	-10.292       
 54.528	  4.559	-12.602       
 52.216	  7.162	-11.121       
 53.908	 10.466	-10.295       
 54.127	 11.385	 -6.644       
 52.270	 14.651	 -7.165       
 49.135	 12.535	 -6.667       
 48.291	 11.690	 -3.092       
 45.289	  9.950	 -1.649       
 43.944	 10.174	  1.869       
 40.753	  9.229	  3.613       
 39.624	  6.674	  6.154       
 36.070	  5.751	  7.092       
 33.767	  7.495	  4.597       
 35.378	 10.618	  3.203       
 38.227	 10.151	  0.677       
 40.377	 12.646	 -1.278       
 42.713	 12.651	 -4.186       
 45.051	 15.605	 -4.192       
 47.130	 16.681	 -7.124       
 49.980	 19.003	 -6.250       
 51.363	 21.269	 -8.944       
 49.176	 20.013	-11.753       
 50.800	 19.279	-15.076       
 49.375	 19.491	-18.611       
 48.920	 15.723	-18.727       
 46.841	 15.724	-15.568       
 43.720	 17.211	-17.102       
 40.983	 14.681	-17.875       
 38.490	 12.886	-15.704       
 38.815	 11.171	-12.367       
 36.681	  8.533	-10.741       
 36.772	  6.809	 -7.375       
 35.515	  3.256	 -6.918       
 35.079	  1.231	 -3.722       
 35.950	 -2.472	 -3.242       
 34.443	 -2.884	  0.238       
 32.106	 -5.642	 -0.962       
 30.015	 -6.421	 -4.063       
 28.471	 -4.661	 -5.781       
 31.283	 -2.181	 -6.358       
 30.279	  1.337	 -7.489       
 32.146	  4.411	 -8.824       
 31.834	  8.016	 -7.967       
 30.172	 10.224	-10.527       
 33.434	 11.629	-11.776       
 35.184	 14.945	-11.746       
 36.260	 16.630	-14.903       
 39.505	 18.475	-14.456       
 40.019	 21.121	-17.075       
 42.260	 23.971	-18.197       
 41.608	 27.401	-16.749       
BRIEF 1G7H B 116              
 52.490	 -8.505	-21.059       
 49.031	 -8.111	-19.559       
 46.376	 -7.528	-22.238       
 42.614	 -7.426	-22.187       
 40.806	 -7.069	-25.541       
 37.029	 -6.807	-25.820       
 35.059	 -8.010	-28.909       
 31.337	 -7.349	-29.172       
 28.555	 -7.068	-31.813       
 28.647	 -3.301	-31.975       
 24.953	 -2.800	-32.660       
 22.050	 -4.793	-31.284       
 18.277	 -4.428	-30.854       
 15.975	 -4.907	-27.816       
 14.929	 -8.217	-29.304       
 18.309	-10.017	-29.311       
 20.831	-10.726	-26.601       
 24.412	 -9.501	-26.345       
 27.564	-11.368	-25.617       
 30.791	 -9.403	-25.309       
 34.077	-11.268	-25.211       
 37.158	-10.372	-23.177       
 40.287	-12.123	-24.470       
 43.091	-11.793	-21.949       
 46.785	-12.431	-22.197       
 49.823	-12.186	-19.941       
 48.010	-13.833	-17.016       
 45.883	-16.761	-15.942       
 42.177	-16.396	-15.261       
 42.564	-18.736	-12.339       
 44.617	-16.212	-10.518       
 42.679	-13.032	-11.081       
 39.174	-11.691	-11.264       
 37.927	 -9.816	-14.351       
 35.355	 -7.055	-13.892       
 33.001	 -5.625	-16.514       
 32.402	 -1.908	-16.423       
 30.589	  0.368	-18.885       
 30.530	  3.982	-19.737       
 27.428	  5.559	-21.378       
 28.088	  8.367	-23.828       
 29.291	 11.410	-21.950       
 28.562	  9.647	-18.678       
 30.636	  8.152	-15.807       
 31.688	  4.569	-15.157       
 29.210	  1.937	-14.208       
 30.049	 -1.358	-12.579       
 28.326	 -4.447	-14.079       
 29.794	 -7.451	-12.341       
 32.810	 -9.713	-12.175       
 33.980	-13.243	-12.098       
 36.698	-14.262	 -9.519       
 39.591	-16.546	-10.266       
 37.572	-19.341	 -8.671       
 34.681	-18.850	-11.052       
 32.306	-17.227	 -8.603       
 30.447	-14.236	 -9.912       
 29.005	-11.059	 -8.522       
 26.747	 -8.599	-10.303       
 25.439	 -5.059	-10.180       
 22.254	 -5.560	 -8.130       
 20.087	 -3.577	-10.538       
 21.255	 -5.430	-13.666       
 21.852	 -8.776	-11.984       
 18.827	-10.510	-13.693       
 19.830	 -9.513	-17.222       
 23.463	-10.469	-16.776       
 25.570	-13.512	-16.894       
 29.376	-13.689	-16.748       
 31.349	-16.806	-17.532       
 34.858	-17.659	-18.710       
 36.880	-20.369	-20.315       
 40.200	-20.629	-18.466       
 41.800	-22.560	-21.312       
 40.733	-20.146	-23.960       
 41.729	-17.201	-21.754       
 38.338	-15.687	-22.364       
 35.739	-14.057	-20.226       
 32.161	-13.444	-21.476       
 29.581	-10.834	-20.576       
 26.130	-12.093	-21.632       
 23.299	 -9.566	-21.347       
 19.620	 -9.645	-22.351       
 16.401	 -7.628	-22.240       
 18.378	 -4.796	-23.849       
 17.280	 -1.177	-23.539       
 18.644	  1.871	-25.355       
 20.155	  2.855	-22.022       
 22.571	 -0.131	-22.429       
 24.251	  1.898	-25.166       
 27.776	  2.355	-23.833       
 31.454	  1.595	-24.083       
 31.974	 -1.793	-22.430       
 35.294	 -2.598	-20.684       
 36.701	 -5.705	-19.085       
 39.412	 -4.887	-16.507       
 41.625	 -7.191	-14.481       
 41.184	 -7.190	-10.746       
 44.376	 -7.705	 -8.804       
 43.706	 -7.791	 -5.061       
 40.985	 -5.084	 -4.931       
 42.028	 -2.769	 -7.688       
 41.485	 -2.808	-11.481       
 44.998	 -2.582	-12.682       
 44.692	 -3.314	-16.350       
 41.726	 -2.328	-18.510       
 40.857	 -3.323	-22.019       
 40.363	 -0.699	-24.771       
 36.554	 -1.032	-24.432       
 34.034	 -1.976	-27.240       
 31.258	  0.469	-28.136       
 27.778	 -1.062	-28.156       
 24.641	  0.616	-29.467       
 21.166	 -0.596	-28.656       
 18.632	  0.330	-31.374       
 14.913	 -0.404	-31.852       
