BRIEF 1G7I C 129              
 47.281	-21.169	 20.376  1.155
 44.486	-21.103	 17.808 -0.513
 43.658	-17.596	 16.704 -0.534
 40.205	-16.558	 15.608 -1.231
 40.338	-14.990	 12.128  0.829
 39.455	-11.560	 13.506  1.459
 41.879	-11.758	 16.412  0.040
 44.643	-12.707	 13.948  0.828
 43.640	-10.056	 11.416  1.137
 43.858	 -7.440	 14.169 -0.717
 47.283	 -8.678	 15.327 -0.757
 48.720	 -8.799	 11.784  0.862
 47.463	 -5.271	 11.121 -1.024
 49.080	 -4.057	 14.348 -2.375
 52.316	 -5.664	 13.062 -2.319
 52.283	 -3.877	  9.715  0.904
 51.023	 -6.533	  7.284 -0.935
 48.045	 -4.507	  6.049 -0.390
 48.972	 -3.619	  2.484 -0.417
 52.604	 -4.620	  3.167 -0.343
 54.279	 -4.701	 -0.285 -0.556
 50.803	 -4.133	 -1.715 -0.052
 49.190	 -7.210	 -0.136 -0.848
 45.812	 -6.516	  1.476  0.109
 45.417	 -7.812	  5.030  0.172
 43.158	-10.684	  3.960 -0.134
 45.994	-12.351	  2.038  0.435
 47.981	-12.819	  5.245  1.086
 45.017	-14.120	  7.275  0.261
 44.125	-16.505	  4.431  1.476
 47.713	-17.780	  4.135  0.971
 47.830	-18.405	  7.907  0.744
 44.546	-20.338	  7.703 -0.657
 45.809	-22.680	  4.977 -0.130
 49.369	-22.908	  6.276  1.125
 48.728	-23.485	  9.971  1.488
 44.948	-23.322	 10.365 -1.077
 45.574	-20.385	 12.731 -0.398
 47.756	-22.412	 15.104  0.463
 50.927	-20.798	 16.427  1.330
 52.357	-24.213	 17.434 -2.369
 51.796	-25.681	 13.951  0.976
 54.554	-27.861	 12.496 -0.355
 54.938	-29.924	  9.333  0.698
 57.875	-32.131	  8.396 -1.015
 58.317	-32.057	  4.622  0.373
 59.661	-34.826	  2.367 -0.927
 63.054	-33.063	  2.412  0.448
 64.541	-32.687	  5.918 -0.271
 63.069	-29.201	  6.306  1.159
 60.206	-28.571	  8.694 -0.055
 57.823	-25.579	  8.657  0.975
 57.048	-23.745	 11.881  0.841
 54.426	-21.514	 13.454  1.481
 51.364	-19.609	 12.269  1.047
 53.059	-18.839	  8.931  1.142
 54.938	-22.113	  8.497  1.488
 58.448	-20.678	  8.188  1.439
 60.805	-23.127	  6.390  1.255
 63.908	-24.489	  8.197  0.839
 66.099	-24.902	  5.109 -0.545
 65.799	-21.300	  4.004 -0.613
 64.452	-19.007	  6.665  1.177
 64.863	-20.244	 10.202  1.483
 67.440	-22.511	 11.775 -0.208
 66.102	-25.612	 13.558 -0.243
 69.584	-27.132	 13.712 -2.014
 68.460	-30.367	 12.036 -1.880
 68.044	-29.280	  8.436 -1.052
 70.750	-29.857	  5.808 -1.001
 71.448	-26.886	  3.556 -1.911
 70.058	-24.474	  6.214 -0.214
 70.467	-20.854	  5.058 -1.289
 68.684	-19.180	  7.994  1.122
 67.873	-16.052	  5.952 -0.809
 65.616	-14.642	  8.691  1.483
 68.506	-15.167	 11.053 -0.620
 66.310	-16.657	 13.766 -0.146
 65.917	-20.040	 15.519 -0.602
 62.779	-21.840	 14.302  1.460
 61.751	-22.466	 17.927 -0.291
 61.406	-18.691	 18.286 -0.841
 58.531	-18.922	 15.771  0.670
 56.171	-21.098	 17.810 -0.077
 54.695	-18.470	 20.115 -0.180
 51.328	-16.926	 21.078  0.256
 52.887	-13.580	 20.101  0.497
 53.159	-13.405	 16.297  1.069
 56.035	-10.873	 16.242 -1.018
 58.917	-13.158	 15.276 -0.345
 56.850	-14.842	 12.575  0.665
 55.583	-11.536	 11.153  0.328
 59.115	-10.133	 11.182 -2.374
 60.421	-13.100	  9.285  1.476
 57.470	-13.020	  6.868  1.006
 58.381	 -9.387	  6.119  0.305
 61.963	-10.415	  5.255 -0.662
 60.528	-13.094	  3.000  0.918
 58.202	-10.781	  1.133 -0.507
 60.688	 -8.396	 -0.435 -1.004
 58.348	 -7.388	 -3.276 -0.141
 54.883	 -7.824	 -4.833 -0.350
 55.330	-11.498	 -5.724 -0.259
 56.687	-12.514	 -2.347  1.122
 53.542	-14.164	 -0.983  0.679
 54.232	-16.918	 -3.505 -1.120
 56.635	-18.091	 -0.771  0.970
 53.606	-19.823	  0.706  1.212
 52.333	-22.618	 -1.531  0.066
 49.063	-22.584	  0.411  0.472
 48.572	-18.937	 -0.499  0.945
 49.411	-19.280	 -4.197 -2.233
 47.084	-22.219	 -4.673 -1.089
 44.338	-21.598	 -2.108 -0.715
 44.176	-17.824	 -1.542  1.475
 45.329	-16.224	 -4.756 -1.075
 42.289	-15.860	 -6.999 -0.137
 39.884	-15.828	 -4.054 -0.503
 38.150	-13.107	 -2.052 -0.741
 40.782	-12.902	  0.699  0.566
 39.018	 -9.832	  2.094 -0.069
 36.181	-12.198	  3.094 -0.965
 38.460	-13.341	  5.889  0.052
 38.456	 -9.891	  7.500 -0.204
 35.015	 -8.395	  6.860 -0.998
 33.091	 -7.986	 10.081 -0.656
 36.326	 -7.958	 12.076  1.479
 36.999	 -4.870	 14.120 -1.690
 40.313	 -3.332	 13.053 -0.199
BRIEF 1G7I A 107              
 24.819	 -1.243	 -1.755       
 27.498	  1.287	 -0.920       
 27.217	  4.400	 -3.087       
 30.085	  6.820	 -3.697       
 29.503	 10.546	 -3.891       
 32.305	 12.249	 -5.802       
 32.635	 16.076	 -5.779       
 33.135	 18.299	 -7.691       
 31.705	 17.308	-11.058       
 34.199	 19.657	-12.789       
 37.362	 21.528	-11.857       
 38.975	 24.313	-13.818       
 42.603	 24.913	-12.926       
 45.947	 25.901	-14.368       
 49.221	 24.005	-14.500       
 51.008	 24.566	-11.201       
 47.825	 24.707	 -9.138       
 46.859	 22.143	 -6.556       
 43.448	 20.499	 -6.684       
 41.442	 18.128	 -4.458       
 38.623	 15.673	 -5.233       
 36.505	 14.002	 -2.574       
 34.648	 10.741	 -2.545       
 32.497	  9.851	  0.394       
 30.911	  6.429	  0.745       
 27.393	  5.755	  1.986       
 28.921	  3.113	  4.229       
 32.344	  2.324	  5.672       
 34.624	  0.917	  2.931       
 37.563	  0.356	  5.273       
 40.252	  1.870	  3.002       
 39.331	 -0.187	 -0.007       
 39.166	  2.811	 -2.319       
 41.032	  3.227	 -5.584       
 41.336	  6.116	 -8.020       
 41.575	  6.126	-11.789       
 42.451	  8.746	-14.350       
 40.942	  8.616	-17.818       
 42.085	 10.791	-20.691       
 39.813	 11.584	-23.652       
 39.382	  8.513	-25.861       
 41.265	  6.182	-23.500       
 40.571	  3.508	-20.875       
 40.757	  4.344	-17.169       
 44.228	  3.936	-15.650       
 44.891	  3.025	-12.033       
 46.488	  5.811	-10.026       
 45.970	  4.976	 -6.373       
 44.792	  1.857	 -4.562       
 44.017	  1.024	 -0.945       
 43.479	  4.742	 -0.333       
 47.090	  5.992	 -0.299       
 49.337	  3.763	 -2.433       
 50.408	  5.202	 -5.766       
 50.382	  2.756	 -8.644       
 53.734	  2.102	-10.340       
 54.860	  5.033	-12.437       
 52.396	  7.484	-10.921       
 54.081	 10.818	-10.051       
 54.305	 11.649	 -6.362       
 52.392	 14.894	 -6.882       
 49.341	 12.651	 -6.541       
 48.389	 11.612	 -3.010       
 45.325	  9.862	 -1.687       
 43.953	 10.078	  1.814       
 40.918	  8.943	  3.796       
 39.384	  6.355	  6.087       
 35.947	  5.055	  6.976       
 33.540	  6.899	  4.724       
 35.537	  9.883	  3.510       
 38.361	  9.965	  0.984       
 40.149	 12.443	 -1.289       
 42.676	 12.591	 -4.117       
 45.053	 15.568	 -4.133       
 47.089	 16.619	 -7.161       
 49.940	 18.902	 -6.107       
 51.087	 21.363	 -8.768       
 49.193	 19.627	-11.554       
 50.764	 19.254	-15.006       
 49.524	 19.148	-18.650       
 49.175	 15.358	-18.579       
 46.910	 15.480	-15.490       
 43.983	 17.021	-17.340       
 41.171	 14.580	-17.916       
 38.694	 12.660	-15.753       
 39.071	 10.946	-12.373       
 36.925	  8.289	-10.717       
 37.025	  6.670	 -7.355       
 35.913	  3.041	 -6.907       
 35.394	  1.051	 -3.715       
 36.254	 -2.641	 -3.282       
 34.563	 -3.417	  0.010       
 32.641	 -6.612	 -0.623       
 30.241	 -6.558	 -3.600       
 28.731	 -4.953	 -5.498       
 31.465	 -2.438	 -6.251       
 30.520	  1.087	 -7.395       
 32.301	  4.130	 -8.857       
 32.057	  7.779	 -7.858       
 30.357	 10.117	-10.357       
 33.638	 11.286	-11.867       
 35.364	 14.656	-11.982       
 36.448	 16.472	-15.118       
 39.722	 18.380	-14.490       
 39.912	 21.093	-17.171       
 42.471	 23.701	-18.271       
 41.429	 27.196	-17.124       
BRIEF 1G7I B 116              
 52.891	 -8.361	-20.661       
 49.422	 -8.255	-19.091       
 46.829	 -7.623	-21.843       
 43.016	 -7.651	-22.146       
 40.904	 -7.043	-25.290       
 37.134	 -7.021	-25.598       
 35.267	 -8.359	-28.642       
 31.553	 -7.907	-29.221       
 28.482	 -7.664	-31.539       
 28.668	 -3.909	-32.081       
 24.941	 -3.337	-32.719       
 22.389	 -5.693	-31.163       
 18.616	 -5.878	-31.513       
 16.717	 -4.865	-28.328       
 14.736	 -7.943	-29.365       
 17.910	 -9.977	-28.661       
 20.722	-10.785	-26.177       
 24.343	 -9.651	-25.716       
 27.638	-11.553	-25.596       
 31.032	 -9.922	-25.076       
 34.361	-11.706	-24.955       
 37.466	-10.559	-23.074       
 40.625	-12.322	-24.279       
 43.514	-11.984	-21.806       
 47.235	-12.858	-21.905       
 50.271	-12.445	-19.674       
 48.516	-13.967	-16.641       
 46.388	-16.901	-15.532       
 42.664	-16.292	-15.024       
 42.905	-18.636	-12.051       
 44.918	-16.123	-10.083       
 43.191	-12.831	-10.827       
 39.612	-11.597	-11.017       
 38.210	 -9.861	-14.113       
 35.643	 -7.039	-13.761       
 33.274	 -5.757	-16.414       
 32.680	 -2.010	-16.458       
 30.698	  0.109	-18.900       
 30.534	  3.785	-19.761       
 27.725	  5.327	-21.817       
 29.055	  7.919	-24.310       
 30.059	 11.039	-22.404       
 29.105	  9.497	-19.057       
 30.805	  7.863	-16.098       
 31.943	  4.335	-15.350       
 29.361	  1.777	-14.160       
 30.327	 -1.488	-12.474       
 28.623	 -4.499	-14.063       
 30.165	 -7.425	-12.199       
 33.197	 -9.678	-11.816       
 34.411	-13.253	-11.954       
 37.013	-14.076	 -9.309       
 40.063	-16.209	 -9.986       
 38.219	-19.097	 -8.320       
 35.200	-18.794	-10.594       
 32.764	-17.151	 -8.168       
 30.738	-14.283	 -9.672       
 29.182	-11.105	 -8.253       
 26.982	 -8.637	-10.083       
 25.624	 -5.131	-10.135       
 22.429	 -5.440	 -7.969       
 20.053	 -3.739	-10.376       
 21.371	 -5.552	-13.467       
 21.949	 -8.960	-11.882       
 18.879	-10.558	-13.498       
 20.089	 -9.675	-16.993       
 23.764	-10.410	-16.431       
 25.827	-13.574	-16.655       
 29.642	-13.696	-16.516       
 31.596	-16.890	-17.021       
 35.035	-17.892	-18.250       
 37.239	-20.531	-19.790       
 40.570	-20.505	-17.885       
 42.303	-22.809	-20.363       
 41.306	-20.513	-23.218       
 42.093	-17.360	-21.209       
 38.686	-15.886	-22.015       
 36.024	-14.192	-19.881       
 32.487	-13.713	-21.153       
 29.740	-11.254	-20.380       
 26.207	-12.142	-21.439       
 23.440	 -9.585	-21.002       
 19.770	-10.045	-21.920       
 16.768	 -7.679	-22.272       
 18.732	 -4.994	-24.103       
 17.285	 -1.548	-23.507       
 18.644	  1.431	-25.485       
 20.307	  2.485	-22.220       
 22.728	 -0.412	-22.472       
 24.446	  1.571	-25.246       
 27.988	  2.126	-23.984       
 31.660	  1.260	-24.261       
 32.187	 -2.032	-22.405       
 35.512	 -2.809	-20.697       
 36.971	 -5.811	-18.941       
 39.738	 -5.102	-16.454       
 41.991	 -7.306	-14.415       
 41.622	 -7.112	-10.691       
 44.763	 -7.645	 -8.685       
 44.090	 -7.712	 -4.965       
 41.343	 -5.058	 -4.973       
 42.461	 -2.700	 -7.744       
 41.785	 -2.831	-11.461       
 45.360	 -2.656	-12.660       
 45.006	 -3.410	-16.350       
 42.095	 -2.467	-18.604       
 41.202	 -3.425	-22.126       
 40.627	 -0.659	-24.672       
 36.923	 -1.496	-24.611       
 34.238	 -2.332	-27.146       
 31.329	 -0.069	-28.111       
 27.817	 -1.473	-27.988       
 24.701	  0.114	-29.472       
 21.172	 -1.056	-28.677       
 19.144	 -0.544	-31.885       
 15.327	 -0.780	-32.350       
