BRIEF 1G7J C 129              
 -6.159	 15.498	 25.653  1.155
 -2.442	 15.401	 26.366 -0.513
 -0.942	 11.927	 26.438 -0.534
  2.027	 10.865	 28.529 -1.231
  4.616	  9.186	 26.286  0.829
  4.107	  5.698	 27.738  1.459
  0.328	  5.861	 27.555  0.040
  0.634	  6.904	 23.948  0.828
  3.165	  4.193	 23.185  1.137
  0.832	  1.559	 24.582 -0.717
 -2.112	  2.801	 22.485 -0.757
 -0.059	  3.022	 19.283  0.862
  1.187	 -0.489	 19.894 -1.024
 -2.337	 -1.810	 20.459 -2.375
 -3.338	 -0.168	 17.172 -2.319
 -0.551	 -1.921	 15.260  0.904
  2.146	  0.729	 14.756 -0.935
  4.991	 -1.207	 16.400 -0.390
  7.282	 -2.082	 13.468 -0.417
  4.508	 -1.087	 11.000 -0.343
  6.218	 -0.997	  7.570 -0.556
  9.441	 -1.659	  9.463 -0.052
  9.303	  1.491	 11.645 -0.848
  9.926	  0.761	 15.317  0.109
  7.398	  2.063	 17.892  0.172
  9.545	  4.962	 19.123 -0.134
  9.393	  6.630	 15.668  0.435
  5.625	  7.107	 15.980  1.086
  5.730	  8.364	 19.585  0.261
  8.582	 10.702	 18.573  1.476
  6.547	 11.963	 15.600  0.971
  3.543	 12.761	 17.863  0.744
  5.845	 14.588	 20.287 -0.657
  7.249	 16.933	 17.660 -0.130
  4.089	 17.218	 15.572  1.125
  1.438	 17.791	 18.227  1.488
  3.243	 17.597	 21.579 -1.077
  0.968	 14.619	 22.368 -0.398
 -2.161	 16.781	 22.144  0.463
 -5.092	 15.164	 20.424  1.330
 -6.591	 18.588	 19.677 -2.369
 -3.479	 20.128	 18.157  0.976
 -4.017	 22.345	 15.111 -0.355
 -1.653	 24.264	 12.822  0.698
 -2.465	 26.306	  9.730 -1.015
  0.246	 26.618	  7.100  0.373
  1.109	 29.290	  4.549 -0.927
 -0.970	 27.191	  2.109  0.448
 -4.677	 26.740	  2.723 -0.271
 -3.719	 23.518	  4.550  1.159
 -4.307	 22.830	  8.223 -0.055
 -3.023	 19.824	 10.181  0.975
 -5.175	 18.123	 12.774  0.841
 -4.809	 15.725	 15.688  1.481
 -2.143	 13.761	 17.553  1.047
 -0.389	 13.080	 14.230  1.142
 -1.226	 16.333	 12.452  1.488
 -3.068	 14.894	  9.470  1.439
 -3.126	 17.318	  6.533  1.255
 -6.407	 18.788	  5.162  0.839
 -5.260	 19.092	  1.514 -0.545
 -4.093	 15.525	  0.940 -0.613
 -5.400	 13.290	  3.665  1.177
 -8.519	 14.412	  5.514  1.483
-11.363	 16.652	  4.366 -0.208
-12.179	 19.790	  6.383 -0.243
-14.115	 21.374	  3.511 -2.014
-12.201	 24.629	  3.441 -1.880
 -9.012	 23.618	  1.707 -1.052
 -8.399	 24.196	 -2.067 -1.001
 -7.354	 21.097	 -3.969 -1.911
 -8.524	 18.727	 -1.183 -0.214
 -7.677	 15.082	 -2.039 -1.289
 -8.892	 13.318	  1.115  1.122
 -6.861	 10.156	  0.556 -0.809
 -7.820	  8.744	  3.949  1.483
-11.446	  9.322	  3.049 -0.620
-12.395	 10.925	  6.354 -0.146
-13.366	 14.325	  7.862 -0.602
-10.542	 16.093	  9.694  1.460
-13.072	 16.828	 12.451 -0.291
-13.146	 13.135	 13.121 -0.841
 -9.413	 13.178	 13.918  0.670
 -9.479	 15.269	 17.107 -0.077
-10.781	 12.787	 19.645 -0.180
 -9.084	 11.271	 22.735  0.256
 -9.345	  7.888	 21.017  0.497
 -6.387	  7.681	 18.546  1.069
 -8.017	  5.053	 16.345 -1.018
 -8.979	  7.235	 13.380 -0.345
 -5.638	  8.994	 13.409  0.665
 -3.744	  5.698	 13.446  0.328
 -6.008	  4.319	 10.713 -2.374
 -5.120	  7.275	  8.505  1.476
 -1.442	  7.153	  9.462  1.006
 -1.321	  3.567	  8.198  0.305
 -2.789	  4.599	  4.834 -0.662
 -0.153	  7.379	  4.598  0.918
  2.815	  5.090	  5.272 -0.507
  2.807	  2.462	  2.507 -1.004
  6.531	  1.702	  2.543 -0.141
  9.840	  2.461	  4.316 -0.350
 10.095	  6.122	  3.197 -0.259
  6.617	  6.723	  4.484  1.122
  7.322	  8.470	  7.776  0.679
  8.782	 11.345	  5.791 -1.120
  5.107	 12.258	  5.561  0.970
  5.771	 14.073	  8.868  1.212
  8.243	 16.966	  8.508  0.066
  8.989	 16.914	 12.237  0.472
  9.782	 13.215	 12.193  0.945
 12.130	 13.769	  9.285 -2.233
 13.828	 16.801	 10.825 -1.089
 13.738	 15.966	 14.493 -0.715
 13.299	 12.213	 14.986  1.475
 15.155	 10.510	 12.143 -1.075
 18.761	 10.076	 13.209 -0.137
 17.927	 10.156	 16.907 -0.503
 17.353	  7.414	 19.480 -0.741
 13.587	  7.210	 18.983  0.566
 13.542	  4.127	 21.231 -0.069
 14.347	  6.490	 24.117 -0.965
 10.740	  7.680	 23.935  0.052
  9.532	  4.249	 24.960 -0.204
 12.061	  2.605	 27.226 -0.998
 10.717	  1.991	 30.700 -0.656
  7.120	  2.133	 29.446  1.479
  5.105	 -0.918	 30.241 -1.690
  3.667	 -2.300	 27.063 -0.199
BRIEF 1G7J A 107              
 25.381	 -4.500	 30.421       
 22.950	 -6.986	 28.880       
 24.785	-10.086	 27.739       
 23.621	-12.561	 25.112       
 24.154	-16.278	 25.446       
 23.921	-18.057	 22.128       
 23.787	-21.862	 21.731       
 24.872	-24.230	 20.368       
 28.411	-23.188	 19.363       
 28.295	-25.527	 16.375       
 25.643	-27.552	 14.505       
 26.377	-30.332	 11.984       
 23.531	-30.634	  9.501       
 22.607	-31.821	  6.028       
 20.690	-30.017	  3.306       
 16.981	-30.479	  3.961       
 17.240	-30.666	  7.762       
 15.724	-28.084	 10.144       
 17.842	-26.478	 12.837       
 17.202	-23.973	 15.617       
 19.633	-21.546	 17.300       
 18.910	-19.909	 20.659       
 19.836	-16.558	 22.098       
 18.838	-15.557	 25.616       
 19.501	-12.088	 27.052       
 20.583	-11.467	 30.696       
 17.884	 -8.768	 30.826       
 14.660	 -8.066	 28.896       
 15.507	 -6.665	 25.430       
 11.895	 -6.008	 24.430       
 11.930	 -7.651	 20.955       
 14.998	 -5.657	 19.856       
 16.989	 -8.596	 18.615       
 18.465	 -9.124	 15.174       
 20.211	-12.046	 13.508       
 23.136	-11.993	 11.074       
 24.592	-14.652	  8.793       
 28.313	-14.587	  8.018       
 30.008	-16.561	  5.296       
 33.697	-17.521	  5.473       
 35.764	-14.456	  4.513       
 32.740	-12.146	  4.151       
 31.059	 -9.482	  6.320       
 27.983	-10.285	  8.392       
 24.700	 -9.774	  6.541       
 21.373	 -8.904	  8.140       
 18.898	-11.779	  8.226       
 16.222	-10.858	 10.752       
 15.383	 -7.715	 12.705       
 12.968	 -6.858	 15.531       
 12.819	-10.568	 16.393       
 10.635	-11.818	 13.539       
 11.011	 -9.651	 10.422       
 12.977	-11.054	  7.532       
 15.349	 -8.653	  5.905       
 14.719	 -7.962	  2.183       
 15.743	-10.873	  0.029       
 15.921	-13.412	  2.828       
 14.052	-16.651	  1.994       
 10.977	-17.536	  4.014       
 12.559	-20.769	  5.229       
 14.199	-18.556	  7.923       
 12.029	-17.591	 10.911       
 12.763	-15.749	 14.080       
 10.812	-15.776	 17.308       
 10.923	-14.842	 20.951       
 10.092	-12.151	 23.489       
 11.402	-10.788	 26.755       
 14.706	-12.568	 27.369       
 14.523	-15.558	 25.072       
 14.852	-15.730	 21.294       
 15.378	-18.335	 18.566       
 16.263	-18.474	 14.876       
 14.933	-21.445	 12.896       
 16.015	-22.603	  9.453       
 13.467	-24.975	  7.833       
 14.969	-27.434	  5.317       
 18.306	-25.661	  5.119       
 20.144	-25.202	  1.813       
 23.799	-25.094	  0.684       
 23.915	-21.284	  0.891       
 22.853	-21.472	  4.544       
 26.078	-22.953	  5.935       
 28.257	-20.403	  7.741       
 28.062	-18.562	 11.068       
 25.113	-16.865	 12.738       
 25.137	-14.152	 15.389       
 22.354	-12.495	 17.330       
 22.680	 -8.821	 18.490       
 20.369	 -6.806	 20.777       
 19.507	 -3.121	 20.385       
 17.841	 -2.384	 23.745       
 19.497	  0.842	 24.786       
 23.278	  0.872	 24.858       
 25.756	 -0.759	 24.922       
 24.741	 -3.307	 22.378       
 26.255	 -6.796	 22.489       
 26.348	 -9.916	 20.266       
 25.831	-13.538	 21.110       
 28.913	-15.768	 20.835       
 27.965	-17.152	 17.461       
 27.027	-20.517	 16.020       
 28.757	-22.340	 13.171       
 26.396	-24.329	 10.911       
 28.518	-26.899	  9.065       
 27.856	-29.657	  6.556       
 27.388	-33.092	  8.130       
BRIEF 1G7J B 112              
 23.594	  2.327	 -3.609       
 24.254	  2.327	  0.134       
 27.985	  1.706	  0.640       
 30.500	  1.798	  3.468       
 34.288	  1.190	  3.252       
 36.815	  1.144	  6.089       
 40.352	  2.572	  5.728       
 42.979	  2.021	  8.371       
 46.683	  1.811	  9.479       
 47.074	 -1.951	  9.070       
 49.891	 -2.404	 11.600       
 50.325	 -0.109	 14.603       
 46.874	  6.266	 18.959       
 45.028	  4.814	 15.985       
 42.297	  6.074	 13.692       
 40.137	  4.178	 11.264       
 37.966	  5.863	  8.707       
 34.610	  4.715	  7.372       
 33.660	  6.358	  4.092       
 30.035	  6.076	  3.164       
 27.791	  6.878	  0.227       
 24.177	  6.483	 -0.823       
 22.746	  8.033	  2.368       
 23.251	 10.972	  4.722       
 25.050	 10.466	  8.040       
 22.578	 12.941	  9.549       
 19.759	 10.372	  9.234       
 21.426	  7.096	 10.150       
 23.742	  5.710	 12.826       
 27.063	  4.049	 12.093       
 28.266	  1.311	 14.436       
 31.801	 -0.022	 14.776       
 32.196	 -3.763	 15.292       
 35.333	 -5.921	 15.387       
 36.195	 -9.588	 14.992       
 39.500	-11.122	 15.968       
 40.840	-13.800	 13.558       
 38.654	-16.922	 13.836       
 36.527	-15.343	 16.586       
 33.127	-13.717	 17.086       
 31.792	-10.168	 16.653       
 32.396	 -7.575	 19.358       
 30.418	 -4.285	 19.493       
 32.707	 -1.233	 19.902       
 30.361	  1.732	 19.790       
 28.229	  3.939	 17.575       
 27.532	  7.486	 16.502       
 23.858	  8.373	 15.966       
 22.654	 10.518	 13.093       
 22.385	 13.391	 15.616       
 26.008	 13.095	 16.695       
 25.509	 11.432	 20.083       
 27.965	  8.591	 20.761       
 27.761	  5.416	 22.874       
 30.497	  2.897	 23.599       
 31.360	 -0.605	 24.688       
 31.565	 -0.118	 28.471       
 34.845	 -2.030	 29.012       
 36.502	 -0.125	 26.161       
 34.928	  3.321	 26.667       
 38.086	  4.950	 28.037       
 40.107	  4.033	 24.923       
 37.568	  4.752	 22.211       
 36.447	  7.902	 20.516       
 34.028	  8.014	 17.583       
 33.344	 11.199	 15.620       
 32.250	 12.107	 12.121       
 32.165	 14.761	  9.423       
 28.665	 14.786	  7.903       
 29.789	 16.941	  4.985       
 32.525	 14.511	  3.976       
 30.420	 11.439	  4.639       
 33.093	 10.034	  6.860       
 32.989	  8.423	 10.281       
 36.066	  7.922	 12.467       
 37.010	  5.426	 15.138       
 39.928	  6.493	 17.323       
 41.513	  4.122	 19.807       
 44.306	  4.790	 22.286       
 46.444	  2.686	 24.633       
 46.472	 -0.014	 21.945       
 46.858	 -3.649	 23.012       
 47.616	 -6.924	 21.193       
 44.038	 -7.995	 22.142       
 42.958	 -5.260	 19.663       
 44.197	 -7.261	 16.659       
 41.108	 -7.890	 14.518       
 39.084	 -7.003	 11.446       
 37.255	 -3.720	 12.106       
 33.877	 -3.107	 10.424       
 31.695	 -0.033	 10.243       
 28.035	 -0.697	  9.604       
 24.994	  1.465	  8.974       
 22.193	  1.278	 11.539       
 18.693	  1.755	 10.219       
 16.173	  1.880	 13.027       
 17.801	 -0.705	 15.285       
 19.317	 -3.114	 12.786       
 22.697	 -3.008	 11.056       
 21.569	 -3.240	  7.461       
 24.696	 -2.535	  5.418       
 28.262	 -3.397	  6.434       
 31.681	 -2.548	  5.026       
 34.119	 -5.280	  3.949       
 36.214	 -4.426	  6.975       
 39.855	 -3.456	  7.519       
 42.441	 -5.635	  9.254       
 44.403	 -4.271	 12.164       
 47.437	 -5.778	 13.808       
 49.021	 -4.299	 16.893       
 52.799	 -4.292	 16.282       
 53.193	 -7.443	 18.313       
