BRIEF 1G7L C 129              
 -6.106	 15.522	 25.684  1.155
 -2.376	 15.692	 26.375 -0.513
 -0.903	 12.198	 26.422 -0.534
  2.074	 11.180	 28.508 -1.231
  4.652	  9.459	 26.283  0.829
  4.179	  5.990	 27.776  1.459
  0.402	  6.323	 27.653  0.040
  0.613	  7.327	 23.984  0.828
  3.133	  4.583	 23.216  1.137
  0.903	  1.896	 24.675 -0.717
 -2.052	  3.227	 22.654 -0.757
 -0.129	  3.385	 19.361  0.862
  1.144	 -0.172	 19.897 -1.024
 -2.377	 -1.434	 20.633 -2.375
 -3.419	  0.239	 17.380 -2.319
 -0.748	 -1.624	 15.411  0.904
  1.974	  1.030	 14.908 -0.935
  4.840	 -0.836	 16.551 -0.390
  7.064	 -1.779	 13.591 -0.417
  4.386	 -0.761	 11.057 -0.343
  6.108	 -0.733	  7.643 -0.556
  9.231	 -1.501	  9.684 -0.052
  9.050	  1.709	 11.718 -0.848
  9.858	  1.040	 15.401  0.109
  7.261	  2.373	 17.837  0.172
  9.447	  5.209	 19.074 -0.134
  9.290	  6.894	 15.650  0.435
  5.523	  7.362	 16.007  1.086
  5.737	  8.684	 19.567  0.261
  8.583	 11.021	 18.559  1.476
  6.551	 12.226	 15.563  0.971
  3.583	 12.994	 17.845  0.744
  5.883	 14.885	 20.240 -0.657
  7.205	 17.257	 17.588 -0.130
  3.977	 17.486	 15.619  1.125
  1.395	 18.055	 18.347  1.488
  3.417	 17.805	 21.568 -1.077
  1.055	 14.920	 22.371 -0.398
 -2.044	 17.169	 22.263  0.463
 -5.013	 15.452	 20.588  1.330
 -6.602	 18.855	 19.936 -2.369
 -3.525	 20.405	 18.303  0.976
 -4.372	 22.407	 15.187 -0.355
 -2.179	 24.511	 12.921  0.698
 -2.896	 26.637	  9.874 -1.015
 -0.158	 26.910	  7.237  0.373
  0.508	 29.600	  4.610 -0.927
 -1.551	 27.608	  2.108  0.448
 -5.178	 27.104	  3.052 -0.271
 -4.003	 23.891	  4.715  1.159
 -4.540	 23.158	  8.380 -0.055
 -3.069	 20.177	 10.236  0.975
 -5.204	 18.377	 12.824  0.841
 -4.728	 16.026	 15.745  1.481
 -2.022	 14.141	 17.585  1.047
 -0.343	 13.460	 14.210  1.142
 -1.207	 16.734	 12.490  1.488
 -3.015	 15.282	  9.462  1.439
 -3.101	 17.760	  6.530  1.255
 -6.434	 19.040	  5.156  0.839
 -5.276	 19.492	  1.558 -0.545
 -4.166	 15.916	  1.026 -0.613
 -5.440	 13.644	  3.775  1.177
 -8.619	 14.790	  5.509  1.483
-11.456	 17.085	  4.449 -0.208
-12.105	 20.128	  6.636 -0.243
-14.240	 22.015	  4.107 -2.014
-12.105	 25.163	  4.227 -1.880
 -9.202	 23.987	  2.062 -1.052
 -8.884	 24.627	 -1.698 -1.001
 -7.681	 21.610	 -3.661 -1.911
 -8.595	 19.078	 -0.962 -0.214
 -7.826	 15.451	 -1.889 -1.289
 -9.020	 13.811	  1.344  1.122
 -7.006	 10.635	  0.720 -0.809
 -7.969	  9.154	  4.087  1.483
-11.632	  9.624	  3.231 -0.620
-12.411	 11.247	  6.600 -0.146
-13.483	 14.604	  8.146 -0.602
-10.636	 16.540	  9.762  1.460
-12.941	 17.061	 12.749 -0.291
-12.963	 13.310	 13.227 -0.841
 -9.237	 13.571	 14.019  0.670
 -9.437	 15.691	 17.168 -0.077
-10.535	 13.115	 19.719 -0.180
 -8.989	 11.563	 22.843  0.256
 -9.344	  8.267	 20.974  0.497
 -6.374	  8.015	 18.564  1.069
 -8.166	  5.470	 16.366 -1.018
 -9.034	  7.750	 13.414 -0.345
 -5.631	  9.450	 13.413  0.665
 -3.721	  6.150	 13.482  0.328
 -5.966	  4.710	 10.774 -2.374
 -5.244	  7.700	  8.533  1.476
 -1.551	  7.537	  9.502  1.006
 -1.468	  3.913	  8.344  0.305
 -2.864	  5.013	  4.960 -0.662
 -0.260	  7.768	  4.664  0.918
  2.648	  5.408	  5.375 -0.507
  2.311	  2.930	  2.534 -1.004
  5.981	  1.921	  2.535 -0.141
  9.210	  2.020	  4.512 -0.350
  9.824	  5.680	  3.662 -0.259
  6.332	  6.888	  4.448  1.122
  7.099	  8.626	  7.759  0.679
  8.749	 11.345	  5.707 -1.120
  5.134	 12.519	  5.396  0.970
  5.812	 14.272	  8.714  1.212
  8.380	 17.071	  8.420  0.066
  9.001	 17.097	 12.161  0.472
  9.825	 13.405	 12.009  0.945
 12.296	 13.661	  9.148 -2.233
 13.961	 16.705	 10.709 -1.089
 13.744	 16.018	 14.430 -0.715
 13.224	 12.278	 14.892  1.475
 15.085	 10.489	 12.111 -1.075
 18.704	 10.182	 13.121 -0.137
 17.868	 10.356	 16.841 -0.503
 17.290	  7.614	 19.405 -0.741
 13.517	  7.527	 18.969  0.566
 13.463	  4.429	 21.216 -0.069
 14.305	  6.834	 24.072 -0.965
 10.711	  8.016	 23.867  0.052
  9.494	  4.598	 24.993 -0.204
 12.108	  2.949	 27.227 -0.998
 10.662	  2.413	 30.685 -0.656
  7.073	  2.485	 29.396  1.479
  5.066	 -0.624	 30.317 -1.690
  3.988	 -2.216	 27.039 -0.199
BRIEF 1G7L A 107              
 24.925	 -4.260	 30.851       
 22.765	 -6.699	 28.914       
 24.614	 -9.827	 27.830       
 23.424	-12.289	 25.193       
 23.940	-16.014	 25.482       
 23.698	-17.682	 22.067       
 23.535	-21.473	 21.596       
 24.618	-23.853	 20.233       
 28.164	-22.809	 19.306       
 27.937	-24.969	 16.200       
 25.412	-27.093	 14.332       
 26.015	-29.916	 11.860       
 23.053	-30.346	  9.558       
 22.069	-31.477	  6.086       
 20.137	-29.603	  3.401       
 16.423	-30.098	  3.942       
 16.784	-30.298	  7.729       
 15.304	-27.731	 10.120       
 17.456	-26.016	 12.750       
 16.909	-23.564	 15.618       
 19.365	-21.125	 17.196       
 18.584	-19.465	 20.514       
 19.593	-16.194	 22.084       
 18.616	-15.212	 25.600       
 19.457	-11.827	 27.102       
 20.411	-11.237	 30.731       
 17.785	 -8.490	 30.638       
 14.497	 -7.750	 28.863       
 15.379	 -6.392	 25.416       
 11.790	 -5.685	 24.380       
 11.902	 -7.415	 20.985       
 14.806	 -5.284	 19.823       
 16.807	 -8.235	 18.619       
 18.234	 -8.737	 15.136       
 19.947	-11.679	 13.486       
 22.815	-11.622	 11.002       
 24.337	-14.277	  8.770       
 28.063	-14.255	  7.940       
 29.728	-16.306	  5.202       
 33.433	-17.150	  5.426       
 35.471	-14.079	  4.500       
 32.432	-11.839	  4.096       
 30.786	 -9.105	  6.132       
 27.793	 -9.971	  8.332       
 24.469	 -9.389	  6.579       
 21.114	 -8.548	  8.134       
 18.601	-11.417	  8.226       
 15.936	-10.431	 10.731       
 15.188	 -7.299	 12.744       
 12.884	 -6.480	 15.647       
 12.668	-10.223	 16.410       
 10.416	-11.418	 13.595       
 10.811	 -9.246	 10.473       
 12.788	-10.664	  7.574       
 15.122	 -8.271	  5.806       
 14.454	 -7.641	  2.109       
 15.405	-10.614	 -0.020       
 15.622	-13.060	  2.866       
 13.759	-16.325	  2.086       
 10.665	-17.171	  4.113       
 12.255	-20.408	  5.385       
 13.894	-18.114	  7.944       
 11.654	-17.236	 10.887       
 12.483	-15.328	 14.050       
 10.544	-15.344	 17.284       
 10.778	-14.408	 20.928       
  9.886	-11.816	 23.524       
 11.196	-10.461	 26.786       
 14.488	-12.218	 27.439       
 14.368	-15.204	 25.110       
 14.596	-15.388	 21.326       
 15.295	-17.833	 18.526       
 15.969	-18.108	 14.821       
 14.666	-21.100	 12.898       
 15.638	-22.194	  9.397       
 13.151	-24.616	  7.832       
 14.595	-26.982	  5.201       
 17.961	-25.246	  5.248       
 19.730	-24.733	  1.933       
 23.376	-24.803	  0.730       
 23.637	-21.014	  0.890       
 22.462	-21.095	  4.515       
 25.669	-22.663	  5.819       
 27.985	-20.219	  7.566       
 27.731	-18.209	 10.817       
 24.877	-16.496	 12.640       
 24.873	-13.830	 15.375       
 22.095	-12.147	 17.286       
 22.429	 -8.529	 18.454       
 20.216	 -6.487	 20.786       
 19.267	 -2.831	 20.381       
 17.712	 -2.229	 23.804       
 19.327	  1.038	 24.862       
 22.953	  1.608	 24.013       
 25.619	 -0.576	 25.099       
 24.624	 -2.981	 22.288       
 26.140	 -6.496	 22.296       
 26.039	 -9.615	 20.101       
 25.456	-13.232	 20.955       
 28.522	-15.475	 20.811       
 27.728	-16.865	 17.371       
 26.691	-20.181	 15.886       
 28.512	-22.019	 13.108       
 25.997	-23.904	 10.961       
 28.063	-26.463	  9.090       
 27.343	-29.253	  6.611       
 26.834	-32.695	  8.082       
BRIEF 1G7L B 110              
 23.436	  2.413	 -3.639       
 24.021	  2.635	  0.115       
 27.759	  2.031	  0.649       
 30.335	  2.046	  3.488       
 34.118	  1.529	  3.256       
 36.642	  1.345	  6.062       
 40.143	  2.860	  5.701       
 42.800	  2.153	  8.294       
 46.497	  2.245	  9.341       
 46.823	 -1.495	  8.855       
 49.325	 -1.847	 11.693       
 50.085	  0.255	 14.776       
 46.683	  5.981	 18.752       
 44.611	  4.067	 16.178       
 42.520	  5.857	 13.541       
 40.030	  4.244	 11.142       
 37.822	  6.042	  8.648       
 34.422	  4.958	  7.374       
 33.511	  6.585	  4.073       
 29.851	  6.350	  3.168       
 27.629	  7.215	  0.208       
 24.024	  6.698	 -0.823       
 22.584	  8.284	  2.325       
 23.071	 11.185	  4.716       
 24.847	 10.665	  8.025       
 22.419	 13.152	  9.544       
 19.650	 10.606	  9.072       
 21.291	  7.359	 10.154       
 23.532	  6.034	 12.859       
 26.847	  4.353	 12.099       
 28.094	  1.555	 14.354       
 31.637	  0.242	 14.694       
 32.023	 -3.491	 15.180       
 35.176	 -5.609	 15.251       
 35.942	 -9.291	 14.872       
 39.205	-10.859	 16.046       
 40.684	-13.444	 13.649       
 38.423	-16.485	 13.559       
 36.283	-15.002	 16.363       
 32.854	-13.453	 16.873       
 31.541	 -9.902	 16.584       
 32.129	 -7.312	 19.305       
 30.208	 -4.008	 19.475       
 32.564	 -0.991	 19.803       
 30.194	  1.970	 19.705       
 28.087	  4.249	 17.574       
 27.428	  7.787	 16.470       
 23.762	  8.631	 15.965       
 22.558	 10.783	 13.107       
 22.333	 13.667	 15.603       
 25.969	 13.392	 16.639       
 25.387	 11.642	 19.956       
 27.736	  8.772	 20.701       
 27.648	  5.643	 22.858       
 30.371	  3.097	 23.537       
 31.236	 -0.410	 24.582       
 31.290	 -0.053	 28.405       
 34.614	 -1.840	 28.863       
 36.340	 -0.014	 25.990       
 34.802	  3.451	 26.384       
 37.835	  5.115	 27.965       
 39.910	  4.072	 24.936       
 37.452	  4.953	 22.174       
 36.438	  8.129	 20.437       
 33.915	  8.188	 17.603       
 33.259	 11.319	 15.587       
 32.119	 12.268	 12.123       
 31.995	 14.911	  9.428       
 28.505	 14.966	  7.887       
 29.696	 17.127	  4.978       
 32.359	 14.645	  3.919       
 30.199	 11.629	  4.625       
 32.869	 10.269	  6.904       
 32.820	  8.647	 10.318       
 35.917	  8.069	 12.400       
 36.982	  5.582	 15.020       
 39.862	  6.437	 17.342       
 41.280	  3.923	 19.786       
 44.348	  4.499	 21.962       
 46.382	  2.162	 24.175       
 46.404	 -0.516	 21.479       
 47.202	 -4.076	 22.525       
 47.541	 -7.485	 20.913       
 43.886	 -8.043	 21.798       
 42.866	 -5.182	 19.471       
 43.961	 -7.164	 16.428       
 40.818	 -7.785	 14.392       
 38.789	 -6.836	 11.370       
 37.077	 -3.517	 11.985       
 33.691	 -2.819	 10.435       
 31.544	  0.260	 10.232       
 27.833	 -0.425	  9.641       
 24.817	  1.746	  8.995       
 22.092	  1.550	 11.570       
 18.621	  2.113	 10.320       
 15.995	  2.181	 13.038       
 17.641	 -0.460	 15.266       
 19.186	 -2.881	 12.750       
 22.553	 -2.678	 11.007       
 21.326	 -2.888	  7.410       
 24.479	 -2.231	  5.384       
 28.043	 -3.147	  6.365       
 31.400	 -2.155	  4.943       
 33.781	 -4.918	  3.852       
 35.890	 -4.141	  6.903       
 39.603	 -3.464	  7.357       
 42.047	 -5.743	  9.181       
 44.186	 -4.232	 11.956       
 47.210	 -5.706	 13.758       
 48.589	 -4.098	 16.912       
