BRIEF 1G7M C 129              
 -6.075	 16.052	 25.596  1.155
 -2.345	 16.104	 26.364 -0.513
 -0.748	 12.661	 26.501 -0.534
  2.179	 11.534	 28.606 -1.231
  4.799	  9.697	 26.537  0.829
  4.105	  6.232	 27.989  1.459
  0.352	  6.708	 27.664  0.040
  0.650	  7.641	 23.996  0.828
  3.083	  4.751	 23.403  1.137
  0.720	  2.208	 24.943 -0.717
 -2.126	  3.529	 22.772 -0.757
 -0.081	  3.530	 19.566  0.862
  1.099	  0.001	 20.280 -1.024
 -2.507	 -1.168	 20.707 -2.375
 -3.303	  0.304	 17.298 -2.319
 -0.485	 -1.574	 15.582  0.904
  2.145	  1.130	 15.068 -0.935
  4.969	 -0.827	 16.696 -0.390
  7.208	 -1.877	 13.797 -0.417
  4.595	 -0.792	 11.248 -0.343
  6.444	 -0.772	  7.910 -0.556
  9.606	 -1.476	  9.916 -0.052
  9.384	  1.658	 12.084 -0.848
 10.103	  1.013	 15.775  0.109
  7.533	  2.450	 18.218  0.172
  9.807	  5.276	 19.377 -0.134
  9.592	  6.949	 15.960  0.435
  5.854	  7.555	 16.278  1.086
  6.093	  8.909	 19.814  0.261
  8.981	 11.156	 18.778  1.476
  7.061	 12.479	 15.762  0.971
  4.050	 13.312	 17.960  0.744
  6.251	 15.203	 20.423 -0.657
  7.757	 17.518	 17.806 -0.130
  4.613	 17.915	 15.680  1.125
  1.918	 18.607	 18.267  1.488
  3.716	 18.315	 21.606 -1.077
  1.348	 15.429	 22.404 -0.398
 -1.744	 17.653	 22.052  0.463
 -4.723	 15.970	 20.371  1.330
 -6.387	 19.328	 19.701 -2.369
 -3.262	 20.910	 18.206  0.976
 -3.840	 22.930	 15.045 -0.355
 -1.505	 24.828	 12.741  0.698
 -2.383	 27.029	  9.774 -1.015
  0.079	 26.965	  6.884  0.373
  0.978	 29.676	  4.365 -0.927
 -1.495	 28.045	  1.987  0.448
 -5.145	 27.657	  2.953 -0.271
 -4.132	 24.330	  4.511  1.159
 -4.314	 23.375	  8.179 -0.055
 -2.700	 20.477	 10.065  0.975
 -4.903	 18.644	 12.561  0.841
 -4.399	 16.575	 15.689  1.481
 -1.721	 14.601	 17.475  1.047
  0.007	 13.814	 14.160  1.142
 -0.793	 17.070	 12.347  1.488
 -2.574	 15.563	  9.335  1.439
 -2.877	 18.054	  6.437  1.255
 -6.370	 19.143	  5.310  0.839
 -5.370	 19.546	  1.667 -0.545
 -4.354	 15.949	  1.007 -0.613
 -5.549	 13.697	  3.823  1.177
 -8.634	 14.985	  5.626  1.483
-11.481	 17.297	  4.659 -0.208
-12.316	 20.373	  6.733 -0.243
-14.384	 22.069	  4.034 -2.014
-12.217	 25.179	  3.807 -1.880
 -9.067	 24.058	  2.020 -1.052
 -8.995	 24.738	 -1.755 -1.001
 -8.635	 21.589	 -3.843 -1.911
 -8.999	 19.145	 -0.963 -0.214
 -7.914	 15.598	 -1.815 -1.289
 -9.084	 13.829	  1.351  1.122
 -7.129	 10.619	  0.657 -0.809
 -8.050	  9.237	  4.072  1.483
-11.701	 10.017	  3.418 -0.620
-12.468	 11.505	  6.829 -0.146
-13.395	 14.861	  8.476 -0.602
-10.496	 16.831	  9.995  1.460
-12.554	 17.512	 13.128 -0.291
-12.496	 13.752	 13.661 -0.841
 -8.725	 14.015	 14.105  0.670
 -9.167	 16.470	 16.980 -0.077
-10.362	 13.821	 19.443 -0.180
 -9.105	 12.221	 22.663  0.256
 -9.312	  8.922	 20.794  0.497
 -6.343	  8.620	 18.419  1.069
 -7.892	  5.761	 16.426 -1.018
 -8.817	  8.057	 13.535 -0.345
 -5.390	  9.690	 13.522  0.665
 -3.548	  6.357	 13.528  0.328
 -5.751	  4.871	 10.804 -2.374
 -4.942	  7.860	  8.602  1.476
 -1.226	  7.753	  9.437  1.006
 -1.203	  4.074	  8.442  0.305
 -2.563	  5.068	  5.039 -0.662
  0.077	  7.784	  4.711  0.918
  3.005	  5.472	  5.467 -0.507
  2.787	  3.028	  2.551 -1.004
  6.425	  1.903	  2.681 -0.141
  9.594	  1.904	  4.776 -0.350
 10.282	  5.568	  3.959 -0.259
  6.789	  6.869	  4.639  1.122
  7.522	  8.681	  7.898  0.679
  9.205	 11.390	  5.841 -1.120
  5.591	 12.574	  5.580  0.970
  6.343	 14.391	  8.839  1.212
  9.009	 17.087	  8.539  0.066
  9.591	 17.128	 12.310  0.472
 10.367	 13.414	 12.264  0.945
 12.853	 13.732	  9.410 -2.233
 14.629	 16.726	 10.936 -1.089
 14.490	 15.963	 14.656 -0.715
 13.850	 12.232	 15.158  1.475
 15.550	 10.338	 12.344 -1.075
 19.096	  9.475	 13.356 -0.137
 18.491	  9.939	 17.090 -0.503
 17.806	  7.420	 19.862 -0.741
 14.015	  7.484	 19.432  0.566
 13.775	  4.400	 21.658 -0.069
 14.581	  6.817	 24.507 -0.965
 11.010	  8.096	 24.305  0.052
  9.522	  4.748	 25.327 -0.204
 12.163	  3.159	 27.557 -0.998
 10.803	  2.458	 31.017 -0.656
  7.179	  2.568	 29.838  1.479
  4.844	 -0.318	 30.649 -1.690
  3.730	 -2.000	 27.426 -0.199
BRIEF 1G7M A 107              
 25.500	 -4.813	 30.489       
 22.952	 -7.221	 29.040       
 24.709	-10.431	 28.020       
 23.496	-12.814	 25.325       
 23.977	-16.546	 25.702       
 23.891	-18.185	 22.275       
 23.642	-21.932	 21.671       
 24.662	-24.274	 20.278       
 28.285	-23.339	 19.557       
 28.259	-25.564	 16.474       
 25.693	-27.476	 14.417       
 26.207	-30.259	 11.889       
 23.336	-30.665	  9.437       
 22.633	-31.736	  5.876       
 20.743	-29.908	  3.144       
 16.989	-30.175	  3.641       
 17.101	-30.260	  7.439       
 15.510	-27.755	  9.807       
 17.644	-26.242	 12.561       
 17.074	-23.861	 15.461       
 19.564	-21.440	 17.001       
 18.756	-19.758	 20.297       
 19.843	-16.662	 22.130       
 18.927	-15.939	 25.733       
 19.329	-12.464	 27.243       
 20.356	-11.791	 30.845       
 17.658	 -9.126	 30.884       
 14.443	 -8.245	 29.050       
 15.358	 -6.827	 25.634       
 11.764	 -6.107	 24.587       
 11.994	 -7.677	 21.102       
 14.961	 -5.509	 20.072       
 17.016	 -8.373	 18.714       
 18.524	 -8.939	 15.279       
 20.219	-11.893	 13.594       
 23.184	-11.850	 11.212       
 24.744	-14.429	  8.920       
 28.471	-14.420	  8.160       
 30.167	-16.464	  5.443       
 33.855	-17.334	  5.644       
 35.863	-14.284	  4.601       
 32.812	-12.018	  4.286       
 31.099	 -9.231	  6.224       
 28.073	-10.075	  8.387       
 24.692	 -9.636	  6.702       
 21.444	 -8.704	  8.413       
 18.842	-11.475	  8.315       
 16.156	-10.596	 10.855       
 15.432	 -7.538	 12.986       
 12.983	 -6.735	 15.793       
 12.769	-10.471	 16.519       
 10.575	-11.554	 13.587       
 11.038	 -9.227	 10.628       
 12.952	-10.507	  7.617       
 15.316	 -8.011	  6.020       
 14.958	 -7.278	  2.304       
 16.082	-10.091	  0.021       
 16.131	-12.728	  2.770       
 14.301	-15.986	  1.849       
 11.211	-16.992	  3.817       
 12.784	-20.241	  5.018       
 14.293	-18.080	  7.787       
 12.023	-17.254	 10.733       
 12.580	-15.571	 14.065       
 10.564	-15.837	 17.250       
 10.785	-14.906	 20.898       
  9.735	-12.430	 23.565       
 11.039	-11.358	 26.951       
 14.457	-13.027	 27.218       
 14.428	-16.161	 25.036       
 14.854	-15.808	 21.262       
 15.183	-18.281	 18.389       
 16.146	-18.340	 14.727       
 14.719	-21.264	 12.782       
 15.937	-22.281	  9.336       
 13.528	-24.530	  7.438       
 14.914	-26.793	  4.707       
 18.580	-25.750	  4.926       
 20.195	-24.913	  1.584       
 23.914	-25.034	  0.608       
 24.316	-21.258	  0.860       
 22.976	-21.305	  4.436       
 26.126	-22.757	  5.968       
 28.270	-20.278	  7.875       
 28.151	-18.467	 11.227       
 25.171	-16.785	 12.863       
 25.071	-14.092	 15.538       
 22.349	-12.350	 17.504       
 22.649	 -8.803	 18.854       
 20.355	 -6.769	 21.123       
 19.395	 -3.118	 20.734       
 18.021	 -2.104	 24.123       
 19.934	  1.015	 25.137       
 23.742	  0.796	 25.222       
 26.131	 -0.861	 25.204       
 24.892	 -3.351	 22.623       
 26.352	 -6.866	 22.804       
 26.441	 -9.912	 20.516       
 25.871	-13.588	 21.182       
 28.936	-15.827	 21.038       
 27.917	-17.181	 17.648       
 26.898	-20.497	 16.127       
 28.762	-22.333	 13.367       
 26.465	-24.209	 10.987       
 28.398	-26.858	  9.069       
 27.372	-29.594	  6.626       
 27.222	-33.361	  7.115       
BRIEF 1G7M B 116              
 23.840	  2.547	 -3.514       
 24.733	  2.478	  0.189       
 28.395	  1.780	  0.865       
 30.917	  1.889	  3.732       
 34.688	  1.375	  3.469       
 37.218	  1.184	  6.297       
 40.832	  2.398	  6.078       
 43.532	  1.696	  8.656       
 47.328	  1.394	  9.284       
 47.310	 -2.407	  9.418       
 50.124	 -2.575	 11.978       
 50.836	 -0.597	 15.158       
 52.862	 -0.792	 18.373       
 51.661	 -0.221	 21.941       
 53.281	  3.232	 21.755       
 51.196	  4.341	 18.765       
 47.586	  5.515	 18.794       
 45.215	  3.652	 16.476       
 43.126	  5.606	 13.990       
 40.671	  3.998	 11.574       
 38.511	  5.751	  8.998       
 35.084	  4.764	  7.706       
 34.118	  6.481	  4.446       
 30.456	  6.254	  3.512       
 28.409	  7.035	  0.412       
 24.751	  6.729	 -0.524       
 23.379	  8.289	  2.658       
 23.752	 11.247	  5.009       
 25.544	 10.840	  8.330       
 22.964	 13.166	  9.896       
 20.178	 10.657	  9.329       
 21.856	  7.438	 10.454       
 24.136	  6.210	 13.182       
 27.348	  4.310	 12.506       
 28.547	  1.472	 14.742       
 32.045	  0.078	 15.113       
 32.490	 -3.666	 15.614       
 35.582	 -5.881	 15.621       
 36.225	 -9.574	 15.265       
 39.410	-11.230	 16.602       
 40.867	-14.000	 14.397       
 38.634	-17.059	 14.689       
 36.426	-15.377	 17.307       
 33.019	-13.692	 17.392       
 31.797	-10.125	 16.923       
 32.470	 -7.535	 19.645       
 30.659	 -4.171	 19.869       
 32.987	 -1.181	 20.322       
 30.716	  1.836	 20.186       
 28.664	  4.116	 17.981       
 27.957	  7.675	 16.948       
 24.347	  8.735	 16.394       
 23.037	 10.962	 13.628       
 23.019	 13.784	 16.175       
 26.672	 13.412	 17.141       
 26.094	 11.625	 20.452       
 28.421	  8.699	 21.156       
 28.095	  5.513	 23.220       
 30.870	  3.022	 23.988       
 31.693	 -0.488	 25.131       
 31.891	 -0.338	 28.942       
 35.292	 -2.032	 29.255       
 36.852	  0.052	 26.469       
 35.343	  3.513	 26.975       
 38.536	  4.887	 28.551       
 40.523	  4.021	 25.413       
 37.900	  4.738	 22.762       
 36.947	  7.859	 20.858       
 34.556	  8.078	 17.921       
 33.954	 11.210	 15.863       
 32.710	 12.208	 12.422       
 32.732	 14.881	  9.744       
 29.339	 15.059	  8.022       
 30.690	 17.229	  5.199       
 33.358	 14.655	  4.326       
 31.063	 11.674	  4.899       
 33.654	 10.104	  7.184       
 33.493	  8.571	 10.663       
 36.611	  7.991	 12.758       
 37.580	  5.432	 15.384       
 40.524	  6.362	 17.608       
 42.150	  4.051	 20.145       
 45.137	  4.372	 22.467       
 46.895	  2.125	 24.991       
 46.910	 -0.613	 22.352       
 47.167	 -4.181	 23.631       
 47.918	 -7.414	 21.754       
 44.283	 -8.401	 22.326       
 43.306	 -5.535	 20.019       
 44.378	 -7.552	 16.976       
 41.319	 -8.116	 14.795       
 39.314	 -7.076	 11.753       
 37.464	 -3.798	 12.357       
 34.097	 -3.018	 10.745       
 31.948	  0.075	 10.595       
 28.249	 -0.504	  9.927       
 25.206	  1.664	  9.353       
 22.470	  1.583	 11.924       
 18.933	  2.224	 10.746       
 16.234	  2.122	 13.417       
 17.930	 -0.488	 15.631       
 19.519	 -2.872	 13.134       
 22.834	 -2.705	 11.299       
 21.657	 -2.971	  7.693       
 24.875	 -2.298	  5.769       
 28.437	 -3.258	  6.704       
 31.881	 -2.335	  5.424       
 34.272	 -5.012	  4.175       
 36.416	 -4.416	  7.248       
 40.127	 -3.716	  7.740       
 42.630	 -5.979	  9.494       
 44.692	 -4.583	 12.378       
 47.631	 -6.307	 14.090       
 49.210	 -5.119	 17.344       
 52.836	 -6.056	 18.029       
 55.487	 -5.173	 20.614       
