BRIEF 1G9M G 305              
 17.031	-44.248	 86.863  0.562
 20.513	-45.788	 86.824 -0.385
 22.134	-48.854	 85.216 -1.204
 25.845	-49.670	 85.533  0.173
 27.563	-50.672	 82.284 -3.483
 30.793	-52.680	 82.031  0.564
 32.611	-50.891	 79.187  0.531
 34.958	-47.994	 78.381  0.534
 33.429	-44.866	 76.839  0.562
 34.971	-41.662	 75.578 -0.435
 33.958	-38.220	 76.854  0.467
 34.734	-34.631	 75.926  0.454
 33.144	-31.770	 77.867  0.513
 34.646	-29.340	 75.372  0.245
 32.511	-30.738	 72.582  0.294
 29.544	-31.819	 74.664  0.533
 26.394	-31.216	 72.599 -0.115
 24.306	-30.862	 75.776  0.530
 26.145	-27.672	 76.745  0.499
 24.722	-25.878	 73.713 -0.020
 21.296	-27.233	 74.574  0.563
 21.390	-25.762	 78.003  0.563
 22.962	-22.599	 76.772  0.168
 20.088	-21.953	 74.385  0.392
 17.549	-23.084	 76.919  0.544
 18.841	-20.737	 79.619  0.390
 19.090	-17.853	 77.160  0.485
 15.364	-18.491	 76.604  0.495
 14.363	-18.755	 80.276  0.531
 16.106	-15.443	 80.768  0.553
 14.502	-13.569	 77.871  0.486
 11.063	-14.348	 79.277  0.269
 12.058	-13.460	 82.840  0.550
 14.453	-10.500	 83.037  0.501
 12.998	 -8.081	 80.463  0.518
 14.918	 -4.834	 79.726  0.561
 13.337	 -1.394	 79.205  0.559
 15.483	 -1.266	 76.080  0.548
 17.982	 -3.506	 74.308  0.247
 20.635	 -2.645	 71.729  0.531
 22.037	 -5.315	 69.427  0.564
 24.580	 -4.671	 66.615  0.561
 23.618	 -5.012	 62.952  0.471
 26.188	 -4.085	 60.270  0.559
 24.846	 -5.726	 57.091  0.515
 27.889	 -4.215	 55.397 -2.813
 25.556	 -1.758	 53.677 -3.488
 28.062	  0.938	 54.590 -1.191
 27.357	  2.073	 58.146 -0.108
 26.277	 -0.036	 61.129  0.489
 22.542	  0.035	 61.823  0.454
 21.531	 -0.770	 65.398  0.458
 18.387	 -2.674	 66.318  0.509
 16.613	 -1.107	 69.287  0.032
 13.677	 -2.371	 71.332  0.216
 11.663	 -0.497	 73.959  0.427
  9.402	 -2.817	 76.010  0.505
  7.663	 -3.163	 79.364  0.548
 10.077	 -3.453	 82.238  0.559
  8.226	 -5.269	 85.108  0.561
 10.418	 -5.530	 88.225  0.562
 10.959	 -9.202	 88.911 -0.338
 13.733	-11.400	 90.250  0.063
 15.193	-14.402	 88.445  0.529
 14.246	-17.376	 90.632  0.300
 16.536	-20.230	 89.577  0.561
 14.341	-23.321	 89.387  0.564
 16.220	-26.666	 89.149  0.561
 16.346	-28.204	 85.690  0.548
 16.709	-31.853	 84.737  0.528
 17.812	-32.773	 81.217  0.328
 16.554	-36.148	 80.002  0.559
 17.484	-38.013	 76.822  0.003
 16.195	-36.352	 73.636  0.561
 14.168	-38.422	 71.202  0.563
 16.340	-41.145	 69.689  0.560
 19.216	-40.760	 72.109  0.436
 20.437	-41.857	 75.533  0.516
 22.363	-40.270	 78.397  0.265
 25.595	-41.729	 79.737  0.170
 27.199	-40.635	 82.992  0.384
 30.824	-41.093	 84.049  0.524
 30.306	-42.356	 87.606 -0.508
 34.001	-41.821	 88.237 -0.500
 34.327	-39.561	 91.297  0.034
 37.114	-37.568	 89.621 -1.199
 37.002	-37.338	 85.828  0.560
 38.028	-34.438	 83.598  0.115
 35.822	-34.426	 80.504  0.560
 38.466	-35.173	 77.884 -0.491
 39.442	-38.815	 78.310  0.469
 38.114	-42.395	 78.701 -0.517
 35.686	-43.475	 81.425  0.559
 35.827	-47.112	 82.565 -1.204
 33.103	-46.711	 85.178  0.453
 30.112	-45.587	 83.103  0.515
 26.323	-46.079	 83.171  0.550
 23.123	-45.140	 81.305  0.489
 20.949	-42.603	 83.104  0.531
 17.399	-41.430	 82.498  0.486
 17.934	-37.745	 83.261  0.559
 20.792	-35.638	 84.628  0.564
 20.918	-34.412	 88.235  0.563
 19.020	-31.246	 89.093  0.560
 21.100	-28.415	 87.729  0.564
 20.702	-24.986	 89.233 -0.414
 21.213	-22.561	 86.309  0.534
 23.213	-19.542	 87.325  0.531
 24.647	-16.807	 85.216  0.531
 27.699	-15.199	 86.732  0.550
 31.416	-14.607	 86.152  0.564
 34.690	-15.730	 87.706  0.525
 32.637	-17.421	 90.433  0.531
 30.320	-20.416	 90.008  0.560
 27.617	-20.465	 92.666  0.560
 25.159	-23.070	 93.934  0.564
 26.678	-25.754	 91.777  0.560
 27.796	-29.344	 92.275  0.564
 30.847	-29.909	 94.459  0.560
 33.768	-32.286	 93.880  0.451
 33.684	-35.464	 95.982  0.478
 37.360	-36.237	 96.494 -0.467
 39.673	-33.280	 95.994 -0.370
 39.561	-29.952	 94.201 -0.113
 39.547	-30.349	 90.443  0.089
 40.754	-28.129	 87.623  0.385
 39.777	-28.664	 83.981  0.485
 40.685	-27.105	 80.624  0.550
 40.685	-27.723	 76.884 -1.099
 44.437	-27.193	 77.009  0.548
 46.290	-25.978	 80.102 -0.440
 49.239	-25.194	 77.832  0.109
 47.137	-22.586	 76.065 -0.571
 47.081	-19.538	 78.361  0.533
 44.156	-18.230	 76.374  0.101
 41.945	-21.061	 77.545  0.450
 39.691	-20.954	 80.547 -0.484
 40.475	-23.128	 83.532  0.501
 37.457	-24.526	 85.323  0.420
 37.985	-25.035	 89.034  0.531
 35.687	-27.275	 91.036  0.168
 35.824	-27.100	 94.828  0.531
 35.239	-29.933	 97.283 -0.502
 33.905	-27.535	 99.896 -1.204
 31.425	-24.658	 99.568 -1.014
 32.335	-21.081	100.487  0.279
 29.511	-18.749	101.508 -2.865
 29.248	-15.300	100.035  0.501
 26.644	-12.855	101.295  0.126
 25.813	 -9.850	 99.134  0.524
 23.455	 -6.928	 99.668  0.276
 21.902	 -4.128	 97.644 -0.029
 23.764	 -2.007	100.171  0.231
 26.888	 -2.201	 98.037  0.376
 29.090	 -5.088	 99.152  0.171
 29.570	 -8.842	 99.402  0.559
 30.823	-10.643	102.497  0.263
 33.226	-13.604	102.492 -1.101
 35.146	-15.414	105.266  0.217
 38.754	-14.340	105.061 -3.486
 39.836	-17.682	106.503 -1.204
 37.713	-20.058	104.477 -3.488
 38.704	-18.378	101.226  0.553
 42.351	-18.426	102.282 -0.122
 42.085	-22.165	102.659 -1.204
 40.375	-22.564	 99.279  0.382
 43.159	-20.678	 97.512  0.560
 45.749	-22.962	 99.094 -3.488
 43.846	-25.916	 97.679 -0.521
 43.574	-24.309	 94.226 -0.157
 47.239	-23.344	 94.145 -0.504
 48.168	-26.761	 95.471 -3.488
 46.286	-28.231	 92.502  0.450
 47.695	-25.645	 90.089  0.560
 51.316	-26.372	 90.931 -0.689
 50.230	-30.001	 90.504  0.080
 49.109	-29.392	 86.921 -0.052
 52.020	-27.118	 86.017 -0.022
 55.148	-27.041	 88.163 -3.488
 56.044	-28.172	 91.690 -3.213
 58.938	-25.782	 92.180  0.340
 56.682	-23.269	 90.426 -0.121
 55.001	-20.390	 92.286  0.410
 51.290	-19.665	 92.144  0.468
 50.292	-16.003	 92.069 -1.178
 46.721	-14.727	 92.090  0.560
 46.187	-11.272	 90.481 -0.470
 43.124	 -9.262	 89.454 -1.204
 41.445	 -9.332	 86.054  0.351
 43.656	 -7.837	 83.332  0.452
 40.813	 -5.815	 81.878  0.530
 37.848	 -5.751	 79.557  0.560
 34.096	 -5.257	 79.888  0.563
 32.704	 -4.591	 83.468 -0.249
 30.826	 -7.896	 83.646  0.562
 34.158	 -9.722	 83.090  0.405
 36.402	 -7.571	 85.245  0.163
 34.180	 -8.048	 88.276 -0.473
 32.178	-10.875	 89.809  0.439
 28.866	-10.198	 88.064  0.098
 25.549	-11.879	 88.793  0.466
 21.872	-11.114	 89.271  0.454
 20.488	-10.857	 92.816  0.559
 16.926	 -9.848	 93.574  0.127
 16.426	 -9.128	 89.879  0.560
 19.261	 -6.576	 89.869  0.562
 22.685	 -6.842	 88.238  0.529
 25.674	 -6.809	 90.590  0.529
 29.271	 -5.921	 89.786  0.394
 31.477	 -6.638	 92.740  0.559
 35.195	 -5.822	 92.831  0.040
 37.006	 -9.117	 93.386 -0.505
 40.483	 -7.661	 93.597  0.080
 40.719	 -8.527	 97.271 -1.204
 39.973	-12.175	 96.413  0.560
 42.813	-12.406	 93.903  0.560
 45.914	-10.768	 95.281  0.374
 48.130	-13.475	 96.746  0.451
 51.229	-15.611	 96.312  0.228
 51.825	-19.214	 97.303  0.361
 54.779	-21.474	 98.078 -3.488
 57.656	-18.967	 98.114 -1.204
 41.816	 -8.684	113.384 -3.488
 41.157	-11.218	110.628 -3.488
 37.600	-12.446	110.036 -1.203
 35.460	-11.316	107.112 -3.488
 36.333	 -9.863	103.717  0.297
 34.283	 -7.044	102.274 -0.063
 34.038	 -6.540	 98.509  0.442
 32.591	 -3.347	 96.966  0.066
 29.632	 -4.016	 94.653  0.524
 27.415	 -1.835	 92.549  0.206
 23.992	 -2.350	 90.965  0.564
 23.953	 -1.168	 87.364  0.157
 21.048	 -0.350	 85.055  0.506
 22.938	 -0.422	 81.739  0.285
 24.866	 -3.648	 81.129 -0.002
 26.415	 -5.760	 78.423  0.517
 24.233	 -8.658	 77.399 -0.397
 25.716	-12.127	 77.872  0.553
 23.283	-13.890	 75.540  0.563
 24.961	-12.080	 72.589 -0.489
 26.885	 -8.941	 71.733  0.515
 24.429	 -6.310	 72.848  0.560
 23.445	 -3.858	 75.538  0.339
 20.515	 -3.539	 77.918  0.548
 19.012	 -1.124	 80.376  0.428
 16.789	 -2.066	 83.302  0.560
 14.686	 -0.017	 85.691  0.563
 16.199	  1.158	 89.006  0.533
 15.693	 -0.913	 92.200  0.561
 12.388	 -0.606	 94.040  0.500
 13.192	 -2.656	 97.133 -3.488
 15.515	 -1.139	 99.721  0.560
 16.665	 -4.472	101.083 -1.204
 18.120	 -6.746	 98.447  0.548
 19.898	 -9.674	100.087 -1.204
 21.429	-12.818	 98.575  0.559
 23.436	-15.735	 99.873 -0.117
 25.171	-18.150	 97.579  0.537
 27.708	-20.915	 97.860  0.309
 30.895	-20.448	 95.921  0.548
 31.350	-23.857	 94.300  0.564
 33.701	-23.233	 91.402  0.530
 35.986	-20.693	 89.738  0.232
 36.815	-19.704	 86.140 -0.476
 40.521	-18.825	 85.887  0.442
 42.757	-17.783	 83.026  0.377
 46.571	-17.785	 82.974  0.543
 49.211	-15.268	 81.841  0.563
 51.242	-16.075	 78.731  0.499
 54.955	-15.422	 78.293  0.316
 57.490	-17.600	 76.473 -1.204
 59.972	-19.220	 78.892 -3.488
 59.782	-16.432	 81.483 -3.488
 60.658	-17.805	 84.916 -3.488
 59.508	-20.291	 87.529 -3.488
 56.072	-18.933	 88.486 -0.923
 52.530	-18.686	 87.109  0.499
 49.963	-15.905	 87.558 -0.996
 46.230	-16.610	 87.546  0.497
 43.268	-14.207	 87.128  0.524
 39.446	-14.422	 87.462  0.534
 37.791	-15.308	 84.146 -0.138
 34.329	-16.020	 82.780  0.560
 32.129	-14.469	 80.108  0.499
 31.277	-17.576	 78.155 -0.484
 28.348	-18.956	 80.141  0.530
 28.967	-22.230	 78.321 -0.116
 31.852	-22.777	 80.691  0.468
 29.305	-22.455	 83.509  0.564
 26.982	-25.075	 82.021  0.553
 30.065	-27.089	 81.138  0.543
 31.141	-27.214	 84.809  0.509
 27.937	-29.105	 85.655  0.499
 27.603	-31.159	 82.465  0.560
 31.239	-32.353	 82.273  0.527
 30.162	-35.831	 83.324  0.496
 27.347	-36.431	 80.908  0.560
 26.930	-37.051	 77.200  0.562
 24.087	-37.733	 74.780  0.467
 24.291	-40.795	 72.513  0.499
 22.365	-42.110	 69.520 -0.816
 20.425	-45.277	 70.391  0.272
 18.085	-47.669	 68.537  0.562
BRIEF 1G9M C 181              
 52.144	-13.452	 56.375       
 51.214	 -9.765	 56.181       
 52.898	 -6.467	 57.038       
 51.123	 -3.377	 58.308       
 52.619	  0.063	 58.856       
 51.429	  2.611	 61.398       
 52.108	  6.223	 62.386       
 53.192	  7.110	 65.919       
 50.242	  8.401	 67.932       
 47.820	  7.321	 65.237       
 45.348	  4.427	 65.404       
 45.965	  1.182	 63.511       
 43.434	 -1.612	 63.018       
 44.463	 -5.232	 62.457       
 41.802	 -7.430	 60.807       
 41.177	-11.140	 61.285       
 38.284	-12.839	 59.535       
 36.869	-16.295	 60.206       
 35.316	-18.735	 57.761       
 31.701	-18.340	 58.867       
 29.587	-15.310	 59.766       
 29.155	-16.385	 63.404       
 30.575	-14.692	 66.504       
 33.149	-17.270	 67.660       
 35.994	-17.328	 70.179       
 39.152	-15.401	 69.330       
 42.077	-13.668	 71.012       
 45.246	-11.837	 70.025       
 48.772	-12.347	 71.318       
 52.223	-11.023	 70.534       
 55.550	-12.647	 69.623       
 55.958	-13.847	 73.209       
 52.571	-15.482	 73.769       
 51.463	-12.341	 75.614       
 47.650	-12.090	 75.681       
 46.609	 -8.765	 74.132       
 42.900	 -8.907	 73.387       
 40.271	-11.599	 73.103       
 36.604	-12.437	 73.694       
 34.662	-14.551	 76.218       
 31.267	-15.235	 74.778       
 29.785	-11.791	 74.042       
 32.103	 -9.936	 76.398       
 35.519	 -8.548	 75.609       
 38.681	 -9.155	 77.641       
 42.188	 -7.656	 77.864       
 45.432	 -9.207	 79.004       
 48.619	 -8.309	 80.913       
 49.616	 -6.806	 77.562       
 51.675	 -3.623	 77.659       
 49.009	 -2.165	 75.377       
 46.034	 -2.811	 77.614       
 44.303	  0.592	 77.883       
 45.227	  1.318	 74.272       
 43.934	 -1.903	 72.735       
 40.384	 -2.587	 71.598       
 38.110	 -4.199	 69.016       
 34.724	 -3.721	 67.356       
 31.978	 -5.989	 68.727       
 29.722	 -4.658	 65.959       
 31.519	 -6.915	 63.476       
 31.695	-10.079	 65.638       
 28.387	-11.226	 64.181       
 30.014	-10.946	 60.726       
 32.970	-13.092	 61.682       
 35.331	-10.153	 62.009       
 37.448	 -9.747	 65.142       
 39.842	 -6.804	 64.616       
 42.426	 -5.534	 67.066       
 42.538	 -1.752	 67.019       
 45.504	 -0.150	 68.758       
 45.183	  3.610	 69.353       
 47.763	  6.270	 70.112       
 50.550	  4.220	 68.523       
 53.947	  3.882	 70.152       
 57.305	  2.567	 68.868       
 57.475	 -0.340	 71.288       
 54.165	 -1.545	 69.860       
 56.161	 -2.674	 66.848       
 56.048	 -6.455	 66.819       
 54.319	 -9.451	 65.253       
 50.761	-10.225	 66.369       
 48.725	-13.416	 66.080       
 44.959	-13.854	 65.938       
 44.000	-17.375	 67.006       
 40.428	-18.037	 65.934       
 38.551	-21.240	 65.090       
 41.865	-23.105	 65.242       
 43.909	-20.793	 63.020       
 46.751	-18.310	 63.223       
 46.481	-15.243	 60.992       
 49.891	-13.745	 61.772       
 50.814	-10.104	 61.133       
 53.922	 -7.952	 61.628       
 53.629	 -4.381	 62.907       
 56.045	 -1.534	 62.225       
 55.389	  1.806	 63.925       
 57.090	  4.925	 62.588       
 57.441	  8.527	 63.620       
 58.848	 11.532	 61.787       
 59.684	 14.871	 63.402       
 61.605	 18.062	 62.717       
 64.554	 18.742	 65.033       
 63.876	 22.492	 64.923       
 60.734	 24.597	 65.356       
 58.648	 25.416	 62.297       
 59.403	 29.144	 62.575       
 62.662	 29.172	 60.635       
 64.516	 31.764	 58.591       
 65.412	 31.798	 54.896       
 68.746	 30.062	 54.720       
 68.438	 27.920	 57.848       
 68.582	 24.127	 57.940       
 65.713	 21.667	 58.326       
 66.412	 18.233	 59.851       
 63.719	 15.573	 59.857       
 64.328	 12.675	 62.211       
 62.478	  9.404	 61.814       
 61.771	  6.856	 64.559       
 62.111	  3.175	 63.670       
 62.039	  0.153	 66.016       
 65.198	 -1.995	 66.185       
 65.790	 -4.250	 63.207       
 64.242	 -2.165	 60.420       
 65.705	 -0.397	 57.393       
 63.079	  2.077	 56.131       
 63.678	  4.536	 53.295       
 62.644	  8.118	 53.935       
 61.552	 10.571	 51.243       
 60.059	 14.001	 51.933       
 58.836	 16.546	 49.369       
 58.624	 20.311	 49.946       
 55.805	 22.535	 48.590       
 58.085	 23.862	 45.832       
 59.221	 20.344	 44.895       
 62.437	 20.066	 46.856       
 62.658	 16.399	 47.792       
 65.247	 14.634	 49.940       
 66.056	 10.992	 50.683       
 67.567	  9.525	 53.833       
 68.171	  6.340	 55.766       
 67.245	  7.664	 59.192       
 67.676	 11.406	 59.033       
 67.120	 13.869	 56.190       
 68.449	 17.414	 56.114       
 68.243	 20.518	 53.962       
 71.231	 22.821	 54.395       
 69.588	 26.071	 53.229       
 65.858	 26.725	 53.461       
 64.224	 28.737	 50.664       
 61.151	 30.903	 51.261       
 59.134	 28.770	 48.826       
 59.593	 25.866	 51.290       
 57.107	 27.370	 53.739       
 54.079	 25.088	 53.727       
 53.247	 21.387	 54.176       
 55.897	 18.732	 53.586       
 54.958	 15.280	 52.465       
 57.149	 12.463	 53.669       
 57.097	  8.789	 52.801       
 58.627	  5.864	 54.632       
 59.364	  2.690	 52.699       
 59.736	 -0.562	 54.661       
 59.050	 -4.125	 53.502       
 57.917	 -2.747	 50.149       
 55.247	 -0.863	 52.120       
 54.764	  2.877	 52.706       
 53.072	  5.493	 54.916       
 52.649	  9.278	 54.717       
 53.764	 12.060	 57.040       
 52.615	 15.688	 56.788       
 54.871	 18.181	 58.492       
 54.031	 21.860	 58.504       
 56.914	 24.292	 58.140       
 57.146	 28.090	 58.178       
 59.854	 30.335	 56.749       
 59.967	 34.105	 57.177       
 60.184	 36.353	 54.145       
 62.187	 39.362	 55.313       
 62.358	 42.750	 53.539       
 64.926	 45.329	 52.381       
BRIEF 1G9M L 214              
 -3.541	  8.344	 77.467       
 -2.420	  9.745	 80.845       
 -3.875	 13.206	 81.285       
 -3.066	 15.583	 84.145       
 -5.477	 18.363	 85.217       
 -4.912	 21.405	 87.442       
 -8.051	 22.488	 89.297       
 -7.433	 26.183	 89.916       
 -7.188	 27.657	 86.404       
 -6.302	 30.854	 88.218       
 -5.539	 31.321	 91.902       
 -6.025	 34.784	 93.316       
 -4.169	 35.044	 96.581       
 -3.260	 37.974	 98.786       
  0.455	 38.663	 99.269       
  1.855	 36.932	102.316       
 -0.996	 34.409	102.361       
 -0.688	 30.745	101.418       
 -1.720	 29.113	 98.116       
 -2.626	 25.538	 97.238       
 -2.543	 24.100	 93.726       
 -4.140	 20.766	 92.848       
 -3.215	 18.423	 90.027       
 -5.136	 15.205	 89.459       
 -4.406	 12.461	 86.880       
 -6.800	 10.300	 84.788       
 -4.733	  7.365	 85.976       
 -2.383	  6.430	 88.821       
  1.069	  7.906	 88.446       
  2.518	  6.786	 91.798       
  5.029	  9.467	 92.764       
  6.429	 10.414	 89.363       
  4.947	 13.899	 89.503       
  6.875	 17.173	 89.268       
  5.990	 20.838	 89.559       
  7.169	 23.734	 87.455       
  6.994	 27.493	 87.811       
  6.922	 29.818	 84.814       
  7.389	 33.561	 84.556       
  6.478	 35.299	 81.281       
  9.177	 35.152	 78.638       
 11.292	 32.689	 80.616       
 11.999	 28.971	 80.614       
 10.134	 26.825	 83.153       
 11.607	 26.297	 86.621       
 11.676	 22.915	 88.377       
 10.364	 23.194	 91.950       
  9.380	 19.694	 92.950       
  9.937	 16.167	 91.576       
  9.215	 12.715	 93.024       
  6.023	 14.454	 94.142       
  7.691	 15.910	 97.239       
 11.411	 16.520	 96.880       
 12.368	 20.158	 96.430       
 14.879	 20.950	 93.697       
 18.067	 22.806	 94.585       
 17.623	 26.561	 95.067       
 13.938	 26.116	 95.862       
 12.851	 27.846	 99.130       
 11.192	 25.820	101.867       
  7.916	 27.750	101.587       
  7.509	 25.604	 98.467       
  6.411	 22.007	 99.166       
  4.646	 19.116	 97.480       
  2.810	 15.993	 98.528       
  0.320	 13.397	 97.419       
  0.471	 10.288	 95.282       
 -1.611	  8.236	 92.895       
 -3.888	 10.524	 90.954       
 -4.089	 13.565	 93.196       
 -1.342	 16.051	 94.057       
 -0.846	 19.384	 95.760       
  1.547	 22.300	 95.540       
  1.620	 24.336	 98.731       
  3.415	 27.672	 99.034       
  3.548	 28.950	102.623       
  3.957	 32.737	102.568       
  3.533	 33.856	 98.981       
  6.292	 36.280	 98.081       
  6.319	 38.905	 95.360       
  8.552	 36.686	 93.242       
  6.135	 33.742	 93.540       
  3.866	 35.458	 91.024       
  3.680	 32.996	 88.108       
  2.078	 30.125	 86.288       
  2.576	 26.572	 87.627       
  2.510	 23.288	 85.721       
  2.581	 19.700	 86.967       
  4.060	 16.825	 84.952       
  3.805	 13.044	 85.261       
  6.642	 10.834	 84.040       
  5.575	  7.424	 85.281       
  4.776	  5.528	 82.071       
  7.093	  3.569	 79.890       
  7.696	  3.786	 77.012       
  8.093	  7.482	 77.944       
  4.814	  9.251	 77.055       
  5.079	 12.060	 79.606       
  2.517	 14.882	 79.849       
  1.869	 18.309	 81.426       
 -1.163	 19.864	 83.071       
 -2.902	 22.829	 81.429       
 -1.286	 24.973	 84.166       
 -2.494	 27.169	 87.078       
 -2.021	 30.938	 87.048       
 -1.290	 32.331	 90.509       
 -2.180	 35.985	 90.395       
 -1.852	 38.734	 92.982       
 -5.216	 39.461	 94.547       
 -5.997	 43.060	 95.472       
 -8.989	 45.425	 95.848       
-11.317	 46.002	 92.909       
-10.150	 48.853	 90.714       
-12.139	 50.362	 87.869       
-10.441	 51.061	 84.545       
 -9.674	 54.381	 82.892       
-11.297	 54.095	 79.484       
 -9.828	 56.014	 76.489       
-10.881	 55.986	 72.833       
 -8.532	 56.530	 69.896       
 -9.850	 57.449	 66.453       
 -7.830	 56.154	 63.470       
 -4.803	 58.369	 62.810       
 -4.851	 60.613	 59.752       
 -1.801	 58.878	 58.334       
 -3.521	 55.513	 58.617       
 -6.658	 56.613	 56.740       
 -4.245	 57.206	 53.885       
 -3.265	 53.527	 53.895       
 -6.862	 52.504	 53.238       
 -7.741	 51.213	 56.698       
 -9.128	 52.555	 59.974       
 -8.086	 51.147	 63.347       
-10.119	 52.348	 66.299       
 -8.497	 51.688	 69.654       
-10.208	 51.525	 73.063       
 -7.959	 51.458	 76.128       
 -8.990	 50.223	 79.581       
 -6.184	 51.290	 81.897       
 -5.182	 49.889	 85.356       
 -8.060	 47.795	 86.626       
 -8.680	 44.719	 88.748       
 -9.748	 42.014	 88.646       
 -8.631	 40.929	 85.136       
-12.092	 39.982	 83.898       
-13.585	 42.731	 81.748       
-16.193	 43.078	 78.984       
-15.855	 45.284	 75.899       
-18.505	 46.057	 73.270       
-18.056	 48.285	 70.231       
-21.000	 50.339	 69.052       
-21.034	 52.063	 65.682       
-24.120	 54.232	 65.357       
-25.699	 52.157	 68.119       
-24.819	 49.021	 66.139       
-23.358	 46.188	 68.213       
-20.286	 45.218	 66.220       
-18.687	 41.767	 66.328       
-15.981	 39.810	 64.505       
-13.995	 42.952	 63.628       
-12.256	 43.459	 66.998       
 -9.336	 41.861	 68.859       
 -8.521	 42.286	 72.548       
 -5.064	 42.141	 74.116       
 -4.233	 42.109	 77.855       
 -0.949	 42.982	 79.580       
  0.724	 40.927	 82.312       
 -0.319	 41.850	 85.850       
  1.543	 45.027	 86.924       
  4.374	 44.259	 89.342       
  3.806	 47.586	 91.117       
  0.074	 48.170	 91.492       
 -1.106	 44.669	 90.573       
 -3.462	 46.051	 87.969       
 -4.226	 44.987	 84.403       
 -4.677	 46.898	 81.176       
 -6.455	 45.837	 78.024       
 -6.325	 47.161	 74.468       
 -9.350	 46.565	 72.176       
 -8.861	 47.265	 68.504       
-11.669	 47.653	 66.000       
-10.593	 47.368	 62.404       
-12.338	 48.524	 59.235       
-11.565	 49.651	 55.683       
-11.440	 53.307	 54.636       
-14.907	 52.717	 53.223       
-16.794	 51.390	 56.237       
-15.261	 53.979	 58.539       
-16.088	 57.023	 56.429       
-19.583	 55.588	 56.097       
-20.535	 55.855	 59.760       
-21.018	 58.635	 62.295       
-20.527	 57.709	 65.937       
-18.000	 55.183	 67.206       
-18.353	 54.081	 70.824       
-16.678	 51.644	 73.231       
-19.023	 50.220	 75.896       
-17.001	 48.956	 78.885       
-18.213	 46.834	 81.824       
-16.220	 46.087	 84.972       
-16.864	 45.295	 88.615       
-15.510	 48.580	 89.935       
-17.628	 50.616	 87.558       
-21.182	 51.123	 88.762       
-22.809	 51.400	 85.345       
-21.155	 50.718	 81.976       
-18.704	 53.467	 81.001       
-19.106	 54.266	 77.312       
-16.589	 56.343	 75.383       
-17.328	 57.545	 71.889       
-16.291	 60.027	 69.233       
-18.082	 61.364	 66.173       
-16.244	 60.647	 62.944       
-15.068	 64.077	 61.844       
BRIEF 1G9M H 229              
 25.549	 21.985	 86.364       
 25.173	 22.163	 82.576       
 24.029	 25.257	 80.676       
 21.598	 24.957	 77.754       
 22.196	 27.357	 74.842       
 19.600	 27.135	 72.084       
 19.890	 28.208	 68.470       
 18.321	 31.387	 67.058       
 14.669	 31.889	 66.070       
 13.168	 30.142	 63.035       
 10.771	 31.409	 60.367       
  9.535	 28.691	 57.981       
  6.698	 28.154	 55.490       
  4.208	 25.396	 56.096       
  5.491	 22.107	 54.683       
  9.108	 22.997	 55.380       
 11.583	 21.270	 57.715       
 13.220	 22.745	 60.792       
 16.295	 21.722	 62.788       
 16.937	 23.422	 66.119       
 20.085	 22.794	 68.191       
 21.020	 22.963	 71.872       
 24.610	 23.206	 73.085       
 25.113	 21.815	 76.580       
 28.233	 22.655	 78.547       
 29.248	 22.408	 82.180       
 29.524	 18.689	 82.854       
 29.614	 15.250	 81.240       
 27.275	 15.315	 78.276       
 26.662	 11.516	 78.389       
 25.700	 11.614	 82.051       
 22.502	 13.543	 81.180       
 19.287	 12.818	 79.263       
 17.630	 15.517	 77.148       
 14.034	 16.371	 76.411       
 12.270	 18.824	 74.102       
  9.176	 20.761	 75.154       
  7.201	 23.146	 72.924       
  4.774	 25.872	 73.892       
  2.430	 27.746	 71.575       
  1.862	 31.423	 72.452       
 -0.760	 31.692	 75.187       
 -0.754	 27.969	 75.862       
  0.830	 25.456	 78.167       
  3.843	 23.199	 77.862       
  3.790	 20.152	 75.594       
  6.162	 17.244	 76.025       
  7.586	 16.248	 72.641       
 10.106	 13.532	 73.386       
 13.297	 12.561	 75.193       
 16.600	 10.966	 74.329       
 18.846	  8.825	 76.595       
 22.071	 10.406	 75.379       
 24.154	  7.445	 76.599       
 22.247	  4.761	 74.652       
 21.488	  7.145	 71.831       
 17.844	  6.060	 71.938       
 14.837	  8.387	 71.749       
 11.097	  8.141	 72.567       
  8.476	 10.518	 71.193       
  4.930	 11.671	 71.957       
  2.194	  9.851	 69.984       
  0.776	 12.831	 68.076       
  4.366	 13.588	 67.033       
  5.990	 10.168	 66.689       
  6.741	  9.875	 62.997       
  7.523	 13.409	 61.891       
  9.787	 14.304	 64.770       
 13.371	 13.293	 65.390       
 15.739	 13.988	 68.220       
 19.474	 13.352	 68.098       
 22.724	 14.194	 69.891       
 26.361	 14.493	 68.825       
 28.458	 13.418	 71.805       
 31.397	 15.091	 70.054       
 29.995	 18.628	 70.227       
 27.750	 18.083	 73.263       
 24.766	 19.171	 71.208       
 21.207	 17.975	 71.033       
 19.033	 18.478	 67.953       
 15.301	 18.510	 67.384       
 13.995	 18.021	 63.840       
 10.431	 18.650	 62.756       
  9.248	 17.671	 59.261       
  6.122	 18.621	 57.295       
  5.787	 21.893	 59.214       
  2.260	 22.975	 60.089       
  0.940	 26.412	 61.107       
 -0.076	 24.889	 64.471       
  3.622	 24.050	 64.970       
  4.340	 27.708	 65.563       
  5.633	 27.867	 69.128       
  8.641	 28.294	 71.317       
 10.729	 25.154	 71.534       
 12.472	 24.426	 74.776       
 15.373	 22.109	 75.218       
 15.908	 20.642	 78.720       
 17.966	 18.029	 80.540       
 18.523	 16.079	 83.758       
 21.303	 14.177	 85.490       
 20.826	 10.419	 85.340       
 23.857	  9.328	 87.354       
 27.101	  7.794	 86.110       
 25.611	  6.507	 82.846       
 29.128	  5.934	 81.584       
 29.514	  3.520	 84.484       
 26.143	  1.816	 84.033       
 24.191	  3.945	 86.520       
 21.017	  5.343	 84.997       
 18.102	  6.471	 87.159       
 16.041	  7.253	 84.078       
 14.780	 10.505	 85.570       
 11.769	 12.011	 83.838       
 11.566	 15.497	 85.401       
 13.546	 18.419	 83.908       
 16.129	 20.445	 85.911       
 18.083	 22.312	 83.257       
 16.259	 24.347	 80.609       
 17.314	 26.573	 77.772       
 16.348	 30.096	 76.734       
 14.103	 28.451	 74.153       
 13.849	 28.837	 70.373       
 10.956	 30.628	 68.672       
  9.707	 28.826	 65.585       
  7.085	 30.628	 63.530       
  5.412	 28.633	 60.748       
  3.434	 30.812	 58.313       
  2.498	 31.432	 54.701       
  3.282	 35.110	 55.345       
  6.498	 36.872	 54.289       
  8.819	 39.021	 56.373       
  7.846	 42.691	 56.715       
  8.257	 45.587	 59.082       
  5.310	 47.371	 60.688       
  3.778	 50.750	 59.876       
  3.649	 52.771	 63.089       
  0.565	 54.942	 63.609       
  0.010	 57.648	 66.272       
 -2.559	 57.481	 69.071       
 -2.958	 61.189	 69.783       
 -3.898	 62.135	 73.383       
 -7.510	 62.065	 74.571       
 -7.431	 65.803	 75.413       
-10.465	 66.239	 73.134       
-13.582	 65.477	 75.204       
-12.363	 63.806	 78.439       
-11.668	 66.207	 81.317       
 -9.003	 65.257	 83.853       
 -5.312	 65.593	 84.643       
 -3.725	 62.545	 83.005       
 -3.916	 62.017	 79.248       
 -3.426	 58.757	 77.363       
 -1.291	 58.311	 74.234       
  0.805	 55.745	 72.403       
  1.549	 53.981	 69.131       
 -0.142	 51.442	 66.880       
  2.270	 48.926	 65.352       
  0.292	 47.140	 62.606       
  0.819	 44.543	 59.852       
  4.293	 43.166	 60.613       
  5.840	 39.713	 60.416       
  7.066	 37.792	 62.126       
  7.432	 38.327	 65.891       
  8.987	 39.851	 67.825       
  9.054	 43.625	 67.893       
 10.406	 45.880	 70.636       
  8.814	 49.165	 71.652       
  9.833	 51.970	 73.950       
  9.511	 55.681	 74.559       
 11.983	 58.572	 74.339       
 14.915	 56.390	 73.443       
 14.224	 54.582	 76.696       
 14.062	 57.661	 78.901       
 10.385	 57.126	 79.549       
  9.157	 53.827	 81.023       
  6.728	 54.836	 83.764       
  3.080	 54.276	 83.023       
  3.898	 52.563	 79.721       
  1.916	 49.503	 78.615       
  3.095	 47.640	 75.516       
  0.307	 45.116	 74.918       
  1.032	 41.636	 73.640       
  0.831	 41.123	 69.905       
 -2.267	 39.735	 68.279       
 -2.449	 37.866	 64.915       
 -4.834	 39.408	 62.426       
 -6.815	 37.448	 59.808       
 -4.393	 38.725	 57.227       
 -1.781	 36.627	 58.983       
  0.180	 39.695	 60.081       
  0.856	 40.672	 63.706       
 -0.123	 43.858	 65.516       
 -0.078	 45.530	 68.905       
 -0.254	 48.846	 70.753       
  2.076	 50.598	 73.178       
  0.527	 53.212	 75.432       
  1.284	 55.480	 78.350       
 -0.715	 57.854	 80.498       
  1.140	 61.136	 81.047       
  0.021	 64.326	 82.775       
 -2.121	 66.473	 80.470       
 -0.053	 69.449	 81.573       
  3.069	 67.801	 80.171       
  1.526	 67.992	 76.703       
  2.535	 70.736	 74.303       
  5.818	 70.891	 76.196       
  7.257	 67.386	 76.679       
  7.446	 65.578	 73.337       
  6.684	 61.842	 73.379       
  8.253	 59.457	 70.875       
  7.833	 55.703	 70.585       
 10.741	 53.711	 69.185       
  9.766	 50.571	 67.256       
 12.403	 48.010	 66.402       
 11.882	 44.987	 64.141       
 15.100	 43.026	 63.481       
 13.434	 40.481	 61.175       
 12.652	 43.200	 58.655       
 15.548	 45.385	 59.790       
 12.975	 48.136	 60.371       
 13.671	 50.799	 63.005       
 10.900	 53.389	 63.340       
 10.516	 56.545	 65.424       
  7.212	 58.369	 65.647       
  6.267	 61.361	 67.813       
  2.714	 61.802	 69.099       
  1.375	 65.372	 69.084       
 -1.872	 66.366	 70.844       
 -3.417	 67.328	 67.487       
