BRIEF 1G9N G 306              
 74.706	 11.233	-10.295  0.181
 70.970	 11.458	-11.068 -1.301
 70.186	 14.123	-13.675  0.604
 67.421	 16.011	-11.856  0.603
 66.725	 18.461	 -9.018  0.576
 64.834	 17.274	 -5.914  0.617
 64.119	 18.529	 -2.395 -0.501
 65.770	 17.276	  0.761  0.556
 65.023	 17.991	  4.410  0.470
 67.156	 16.073	  6.906  0.268
 65.191	 17.779	  9.669  0.432
 62.040	 16.125	  8.416  0.186
 63.717	 13.036	  6.954  0.574
 61.648	 10.002	  7.589 -0.187
 64.544	  7.566	  7.503  0.570
 65.699	  9.094	 10.754  0.557
 62.524	  7.964	 12.492  0.044
 62.902	  4.596	 10.740  0.617
 66.409	  4.002	 12.007  0.586
 65.663	  5.477	 15.415  0.283
 62.806	  3.051	 15.929  0.455
 65.148	  0.346	 14.739  0.600
 68.039	  1.296	 17.030  0.359
 65.604	  1.170	 19.896  0.544
 64.556	 -2.323	 18.924  0.487
 68.222	 -3.084	 18.569  0.559
 68.405	 -2.124	 22.236  0.606
 65.384	 -4.020	 23.586  0.582
 67.063	 -7.352	 22.761  0.288
 70.633	 -6.510	 23.629  0.593
 70.451	 -4.216	 26.666  0.587
 67.650	 -5.240	 29.009  0.554
 67.533	 -3.393	 32.400  0.615
 66.940	 -5.261	 35.649  0.613
 64.047	 -2.830	 36.056  0.573
 62.513	 -0.181	 33.782  0.210
 60.331	  2.615	 35.104  0.503
 57.916	  4.571	 32.858  0.605
 55.118	  7.143	 33.323  0.615
 51.531	  5.979	 33.148  0.446
 48.797	  8.597	 33.480  0.580
 45.201	  8.652	 32.252  0.588
 45.520	 12.427	 32.173 -3.299
 43.995	 12.940	 35.608 -1.024
 47.301	 14.284	 36.911 -1.207
 47.962	 11.193	 39.025 -0.512
 50.742	  9.200	 37.327  0.583
 51.573	  5.664	 38.431  0.577
 54.957	  4.365	 37.356  0.484
 54.748	  1.215	 35.269  0.557
 57.546	 -1.077	 36.413  0.094
 59.081	 -4.043	 34.592  0.323
 61.667	 -6.452	 35.925  0.396
 63.428	 -8.771	 33.485  0.601
 66.740	-10.566	 33.357  0.576
 69.871	 -8.421	 33.356  0.583
 72.410	-10.409	 31.238  0.616
 75.777	 -8.676	 31.119  0.617
 76.585	 -8.406	 27.422 -0.228
 79.278	 -6.139	 26.011  0.091
 76.989	 -4.253	 23.620  0.615
 79.189	 -3.721	 20.554  0.312
 77.364	 -1.720	 17.839  0.616
 77.437	 -3.205	 14.327  0.605
 77.315	 -1.152	 11.089  0.616
 73.827	 -0.890	  9.641  0.591
 72.996	 -0.641	  5.937  0.571
 69.686	  0.782	  4.739  0.067
 68.622	 -0.565	  1.355  0.614
 65.347	  0.258	 -0.353  0.060
 63.147	 -2.823	 -0.979  0.591
 60.879	 -2.669	 -3.993  0.604
 58.792	  0.211	 -5.238  0.587
 61.273	  2.329	 -3.303  0.308
 64.516	  4.092	 -4.150  0.590
 67.022	  5.958	 -2.011  0.271
 68.228	  9.367	 -3.191  0.213
 71.569	 10.744	 -2.008  0.413
 72.852	 14.311	 -2.207  0.551
 76.436	 15.175	 -3.186 -0.173
 78.070	 18.400	 -2.044 -0.279
 81.178	 19.428	 -0.071  0.010
 78.829	 21.532	  2.022 -1.001
 75.113	 20.679	  2.035  0.531
 72.659	 22.393	  4.368  0.021
 70.704	 19.160	  4.151  0.615
 67.543	 21.241	  3.931 -0.390
 66.903	 22.408	  0.396  0.533
 67.109	 21.644	 -3.341 -1.155
 70.000	 19.286	 -4.144  0.614
 71.605	 19.579	 -7.581 -1.207
 74.041	 16.675	 -7.647  0.520
 71.555	 14.117	 -6.295  0.561
 72.040	 10.424	 -7.192  0.607
 70.065	  7.201	 -6.581  0.552
 71.805	  4.565	 -4.438  0.546
 71.002	  0.982	 -3.397  0.583
 72.061	  1.086	  0.265  0.583
 73.312	  3.998	  2.401  0.605
 76.909	  3.904	  3.683  0.602
 77.659	  1.675	  6.667  0.615
 76.377	  3.511	  9.738  0.618
 77.312	  2.400	 13.263 -0.531
 74.274	  3.352	 15.403  0.616
 76.184	  4.985	 18.228  0.561
 73.855	  6.350	 20.890  0.561
 75.428	  9.223	 22.812  0.607
 75.061	 12.848	 23.832  0.605
 77.134	 16.015	 23.260  0.584
 79.679	 14.289	 21.048  0.562
 78.898	 12.179	 17.998  0.562
 81.116	  9.165	 18.086  0.562
 82.337	  7.150	 15.159  0.605
 80.056	  8.969	 12.755  0.615
 80.953	 10.146	  9.263  0.607
 83.418	 13.015	  8.833  0.536
 82.873	 16.004	  6.556  0.547
 84.727	 15.722	  3.250  0.443
 85.637	 19.353	  2.684 -0.473
 85.616	 21.444	  5.836 -0.277
 83.769	 21.578	  9.154 -0.271
 80.078	 21.989	  8.409 -0.016
 77.360	 22.944	 10.866  0.417
 73.690	 22.319	 10.152  0.460
 70.649	 23.623	 11.982  0.544
 66.909	 23.477	 11.275 -1.205
 67.079	 27.226	 12.112  0.549
 70.259	 28.844	 13.488 -0.698
 68.112	 31.852	 14.371 -0.155
 66.138	 29.798	 16.898 -0.546
 68.253	 29.321	 20.035  0.577
 66.168	 26.241	 20.714 -0.009
 67.061	 24.195	 17.670  0.371
 70.100	 22.010	 18.084 -0.535
 73.151	 22.798	 16.024  0.576
 74.696	 19.633	 14.587  0.417
 78.398	 20.191	 13.968  0.575
 80.173	 17.966	 11.495  0.183
 83.909	 17.599	 11.864  0.535
 86.120	 17.117	  8.803 -0.212
 88.826	 15.696	 11.066 -1.184
 87.831	 13.353	 13.883 -0.675
 89.353	 13.643	 17.333  0.458
 90.170	 10.307	 18.925 -1.285
 88.747	  9.958	 22.412  0.562
 89.667	  6.999	 24.658  0.269
 87.303	  6.063	 27.442  0.583
 87.805	  3.437	 30.176  0.258
 85.601	  1.869	 32.838  0.253
 88.495	  2.859	 35.039  0.135
 86.800	  6.252	 35.262  0.588
 87.784	  8.706	 32.503 -0.027
 88.528	  9.518	 28.845  0.614
 91.562	 11.078	 27.279  0.068
 91.375	 13.541	 24.521 -0.539
 94.174	 15.358	 22.638  0.124
 94.268	 18.930	 24.092 -3.221
 95.896	 19.930	 20.816 -1.211
 93.364	 18.391	 18.492 -3.308
 90.460	 19.542	 20.656  0.607
 91.791	 23.079	 20.846 -0.098
 92.034	 23.227	 17.034 -1.206
 88.588	 21.671	 16.663  0.378
 86.952	 24.293	 18.904  0.589
 88.683	 26.865	 16.730 -3.308
 87.713	 25.425	 13.342 -0.577
 84.223	 25.306	 14.850 -0.215
 84.239	 28.658	 16.592 -0.529
 85.155	 30.092	 13.210 -3.308
 82.347	 28.267	 11.427  0.491
 79.849	 29.537	 13.977  0.615
 80.490	 33.258	 13.448 -1.207
 80.542	 32.391	  9.760 -0.562
 76.801	 31.977	 10.274 -0.169
 75.920	 34.292	 13.184 -0.141
 78.139	 37.212	 12.247 -3.308
 81.894	 37.636	 11.891 -3.266
 81.865	 40.650	 14.198  0.212
 80.638	 38.320	 16.932 -0.205
 82.603	 36.779	 19.813  0.357
 82.281	 32.995	 20.026  0.533
 82.313	 31.319	 23.463 -1.207
 81.817	 27.773	 24.721  0.615
 80.241	 26.987	 28.069 -1.061
 79.304	 23.711	 29.748 -1.207
 75.761	 22.393	 29.855  0.186
 73.306	 24.876	 31.292  0.351
 71.536	 22.221	 33.319  0.615
 69.242	 19.261	 32.949  0.615
 69.532	 15.525	 33.023  0.618
 72.874	 13.893	 33.735 -0.176
 72.728	 12.276	 30.293  0.617
 72.607	 15.734	 28.670  0.398
 74.708	 17.784	 31.073  0.085
 77.666	 15.469	 30.509 -0.163
 78.911	 13.550	 27.491  0.441
 77.104	 10.285	 28.061  0.045
 77.199	  7.191	 25.868  0.503
 77.431	  3.445	 26.157  0.520
 80.665	  1.460	 26.145  0.614
 80.798	 -2.328	 26.588 -0.158
 77.209	 -2.047	 27.725  0.615
 78.264	  0.344	 30.458  0.598
 76.564	  3.741	 30.519  0.587
 79.448	  6.247	 30.755  0.587
 78.896	  9.742	 32.039  0.468
 81.864	 11.989	 31.309  0.614
 82.026	 15.509	 32.650  0.129
 82.680	 17.502	 29.506 -0.156
 83.578	 20.766	 31.160 -0.148
 87.140	 20.897	 29.962 -3.278
 85.832	 20.397	 26.442  0.589
 83.268	 23.173	 26.503  0.615
 84.821	 26.030	 28.432  0.061
 86.696	 27.677	 25.585  0.076
 86.960	 31.442	 25.408 -1.207
 87.763	 33.321	 22.210 -3.308
 90.805	 34.735	 24.066 -0.914
 92.935	 32.591	 26.390 -3.308
 93.910	 28.912	 26.205 -0.539
 94.296	 25.980	 28.640 -3.307
 97.417	 23.849	 28.046 -3.308
 99.591	 24.875	 31.020 -1.207
100.834	 21.499	 32.320 -3.308
 98.403	 19.338	 30.329 -3.308
 99.257	 17.342	 27.199 -1.207
 95.953	 15.489	 27.006 -3.308
 92.476	 16.379	 28.270  0.357
 91.171	 13.952	 30.850 -0.128
 87.424	 13.846	 31.312  0.240
 86.360	 12.431	 34.779 -0.485
 83.921	  9.875	 33.552  0.583
 81.560	  7.746	 35.693  0.312
 79.561	  4.641	 34.923  0.576
 75.984	  4.671	 36.232  0.124
 73.520	  1.846	 36.879  0.567
 70.357	  3.955	 37.346  0.400
 69.824	  5.928	 34.177  0.115
 67.340	  7.999	 32.261  0.576
 66.184	  6.201	 29.181 -0.135
 66.640	  7.793	 25.800  0.607
 64.199	  5.387	 24.169  0.601
 61.399	  6.832	 26.243 -0.600
 60.788	  8.938	 29.345  0.575
 61.621	  6.819	 32.383  0.615
 64.518	  5.447	 34.427  0.197
 66.135	  2.044	 34.029  0.618
 68.536	  0.164	 36.230  0.495
 71.301	 -2.017	 34.727  0.614
 73.471	 -4.520	 36.601  0.590
 76.869	 -3.342	 37.912  0.567
 80.069	 -3.704	 35.804  0.616
 81.913	 -7.026	 35.852  0.590
 84.392	 -7.470	 33.002 -3.308
 87.872	 -6.896	 34.357  0.560
 88.121	 -4.071	 31.819 -1.907
 86.004	 -1.753	 29.672  0.534
 87.681	  0.337	 27.012 -3.308
 86.561	  2.606	 24.175  0.614
 88.506	  4.331	 21.438 -0.442
 85.958	  6.293	 19.411  0.594
 86.401	  9.069	 16.806  0.343
 84.860	 12.419	 17.677  0.591
 83.398	 12.882	 14.242  0.619
 80.938	 15.571	 15.318  0.615
 79.240	 17.546	 18.076  0.188
 75.766	 18.733	 18.995 -0.424
 75.863	 22.334	 20.162  0.535
 73.132	 24.661	 21.233  0.408
 73.704	 28.402	 21.567  0.566
 71.689	 30.534	 23.932  0.618
 69.452	 33.322	 22.695  0.615
 70.432	 36.076	 25.093  0.420
 67.678	 38.324	 23.744 -1.205
 69.745	 39.751	 20.870 -3.308
 72.493	 40.844	 23.333 -1.207
 75.849	 42.159	 22.153 -1.207
 78.057	 39.997	 19.980 -3.308
 78.791	 37.225	 22.410 -0.464
 77.029	 34.050	 21.336  0.541
 77.443	 31.278	 23.926 -0.541
 77.354	 27.720	 22.611  0.587
 76.986	 24.801	 25.021  0.583
 76.835	 21.042	 24.634  0.591
 73.499	 19.633	 23.577 -0.528
 71.880	 16.537	 22.249  0.615
 69.911	 13.887	 24.045  0.588
 67.494	 13.422	 21.201 -0.360
 69.336	 10.562	 19.484  0.588
 67.342	 11.366	 16.334 -0.118
 69.687	 14.301	 15.735  0.498
 72.477	 11.774	 15.797  0.591
 70.825	  9.705	 13.102  0.551
 70.126	 12.927	 11.199  0.583
 73.787	 13.768	 11.162  0.557
 74.175	 10.533	  9.185  0.560
 71.132	 10.710	  6.932  0.615
 71.324	 14.452	  6.298  0.614
 72.018	 13.664	  2.683  0.556
 69.556	 10.873	  2.064  0.614
 65.874	 10.414	  1.312  0.617
 63.969	  7.305	  0.353  0.546
 61.306	  7.809	 -2.328  0.486
 58.547	  5.728	 -3.943 -0.548
 59.104	  4.275	 -7.413  0.293
 57.571	  5.958	-10.487  0.617
BRIEF 1G9N C 181              
 46.937	 33.972	 25.890       
 46.665	 32.067	 29.177       
 47.400	 33.811	 32.480       
 48.404	 32.395	 35.848       
 48.816	 34.005	 39.236       
 51.075	 32.926	 42.052       
 52.003	 33.839	 45.598       
 55.560	 34.888	 46.461       
 57.364	 31.757	 47.704       
 54.941	 29.353	 46.026       
 55.187	 26.876	 43.171       
 53.274	 27.670	 40.026       
 52.828	 25.377	 37.057       
 52.574	 27.087	 33.656       
 50.880	 24.418	 31.540       
 51.499	 23.804	 27.833       
 49.516	 21.124	 26.016       
 50.247	 19.645	 22.630       
 47.730	 18.675	 19.952       
 48.135	 14.912	 20.217       
 49.289	 12.687	 23.088       
 52.917	 12.222	 22.029       
 56.142	 13.204	 23.819       
 57.464	 15.699	 21.291       
 59.965	 18.547	 21.170       
 59.196	 21.645	 23.248       
 61.013	 24.559	 24.867       
 60.156	 27.117	 27.513       
 61.345	 30.681	 27.061       
 60.484	 34.076	 28.520       
 59.666	 37.357	 26.756       
 63.422	 37.919	 26.263       
 63.644	 34.672	 24.299       
 65.851	 33.238	 27.064       
 65.590	 29.471	 27.270       
 64.094	 28.363	 30.601       
 63.935	 24.638	 29.960       
 63.019	 22.260	 27.162       
 63.388	 18.561	 26.449       
 65.781	 16.528	 24.380       
 63.301	 13.809	 23.545       
 63.300	 11.923	 26.843       
 65.843	 14.156	 28.568       
 65.199	 17.482	 30.249       
 67.328	 20.413	 29.204       
 67.537	 23.521	 31.349       
 68.667	 26.756	 29.755       
 70.592	 29.919	 30.898       
 67.465	 31.201	 32.619       
 67.811	 32.565	 36.140       
 64.972	 30.198	 36.919       
 67.273	 27.253	 36.349       
 67.557	 25.917	 39.881       
 63.833	 26.536	 40.334       
 62.473	 25.534	 36.927       
 61.360	 22.005	 36.139       
 58.741	 20.117	 34.122       
 56.904	 16.811	 34.479       
 58.492	 14.011	 32.450       
 55.597	 11.727	 33.288       
 53.150	 14.052	 31.528       
 55.228	 14.433	 28.364       
 53.800	 11.205	 26.926       
 50.315	 12.715	 27.360       
 51.549	 15.561	 25.174       
 51.858	 17.646	 28.263       
 54.961	 19.739	 28.918       
 54.484	 22.059	 31.927       
 57.018	 24.481	 33.398       
 56.833	 24.303	 37.177       
 58.474	 27.231	 38.966       
 59.130	 26.852	 42.704       
 59.824	 29.440	 45.392       
 58.113	 31.896	 43.060       
 59.393	 35.466	 43.087       
 57.639	 38.698	 42.163       
 60.268	 39.067	 39.436       
 59.439	 35.621	 38.071       
 56.338	 37.334	 36.788       
 56.445	 37.437	 33.001       
 55.141	 36.091	 29.678       
 56.624	 32.660	 29.192       
 56.196	 31.280	 25.705       
 56.240	 27.557	 24.970       
 57.605	 26.795	 21.544       
 56.037	 23.430	 20.799       
 55.421	 21.929	 17.372       
 55.589	 25.365	 15.757       
 53.070	 26.702	 18.319       
 53.850	 29.597	 20.670       
 51.656	 29.187	 23.759       
 52.627	 32.529	 25.329       
 51.360	 32.214	 28.919       
 51.357	 35.080	 31.433       
 52.530	 34.787	 35.050       
 51.882	 37.240	 37.868       
 53.528	 36.818	 41.271       
 51.837	 38.848	 44.005       
 52.905	 39.069	 47.636       
 50.608	 40.192	 50.459       
 52.411	 41.082	 53.676       
 50.971	 42.899	 56.677       
 52.951	 45.651	 58.411       
 52.661	 45.666	 62.205       
 52.858	 42.388	 64.106       
 49.932	 39.991	 63.719       
 49.201	 41.126	 67.274       
 47.538	 44.557	 67.147       
 45.645	 46.669	 69.689       
 41.947	 47.499	 69.357       
 40.741	 50.368	 67.210       
 44.099	 50.982	 65.552       
 44.172	 50.516	 61.773       
 45.610	 47.426	 60.079       
 47.651	 48.027	 56.901       
 48.227	 45.478	 54.142       
 50.885	 45.828	 51.441       
 50.633	 43.865	 48.189       
 53.920	 43.455	 46.337       
 53.201	 43.333	 42.621       
 55.282	 43.276	 39.417       
 55.665	 46.358	 37.179       
 52.746	 47.134	 34.887       
 50.351	 45.234	 37.120       
 47.214	 46.629	 38.746       
 45.462	 43.869	 40.751       
 42.359	 44.523	 42.844       
 42.476	 43.062	 46.347       
 39.568	 42.192	 48.657       
 40.149	 40.583	 52.076       
 37.295	 39.053	 54.104       
 37.354	 39.330	 57.913       
 36.352	 36.319	 60.078       
 33.065	 38.177	 60.489       
 32.569	 39.692	 57.049       
 34.614	 42.830	 56.411       
 34.730	 42.848	 52.619       
 37.057	 45.867	 52.694       
 38.591	 46.630	 49.299       
 42.108	 47.761	 48.494       
 43.750	 48.260	 45.121       
 47.426	 47.757	 45.913       
 47.521	 48.726	 49.591       
 44.591	 47.881	 51.871       
 43.851	 49.073	 55.390       
 41.226	 48.659	 58.108       
 40.123	 52.097	 59.279       
 39.302	 50.839	 62.769       
 40.369	 47.309	 63.664       
 37.296	 46.135	 65.569       
 37.645	 43.318	 68.123       
 35.405	 41.176	 65.890       
 38.000	 41.200	 63.127       
 40.744	 39.464	 65.116       
 41.090	 36.298	 63.078       
 41.803	 34.746	 59.708       
 41.273	 37.146	 56.814       
 40.459	 35.695	 53.391       
 42.021	 38.097	 50.865       
 41.931	 37.890	 47.084       
 43.907	 39.278	 44.179       
 41.819	 39.806	 41.069       
 43.853	 40.027	 37.870       
 42.482	 39.141	 34.438       
 39.596	 36.733	 35.247       
 41.949	 35.236	 37.848       
 42.631	 35.574	 41.553       
 44.795	 34.229	 44.372       
 43.977	 33.699	 48.045       
 46.156	 35.219	 50.782       
 44.954	 34.096	 54.223       
 46.320	 36.382	 56.942       
 46.081	 36.052	 60.728       
 44.944	 39.089	 62.683       
 44.631	 39.576	 66.445       
 42.926	 42.511	 68.141       
 43.808	 42.864	 71.819       
 42.355	 44.740	 74.787       
 42.267	 44.683	 78.606       
 39.028	 42.814	 79.513       
 35.906	 44.813	 78.617       
BRIEF 1G9N L 214              
 62.962	-21.862	 43.222       
 66.474	-22.409	 44.625       
 66.667	-25.080	 47.303       
 69.590	-23.966	 49.457       
 70.223	-26.802	 51.939       
 72.757	-26.920	 54.772       
 73.519	-30.660	 55.136       
 74.991	-30.364	 58.676       
 71.647	-29.807	 60.467       
 73.610	-29.835	 63.689       
 77.314	-29.686	 64.399       
 78.687	-30.536	 67.833       
 82.264	-29.328	 68.392       
 84.506	-28.080	 71.232       
 85.968	-24.563	 71.630       
 89.323	-23.928	 69.943       
 88.778	-26.759	 67.480       
 87.845	-26.287	 63.829       
 84.189	-26.218	 62.679       
 82.987	-26.663	 59.074       
 79.601	-25.799	 57.524       
 78.361	-26.748	 54.073       
 75.568	-25.101	 52.111       
 74.357	-27.217	 49.179       
 72.351	-25.349	 46.515       
 70.057	-26.249	 43.612       
 71.123	-24.558	 40.350       
 74.290	-22.492	 40.365       
 74.137	-19.289	 42.403       
 77.590	-18.247	 41.218       
 79.127	-16.201	 44.006       
 76.011	-14.436	 45.231       
 76.057	-16.368	 48.498       
 76.241	-14.985	 52.022       
 76.562	-16.462	 55.481       
 74.848	-15.353	 58.642       
 75.168	-16.060	 62.358       
 72.185	-15.862	 64.684       
 72.327	-15.881	 68.453       
 69.220	-17.033	 70.301       
 66.936	-14.010	 70.385       
 69.055	-11.808	 68.120       
 68.861	-10.438	 64.576       
 71.113	-12.368	 62.194       
 74.696	-11.279	 61.705       
 76.134	-10.794	 58.267       
 79.286	-12.940	 58.470       
 80.244	-13.503	 54.821       
 78.888	-12.315	 51.482       
 79.748	-12.783	 47.839       
 80.785	-16.241	 49.002       
 84.342	-15.554	 50.088       
 84.482	-12.132	 51.700       
 83.995	-11.237	 55.350       
 81.762	 -8.330	 56.324       
 83.350	 -5.198	 57.741       
 84.405	 -5.948	 61.308       
 84.320	 -9.735	 61.586       
 86.712	-12.296	 63.126       
 89.185	-13.748	 60.619       
 88.603	-17.251	 62.009       
 85.526	-17.357	 59.748       
 86.681	-18.521	 56.337       
 84.262	-18.426	 53.455       
 84.921	-20.481	 50.324       
 82.942	-21.959	 47.478       
 81.438	-21.021	 44.153       
 78.573	-22.315	 42.080       
 76.473	-24.576	 44.310       
 78.986	-25.618	 46.966       
 79.948	-23.052	 49.624       
 81.788	-23.514	 52.882       
 82.022	-21.314	 55.942       
 85.013	-22.988	 57.605       
 86.142	-21.712	 61.020       
 89.651	-22.224	 62.455       
 90.014	-22.333	 66.264       
 86.345	-21.865	 67.190       
 85.298	-19.416	 69.906       
 82.975	-19.358	 72.901       
 81.089	-16.487	 71.243       
 80.982	-18.521	 68.031       
 77.978	-20.475	 69.284       
 74.927	-19.817	 67.108       
 72.875	-21.075	 64.210       
 74.430	-20.332	 60.868       
 72.453	-19.418	 57.781       
 73.384	-19.140	 54.126       
 71.566	-16.711	 51.897       
 71.403	-16.903	 48.133       
 70.899	-13.712	 46.158       
 71.899	-14.510	 42.626       
 68.734	-15.049	 40.641       
 66.904	-11.954	 39.354       
 64.117	-10.947	 39.532       
 64.603	-11.017	 43.310       
 63.749	-14.417	 44.711       
 66.331	-14.872	 47.415       
 66.177	-17.920	 49.665       
 67.820	-18.870	 52.943       
 69.282	-22.175	 54.051       
 67.407	-24.193	 56.629       
 70.163	-23.490	 59.137       
 72.808	-25.245	 61.207       
 73.264	-25.196	 64.980       
 76.890	-24.901	 66.047       
 76.518	-26.358	 69.526       
 79.363	-27.040	 71.944       
 80.206	-30.699	 72.427       
 81.124	-31.636	 76.000       
 81.067	-34.772	 78.139       
 78.024	-37.057	 78.011       
 76.073	-35.860	 81.064       
 73.143	-37.810	 82.492       
 69.864	-35.983	 83.371       
 68.480	-35.694	 86.902       
 64.690	-36.174	 86.526       
 62.586	-33.994	 88.850       
 58.935	-34.964	 88.707       
 56.616	-32.187	 89.927       
 52.933	-32.733	 90.844       
 50.126	-30.299	 89.877       
 49.592	-27.774	 92.682       
 46.150	-28.175	 94.258       
 45.515	-24.525	 93.414       
 46.037	-25.328	 89.719       
 43.757	-28.327	 90.227       
 41.021	-26.149	 91.724       
 41.206	-24.340	 88.367       
 39.981	-27.161	 86.184       
 43.099	-28.821	 84.854       
 46.270	-30.503	 86.088       
 49.844	-30.016	 84.911       
 52.589	-32.469	 85.800       
 56.097	-31.213	 84.996       
 58.889	-33.742	 84.559       
 62.088	-31.704	 84.487       
 65.409	-32.958	 83.107       
 68.242	-30.867	 84.483       
 71.637	-30.247	 82.884       
 72.365	-33.025	 80.380       
 74.129	-33.666	 77.047       
 73.541	-34.512	 74.275       
 70.101	-33.056	 73.603       
 68.713	-36.435	 72.518       
 66.505	-37.364	 75.464       
 63.431	-39.492	 74.737       
 60.793	-39.165	 77.447       
 57.579	-41.155	 77.991       
 54.536	-40.349	 80.084       
 53.240	-43.544	 81.644       
 49.908	-43.011	 83.397       
 48.973	-46.052	 85.524       
 51.690	-47.842	 83.593       
 50.030	-46.836	 80.313       
 52.319	-46.013	 77.385       
 49.710	-43.389	 76.440       
 51.575	-40.662	 74.569       
 49.634	-37.541	 73.643       
 48.581	-34.709	 75.958       
 52.106	-33.560	 76.770       
 54.621	-31.074	 75.408       
 58.400	-30.931	 75.716       
 60.707	-27.904	 75.627       
 64.496	-28.176	 75.668       
 66.603	-25.138	 76.483       
 69.396	-23.445	 74.528       
 72.929	-24.595	 75.352       
 73.803	-22.802	 78.608       
 76.928	-20.760	 79.292       
 78.883	-22.363	 82.116       
 77.519	-25.899	 82.172       
 76.963	-25.927	 78.393       
 74.214	-28.541	 78.775       
 70.492	-28.801	 78.058       
 67.315	-29.221	 80.098       
 64.217	-30.957	 78.813       
 60.731	-30.187	 80.118       
 57.921	-32.613	 79.377       
 54.462	-31.638	 80.629       
 51.454	-33.952	 80.680       
 48.336	-31.817	 81.052       
 45.311	-33.797	 82.134       
 41.880	-32.493	 83.100       
 40.508	-32.650	 86.623       
 38.169	-35.644	 86.329       
 40.905	-37.594	 84.534       
 43.736	-36.675	 86.885       
 41.531	-38.012	 89.674       
 40.873	-41.179	 87.650       
 44.523	-42.264	 87.616       
 46.715	-43.294	 90.562       
 50.387	-43.335	 89.536       
 51.985	-40.846	 87.134       
 55.419	-41.860	 85.895       
 57.903	-40.192	 83.563       
 60.362	-42.422	 81.735       
 63.579	-40.724	 80.666       
 65.769	-42.625	 78.197       
 68.858	-40.465	 77.730       
 72.152	-41.339	 76.078       
 73.993	-40.403	 79.274       
 71.732	-42.624	 81.386       
 73.118	-46.090	 82.071       
 69.474	-47.181	 81.851       
 65.907	-45.795	 81.860       
 65.042	-43.709	 84.939       
 61.353	-43.647	 85.875       
 60.435	-40.983	 88.421       
 56.749	-40.993	 89.357       
 54.401	-40.038	 92.192       
 51.016	-41.052	 93.612       
 48.094	-38.646	 93.943       
 48.662	-37.272	 97.438       
BRIEF 1G9N H 229              
 76.786	  3.354	 60.010       
 72.972	  2.981	 59.895       
 70.818	  1.876	 62.809       
 67.408	  0.320	 62.063       
 64.532	  0.700	 64.501       
 61.305	 -1.257	 64.160       
 57.722	 -0.728	 65.210       
 56.303	 -2.498	 68.235       
 55.268	 -6.142	 68.211       
 51.665	 -6.411	 67.182       
 49.002	 -9.035	 67.875       
 46.833	 -9.212	 64.794       
 44.061	-11.776	 64.305       
 43.593	-14.288	 61.436       
 42.700	-12.637	 58.150       
 43.807	 -9.191	 59.262       
 46.588	 -6.925	 58.113       
 49.740	 -5.811	 59.951       
 52.140	 -2.991	 59.145       
 55.613	 -2.958	 60.759       
 57.743	  0.170	 60.522       
 61.499	  0.377	 60.282       
 63.183	  3.683	 60.997       
 66.525	  3.958	 59.221       
 69.141	  6.351	 60.603       
 72.827	  7.094	 60.633       
 73.390	  7.477	 56.885       
 71.906	  8.234	 53.476       
 68.541	  6.540	 53.240       
 68.277	  6.323	 49.468       
 71.698	  4.690	 49.279       
 70.244	  1.596	 50.921       
 67.997	 -1.175	 49.703       
 65.929	 -2.664	 52.546       
 64.734	 -6.211	 52.835       
 62.244	 -7.851	 55.173       
 63.197	-11.249	 56.529       
 60.684	-13.105	 58.643       
 61.392	-15.985	 61.003       
 58.761	-18.155	 62.674       
 59.475	-19.500	 66.145       
 61.831	-22.471	 65.967       
 61.832	-21.899	 62.223       
 64.512	-20.310	 60.068       
 64.883	-17.124	 58.038       
 62.519	-16.646	 55.099       
 63.136	-13.933	 52.493       
 60.019	-11.747	 52.333       
 61.123	 -9.207	 49.770       
 63.440	 -6.288	 49.155       
 62.839	 -2.657	 48.251       
 65.235	 -0.803	 45.945       
 64.325	  2.308	 47.889       
 65.652	  5.020	 45.610       
 63.793	  3.505	 42.673       
 60.810	  2.887	 44.914       
 60.487	 -0.510	 43.335       
 60.119	 -3.682	 45.354       
 60.057	 -7.391	 44.632       
 58.614	-10.119	 46.805       
 58.752	-13.823	 47.630       
 56.498	-16.182	 45.599       
 54.630	-17.652	 48.523       
 53.845	-14.059	 49.570       
 53.249	-12.162	 46.325       
 49.866	-10.542	 46.565       
 49.585	-10.536	 50.364       
 52.749	 -8.557	 51.066       
 53.975	 -5.074	 50.310       
 57.103	 -3.105	 51.007       
 57.190	  0.677	 50.849       
 59.549	  3.415	 52.008       
 58.959	  6.986	 53.131       
 62.064	  8.903	 52.103       
 60.665	 11.931	 53.903       
 60.540	 10.440	 57.403       
 63.193	  7.928	 56.407       
 61.086	  4.825	 57.171       
 60.446	  1.450	 55.579       
 57.207	 -0.456	 55.997       
 56.191	 -4.083	 55.670       
 52.504	 -4.892	 55.244       
 51.019	 -8.402	 55.228       
 47.312	 -8.800	 54.480       
 45.093	-11.840	 55.100       
 47.239	-12.897	 58.059       
 47.356	-16.559	 59.143       
 48.622	-18.361	 62.246       
 51.720	-19.514	 60.368       
 52.504	-15.902	 59.513       
 53.177	-15.598	 63.249       
 56.885	-14.805	 63.408       
 59.579	-12.277	 64.196       
 59.703	 -9.920	 61.225       
 63.224	 -8.576	 60.864       
 64.017	 -5.421	 58.980       
 67.308	 -5.529	 57.108       
 69.327	 -3.297	 54.830       
 72.512	 -2.901	 52.871       
 74.497	 -0.062	 51.326       
 74.142	  0.160	 47.553       
 76.628	  2.838	 46.596       
 76.132	  6.434	 45.427       
 72.576	  5.567	 44.424       
 71.625	  9.249	 44.586       
 74.276	  9.547	 41.869       
 73.188	  6.703	 39.619       
 75.585	  4.120	 41.072       
 73.859	  0.999	 42.409       
 75.418	 -2.316	 43.405       
 71.989	 -3.932	 43.949       
 73.177	 -6.236	 46.720       
 71.140	 -9.200	 47.914       
 72.849	 -9.802	 51.222       
 71.814	 -7.770	 54.259       
 74.463	 -5.914	 56.273       
 72.267	 -4.009	 58.721       
 69.459	 -5.691	 60.563       
 66.720	 -4.404	 62.783       
 65.895	 -5.237	 66.368       
 63.093	 -7.333	 64.918       
 59.355	 -7.006	 65.334       
 57.222	 -9.927	 66.541       
 53.749	-10.472	 65.109       
 51.348	-12.961	 66.634       
 48.461	-13.910	 64.406       
 45.963	-16.053	 66.243       
 42.330	-16.168	 67.286       
 43.418	-16.099	 70.941       
 42.836	-13.066	 73.170       
 45.293	-11.077	 75.296       
 45.235	-12.587	 78.777       
 47.554	-12.420	 81.751       
 49.330	-15.607	 82.908       
 48.880	-17.736	 86.032       
 51.940	-18.794	 88.016       
 51.789	-22.144	 89.829       
 54.505	-23.310	 92.262       
 56.391	-26.569	 91.745       
 56.794	-28.199	 95.152       
 60.552	-28.844	 95.641       
 61.431	-32.540	 95.356       
 61.700	-33.154	 99.108       
 60.742	-36.824	 98.765       
 62.762	-37.326	 95.564       
 66.128	-35.524	 95.714       
 68.223	-34.734	 98.820       
 71.761	-34.694	100.214       
 72.898	-31.709	 98.185       
 70.229	-29.604	 96.496       
 66.578	-29.899	 95.481       
 65.050	-28.551	 92.272       
 61.870	-26.445	 92.208       
 60.319	-23.660	 90.174       
 57.208	-22.108	 88.679       
 54.771	-22.983	 85.901       
 53.510	-19.992	 83.946       
 50.499	-21.608	 82.286       
 47.908	-20.255	 79.852       
 49.111	-16.798	 78.770       
 48.949	-14.787	 75.559       
 50.765	-13.445	 73.707       
 54.533	-13.311	 73.909       
 56.949	-12.732	 75.422       
 57.383	-13.269	 79.150       
 60.272	-12.465	 81.506       
 61.145	-14.542	 84.600       
 63.304	-14.109	 87.724       
 63.556	-15.407	 91.285       
 63.519	-13.820	 94.735       
 62.523	-10.433	 93.316       
 65.354	-10.881	 90.813       
 68.024	-12.119	 93.206       
 68.324	-15.878	 92.626       
 68.864	-15.598	 88.886       
 71.726	-18.096	 89.042       
 71.174	-21.811	 88.533       
 67.817	-21.253	 86.840       
 66.467	-22.900	 83.707       
 63.494	-21.022	 82.293       
 62.255	-23.250	 79.469       
 61.018	-21.647	 76.222       
 57.276	-21.134	 76.146       
 55.184	-23.735	 74.382       
 52.071	-23.133	 72.356       
 49.093	-25.189	 73.604       
 46.214	-26.358	 71.400       
 44.017	-23.691	 73.037       
 46.111	-21.005	 71.399       
 47.859	-19.945	 74.598       
 51.515	-20.426	 75.540       
 53.059	-21.799	 78.749       
 56.663	-22.026	 79.856       
 58.275	-23.132	 83.101       
 61.045	-21.686	 85.246       
 63.172	-23.787	 87.611       
 66.131	-23.478	 89.971       
 67.989	-26.277	 91.716       
 68.904	-24.995	 95.180       
 70.026	-26.742	 98.421       
 67.232	-28.240	100.510       
 68.933	-26.919	103.634       
 67.583	-23.549	102.508       
 63.937	-24.640	102.338       
 61.827	-22.892	104.974       
 64.002	-19.783	105.423       
 64.375	-18.343	101.927       
 60.810	-17.921	100.648       
 61.308	-18.640	 96.931       
 59.225	-16.452	 94.630       
 59.573	-16.420	 90.840       
 59.032	-12.985	 89.337       
 56.870	-13.371	 86.244       
 55.768	-10.437	 84.101       
 53.676	-10.115	 80.944       
 53.619	 -6.518	 79.688       
 51.145	 -7.441	 76.943       
 48.396	 -8.047	 79.514       
 50.316	 -5.803	 81.876       
 50.025	 -8.240	 84.759       
 52.989	 -8.864	 87.070       
 52.560	-12.034	 89.152       
 54.338	-13.140	 92.326       
 53.957	-16.655	 93.760       
 55.549	-17.877	 96.988       
 56.998	-21.306	 96.164       
 56.801	-22.749	 99.670       
 58.646	-26.076	100.225       
 55.146	-27.602	100.418       
