BRIEF 1GC1 G 297              
 30.956	-49.288	 79.751  0.565
 34.411	-47.885	 78.916  0.540
 33.158	-44.849	 77.011 -0.218
 34.349	-41.405	 75.954  0.526
 33.454	-37.897	 77.210  0.477
 35.065	-34.420	 76.771  0.450
 35.167	-30.571	 76.769  0.205
 32.403	-30.595	 74.142  0.235
 28.792	-30.901	 75.276  0.548
 25.677	-32.922	 76.237 -0.135
 23.551	-29.907	 76.990  0.546
 26.157	-27.131	 76.921  0.474
 24.805	-25.744	 73.629 -0.179
 21.283	-26.971	 74.499  0.564
 21.128	-25.583	 78.043  0.546
 22.746	-22.314	 76.893  0.206
 19.843	-21.862	 74.469  0.468
 17.283	-22.881	 77.101  0.564
 18.711	-20.388	 79.615  0.423
 19.004	-17.640	 77.006  0.494
 15.362	-18.329	 76.174  0.471
 14.495	-18.467	 79.867  0.528
 16.031	-15.113	 80.715  0.552
 14.208	-13.490	 77.818  0.478
 10.776	-14.604	 79.131  0.392
 11.724	-13.482	 82.649  0.550
 14.096	-10.494	 83.041  0.495
 12.727	 -8.150	 80.372  0.514
 14.745	 -4.957	 79.708  0.562
 14.951	 -2.361	 76.955  0.560
 17.451	 -4.101	 74.585  0.529
 19.934	 -2.790	 72.011  0.083
 21.882	 -5.169	 69.721  0.495
 24.128	 -4.486	 66.708  0.565
 23.513	 -6.047	 63.242  0.562
 26.324	 -4.890	 60.946  0.428
 26.244	 -2.634	 57.896  0.560
 26.432	 -2.814	 54.121  0.510
 26.095	  0.879	 53.330 -0.667
 24.107	  3.419	 51.295 -0.586
 22.276	  4.956	 54.251 -0.588
 21.018	  1.492	 55.195 -0.261
 22.490	  0.377	 58.527  0.560
 20.680	 -1.593	 61.212  0.460
 21.197	 -1.495	 64.995  0.411
 18.039	 -2.778	 66.642  0.519
 16.804	 -0.964	 69.740  0.093
 13.832	 -2.423	 71.601  0.255
 11.742	 -0.550	 74.125  0.359
  9.888	 -3.133	 76.180  0.543
  7.892	 -2.330	 79.273  0.547
 11.030	 -2.820	 81.385  0.521
  9.472	 -4.532	 84.480  0.531
 10.598	 -5.057	 88.083  0.538
 10.283	 -8.825	 88.326 -0.424
 12.193	-11.271	 90.534 -0.077
 14.395	-13.825	 88.774  0.561
 14.537	-17.169	 90.601  0.325
 16.486	-20.322	 89.626  0.531
 14.508	-23.527	 89.125  0.547
 16.711	-26.636	 89.203  0.562
 16.599	-27.855	 85.633  0.547
 16.747	-31.572	 84.933  0.525
 17.939	-32.596	 81.473  0.192
 16.695	-35.995	 80.388  0.560
 17.339	-38.109	 77.294 -0.075
 16.594	-36.283	 74.001  0.562
 14.651	-38.512	 71.579  0.565
 16.400	-41.612	 70.290  0.561
 19.496	-40.809	 72.373  0.349
 20.696	-41.822	 75.860  0.529
 22.460	-39.919	 78.636  0.250
 25.647	-41.586	 79.909 -0.045
 26.762	-40.383	 83.342  0.264
 30.406	-41.034	 84.164  0.560
 30.487	-42.279	 87.761 -0.593
 34.235	-41.791	 88.233 -0.525
 34.130	-39.706	 91.447  0.031
 37.012	-37.625	 90.110 -1.325
 36.398	-37.616	 86.357  0.561
 38.697	-35.012	 84.873  0.329
 37.333	-33.596	 81.643  0.561
 38.400	-35.386	 78.484 -0.557
 39.278	-39.068	 78.504  0.424
 37.973	-42.653	 78.513 -0.606
 35.639	-42.827	 81.502  0.560
 35.931	-46.274	 83.050 -1.347
 33.013	-46.457	 85.494  0.440
 29.951	-45.164	 83.598  0.529
 26.202	-45.814	 83.306  0.565
 23.100	-44.794	 81.366  0.481
 20.629	-42.439	 83.068  0.565
 17.197	-41.086	 82.202  0.564
 18.125	-37.556	 83.317  0.560
 21.350	-35.860	 84.490  0.548
 20.779	-34.311	 87.960  0.564
 19.436	-31.154	 89.630  0.527
 21.274	-28.447	 87.718  0.565
 20.845	-24.877	 88.996 -0.228
 21.369	-22.446	 86.082  0.562
 23.166	-19.583	 87.786  0.492
 24.459	-16.842	 85.528  0.493
 27.488	-15.065	 86.974  0.550
 31.186	-14.409	 86.388  0.548
 34.517	-15.569	 87.852  0.521
 32.687	-17.423	 90.637  0.561
 30.426	-20.411	 89.967  0.528
 27.714	-20.387	 92.619  0.561
 24.955	-22.617	 93.986  0.565
 26.297	-25.613	 92.070  0.561
 27.920	-29.055	 92.272  0.550
 31.026	-29.599	 94.405  0.495
 33.755	-32.200	 94.089  0.493
 33.183	-35.150	 96.390  0.445
 36.871	-35.993	 96.661 -0.496
 39.443	-33.259	 96.116 -0.458
 39.665	-29.995	 94.199 -0.554
 39.487	-30.856	 90.500 -0.012
 40.418	-28.402	 87.744  0.331
 39.633	-28.743	 84.039  0.433
 40.685	-27.083	 80.771  0.519
 40.713	-27.881	 77.061 -1.347
 44.404	-27.151	 76.937  0.547
 46.296	-26.265	 80.110 -0.642
 49.139	-25.110	 77.829 -0.184
 47.338	-22.426	 75.802 -1.008
 47.116	-19.549	 78.275  0.530
 44.107	-18.223	 76.349 -0.210
 41.873	-21.081	 77.517  0.264
 39.601	-20.935	 80.561 -0.529
 40.464	-23.263	 83.449  0.512
 37.439	-24.326	 85.480  0.422
 37.891	-25.237	 89.140  0.529
 35.597	-27.526	 91.089  0.172
 35.897	-26.930	 94.797  0.561
 36.137	-29.343	 97.697 -0.181
 34.057	-27.352	100.182 -1.347
 31.514	-24.564	 99.655 -0.622
 32.323	-20.998	100.648  0.207
 29.746	-18.335	101.378 -3.817
 29.343	-14.925	 99.864  0.530
 26.663	-12.806	101.512  0.167
 25.680	 -9.693	 99.555  0.560
 23.188	 -6.819	 99.791  0.221
 22.029	 -4.012	 97.504 -0.109
 23.876	 -1.636	 99.864  0.280
 27.013	 -2.165	 97.804  0.422
 28.926	 -4.983	 99.481  0.086
 29.657	 -8.682	 99.575  0.560
 31.425	-10.249	102.490  0.259
 33.005	-13.677	102.489 -1.186
 34.917	-15.324	105.355  0.236
 38.617	-14.473	105.174 -3.817
 39.777	-17.820	106.603 -3.800
 37.405	-20.040	104.608 -3.817
 38.528	-18.528	101.324  0.552
 42.256	-18.276	101.969 -0.219
 42.162	-22.028	102.602 -1.347
 40.498	-22.898	 99.275  0.378
 43.162	-20.765	 97.614  0.461
 46.077	-22.869	 98.825 -3.817
 44.084	-25.948	 97.820 -0.846
 43.601	-24.645	 94.274 -0.246
 47.261	-23.598	 94.462 -0.593
 48.199	-27.212	 95.169 -3.817
 47.642	-28.065	 91.489  0.464
 47.740	-25.060	 89.121  0.561
 48.719	-25.151	 85.371 -1.340
 52.082	-26.872	 85.906 -0.197
 49.473	-29.647	 86.408 -0.201
 49.396	-30.535	 90.086 -0.256
 52.996	-29.519	 89.600 -3.817
 55.437	-30.927	 92.100 -3.803
 56.209	-27.270	 92.891  0.329
 56.759	-23.666	 91.824 -0.253
 55.430	-20.231	 92.746  0.429
 51.667	-19.833	 92.255  0.458
 50.423	-16.252	 92.074 -1.347
 46.867	-14.990	 92.223  0.491
 46.456	-11.512	 90.707 -0.568
 43.272	 -9.948	 89.377 -1.347
 41.775	 -9.117	 86.016  0.259
 43.941	 -7.409	 83.412  0.456
 40.931	 -5.571	 82.002  0.561
 37.877	 -5.730	 79.779  0.561
 34.111	 -5.480	 80.254  0.564
 32.703	 -4.741	 83.726  0.063
 30.954	 -8.149	 83.747  0.540
 34.359	 -9.777	 83.114  0.332
 36.553	 -7.638	 85.406  0.118
 34.200	 -8.032	 88.383 -0.369
 32.119	-10.868	 89.931  0.385
 28.906	 -9.852	 88.149  0.048
 25.750	-11.767	 88.920  0.385
 22.038	-11.266	 89.317  0.387
 21.156	-10.859	 92.961  0.521
 17.473	-10.589	 93.825 -0.097
 16.716	 -9.510	 90.265  0.561
 19.332	 -6.720	 90.353  0.516
 22.722	 -6.749	 88.602  0.526
 25.717	 -6.661	 90.954  0.526
 29.288	 -5.792	 89.921  0.267
 31.444	 -6.837	 92.855  0.560
 35.061	 -5.649	 92.875  0.068
 37.143	 -8.748	 93.689 -0.545
 40.758	 -7.530	 93.794 -0.069
 40.806	 -8.876	 97.377 -1.347
 40.032	-12.436	 96.396  0.528
 42.681	-12.675	 93.700  0.561
 45.813	-10.949	 95.012  0.292
 48.180	-13.271	 96.857  0.374
 51.188	-15.531	 96.457  0.239
 51.832	-19.191	 97.235  0.483
 54.145	-22.031	 96.262 -2.285
 38.587	-13.108	115.447 -3.817
 35.853	-12.596	112.868 -1.196
 37.805	-11.170	109.923 -3.817
 35.584	-11.026	106.828 -0.823
 36.614	-10.187	103.268  0.268
 34.487	 -7.161	102.417 -0.135
 34.114	 -6.680	 98.665  0.397
 32.875	 -3.348	 97.251 -0.256
 29.897	 -4.023	 94.992  0.521
 27.794	 -1.932	 92.582  0.345
 24.355	 -2.359	 91.001  0.565
 24.405	 -1.255	 87.356  0.162
 21.397	 -0.709	 85.101  0.564
 23.129	 -0.515	 81.686  0.252
 24.867	 -3.850	 81.036  0.022
 26.692	 -5.611	 78.204  0.565
 24.661	 -8.752	 77.411 -0.360
 25.995	-12.273	 77.938  0.483
 23.383	-13.819	 75.602  0.500
 24.676	-12.096	 72.472 -0.565
 26.763	 -8.976	 71.727  0.565
 24.335	 -6.364	 72.956  0.527
 23.583	 -3.761	 75.597  0.237
 20.544	 -3.536	 77.889  0.547
 19.063	 -1.176	 80.492  0.489
 16.868	 -2.156	 83.409  0.524
 14.840	 -0.104	 85.891  0.547
 16.489	  1.027	 89.160  0.530
 15.808	 -0.878	 92.409  0.562
 12.528	 -0.583	 94.320  0.529
 13.536	 -2.723	 97.306 -3.810
 15.717	 -1.364	100.087  0.527
 16.835	 -4.791	101.271 -1.346
 18.284	 -6.717	 98.309  0.565
 19.844	 -9.719	100.090 -1.347
 21.550	-12.791	 98.634  0.521
 23.421	-15.696	100.185 -0.181
 25.202	-17.837	 97.632  0.534
 27.592	-20.732	 97.944  0.295
 30.771	-20.423	 95.916  0.530
 31.054	-23.871	 94.419  0.565
 33.839	-23.018	 92.004  0.561
 36.095	-20.640	 90.148  0.160
 36.823	-19.944	 86.475 -0.491
 40.424	-18.815	 85.975  0.462
 42.994	-17.909	 83.328  0.229
 46.812	-17.943	 83.354  0.542
 49.399	-15.289	 82.456  0.564
 51.676	-16.358	 79.626  0.527
 55.066	-15.602	 78.135  0.457
 56.513	-17.465	 81.120 -1.374
 55.829	-21.051	 80.038 -3.817
 57.160	-23.698	 82.467 -3.817
 59.200	-21.093	 84.422 -1.346
 59.227	-20.577	 88.224 -3.817
 55.935	-18.693	 88.618 -0.741
 52.421	-18.895	 87.202  0.563
 49.956	-16.027	 87.581 -1.309
 46.239	-16.888	 87.605  0.526
 43.470	-14.326	 87.311  0.564
 39.682	-14.644	 87.584  0.531
 37.719	-15.171	 84.382 -0.236
 34.317	-16.007	 83.032  0.527
 32.158	-14.548	 80.312  0.527
 31.248	-17.588	 78.287 -0.581
 28.185	-18.779	 80.148  0.508
 28.808	-22.097	 78.377 -0.179
 31.766	-22.520	 80.710  0.479
 29.156	-22.313	 83.522  0.547
 27.021	-25.117	 82.112  0.483
 30.182	-27.140	 81.354  0.564
 31.049	-27.368	 85.069  0.519
 27.767	-29.187	 85.764  0.492
 27.473	-31.197	 82.540  0.561
 31.097	-32.394	 82.261  0.524
 30.242	-35.929	 83.409  0.489
 27.447	-36.366	 80.857  0.560
 27.107	-37.270	 77.183  0.563
 24.352	-38.047	 74.705  0.547
 24.711	-41.265	 72.687  0.511
 22.431	-42.332	 69.847 -0.928
 20.129	-45.181	 70.930  0.291
 18.060	-47.413	 68.611  0.539
BRIEF 1GC1 C 181              
 52.501	-13.174	 57.280       
 50.914	 -9.794	 56.542       
 52.865	 -6.562	 57.047       
 51.081	 -3.499	 58.422       
 52.713	 -0.110	 58.920       
 51.444	  2.477	 61.357       
 52.228	  6.017	 62.456       
 53.441	  7.017	 65.934       
 50.330	  8.268	 67.696       
 47.643	  7.139	 65.239       
 45.106	  4.328	 65.679       
 45.634	  1.090	 63.753       
 43.220	 -1.783	 63.147       
 44.607	 -5.264	 62.534       
 42.113	 -7.583	 60.774       
 40.943	-11.117	 61.596       
 38.082	-13.008	 59.955       
 37.105	-16.432	 61.271       
 37.423	-19.142	 58.587       
 33.899	-18.460	 57.315       
 32.643	-18.806	 60.865       
 30.802	-16.088	 62.824       
 30.877	-14.703	 66.379       
 33.211	-17.292	 67.883       
 36.010	-17.093	 70.459       
 39.261	-15.427	 69.387       
 42.398	-13.960	 70.978       
 45.249	-11.734	 69.793       
 48.758	-12.338	 71.165       
 52.287	-11.026	 70.584       
 55.423	-12.973	 69.614       
 55.819	-13.990	 73.282       
 52.346	-15.478	 73.815       
 51.249	-12.535	 75.973       
 47.477	-12.111	 75.724       
 46.669	 -8.732	 74.185       
 42.934	 -8.997	 73.499       
 40.232	-11.611	 73.034       
 36.624	-12.295	 73.984       
 34.645	-14.549	 76.337       
 31.218	-15.087	 74.875       
 29.917	-11.560	 74.310       
 32.412	 -9.780	 76.584       
 35.851	 -8.448	 75.712       
 38.928	 -9.525	 77.659       
 42.301	 -7.808	 77.788       
 45.426	 -9.524	 78.985       
 48.571	 -8.155	 80.732       
 49.878	 -6.634	 77.473       
 51.556	 -3.235	 77.409       
 48.735	 -2.298	 74.985       
 46.075	 -3.000	 77.623       
 45.017	  0.641	 77.810       
 45.138	  1.214	 74.035       
 44.012	 -2.105	 72.505       
 40.289	 -2.635	 71.893       
 37.991	 -4.388	 69.421       
 34.897	 -3.870	 67.286       
 32.187	 -6.030	 68.879       
 29.957	 -4.780	 66.074       
 31.698	 -7.036	 63.562       
 31.844	-10.137	 65.768       
 28.560	-11.504	 64.424       
 29.946	-11.072	 60.894       
 33.024	-13.090	 61.776       
 35.487	-10.211	 61.918       
 37.232	 -9.506	 65.251       
 39.975	 -6.859	 64.797       
 42.595	 -5.395	 67.140       
 42.286	 -1.613	 67.293       
 45.554	 -0.186	 68.606       
 45.149	  3.493	 69.412       
 48.131	  5.774	 70.005       
 50.787	  3.603	 68.388       
 54.141	  3.837	 70.105       
 57.397	  2.858	 68.454       
 57.470	  0.177	 71.167       
 54.249	 -1.425	 69.893       
 56.263	 -2.832	 66.990       
 55.773	 -6.582	 67.333       
 54.162	 -9.517	 65.506       
 50.485	-10.074	 66.205       
 48.770	-13.437	 66.030       
 45.025	-14.006	 65.803       
 44.015	-17.386	 67.208       
 40.480	-17.974	 65.992       
 39.351	-21.620	 66.098       
 42.743	-22.865	 64.891       
 44.153	-20.531	 62.213       
 47.156	-18.513	 63.353       
 46.675	-15.426	 61.121       
 49.898	-13.460	 61.715       
 50.925	 -9.806	 61.189       
 53.986	 -7.581	 61.626       
 53.205	 -4.097	 62.922       
 55.958	 -1.486	 62.533       
 55.412	  1.964	 64.056       
 57.276	  4.909	 62.548       
 57.958	  8.421	 63.733       
 59.184	 11.398	 61.729       
 59.951	 14.528	 63.717       
 61.345	 17.719	 62.199       
 64.196	 18.803	 64.492       
 64.200	 22.264	 62.938       
 60.879	 23.291	 64.534       
 59.001	 25.195	 61.789       
 59.589	 28.946	 62.281       
 63.050	 29.207	 60.725       
 64.860	 31.807	 58.641       
 65.728	 31.617	 54.944       
 69.197	 30.075	 54.834       
 68.431	 27.854	 57.821       
 68.793	 24.072	 57.832       
 65.972	 21.587	 58.157       
 66.428	 18.157	 59.710       
 63.938	 15.286	 59.920       
 64.644	 12.357	 62.248       
 63.223	  8.891	 61.683       
 61.961	  7.198	 64.849       
 62.137	  3.556	 63.775       
 61.528	  0.276	 65.702       
 64.146	 -2.391	 66.541       
 64.884	 -4.406	 63.405       
 63.878	 -2.095	 60.544       
 65.951	 -0.195	 57.965       
 63.585	  1.805	 55.697       
 63.972	  4.528	 53.062       
 62.616	  8.061	 53.543       
 61.580	 10.649	 50.936       
 60.501	 14.183	 51.817       
 59.233	 16.655	 49.238       
 59.045	 20.383	 50.013       
 56.141	 22.608	 48.909       
 58.285	 23.541	 45.878       
 59.185	 19.978	 44.892       
 62.625	 20.072	 46.536       
 63.130	 16.487	 47.728       
 65.479	 14.854	 50.227       
 66.157	 11.108	 50.556       
 67.603	  9.202	 53.499       
 67.098	  6.508	 56.119       
 67.259	  8.190	 59.512       
 68.074	 11.874	 59.348       
 67.083	 13.839	 56.280       
 68.533	 17.273	 55.762       
 68.462	 20.405	 53.628       
 71.447	 22.658	 54.329       
 69.890	 25.969	 53.232       
 66.132	 26.510	 53.211       
 64.480	 28.941	 50.850       
 61.365	 31.052	 51.293       
 59.515	 28.641	 49.028       
 60.119	 25.749	 51.439       
 57.407	 27.158	 53.712       
 54.367	 24.920	 53.794       
 53.550	 21.241	 54.209       
 56.359	 18.781	 53.463       
 55.418	 15.218	 52.449       
 57.575	 12.421	 53.849       
 56.825	  8.898	 52.558       
 58.759	  6.056	 54.216       
 59.188	  2.616	 52.669       
 59.721	 -0.556	 54.711       
 58.820	 -4.074	 53.524       
 57.422	 -2.815	 50.204       
 55.040	 -0.759	 52.371       
 54.707	  3.004	 52.776       
 53.387	  5.508	 55.313       
 52.967	  9.204	 54.469       
 54.026	 11.952	 56.899       
 53.068	 15.541	 56.026       
 55.082	 18.024	 58.162       
 54.649	 21.829	 58.230       
 57.778	 23.981	 58.075       
 57.672	 27.784	 58.248       
 60.498	 29.637	 56.508       
 60.047	 33.269	 57.577       
 60.050	 36.037	 54.981       
 62.136	 39.225	 55.142       
 62.485	 42.428	 53.136       
 65.603	 44.362	 52.134       
BRIEF 1GC1 L 213              
 -1.773	  8.334	 77.694       
 -1.922	  9.995	 81.128       
 -4.249	 12.996	 81.129       
 -3.300	 15.558	 83.768       
 -5.516	 18.357	 85.093       
 -4.814	 21.221	 87.451       
 -8.047	 22.132	 89.245       
 -8.063	 25.872	 89.949       
 -7.415	 27.403	 86.502       
 -6.742	 30.724	 88.231       
 -5.933	 31.276	 91.907       
 -6.291	 34.766	 93.398       
 -4.337	 35.232	 96.642       
 -3.265	 38.258	 98.702       
  0.562	 38.602	 98.952       
  2.005	 37.070	102.085       
 -0.897	 34.639	102.533       
 -0.856	 30.892	101.709       
 -1.702	 29.155	 98.378       
 -2.573	 25.535	 97.463       
 -2.952	 24.106	 93.923       
 -4.234	 20.639	 92.927       
 -3.176	 18.355	 90.059       
 -5.201	 15.227	 89.308       
 -4.486	 12.376	 86.854       
 -6.826	 10.051	 84.899       
 -4.606	  7.062	 85.651       
 -2.190	  6.431	 88.526       
  1.135	  8.266	 88.334       
  2.621	  6.680	 91.493       
  4.843	  9.535	 92.787       
  6.321	 10.372	 89.383       
  4.978	 13.942	 89.524       
  6.769	 17.253	 89.086       
  5.960	 20.926	 89.571       
  7.281	 23.779	 87.440       
  7.087	 27.554	 87.792       
  6.985	 29.751	 84.735       
  7.288	 33.518	 84.681       
  6.002	 35.242	 81.487       
  8.712	 34.847	 78.820       
 11.032	 32.612	 80.836       
 11.905	 28.890	 80.620       
 10.233	 26.818	 83.404       
 11.670	 26.450	 86.911       
 11.729	 22.908	 88.383       
 10.425	 23.301	 91.925       
  9.568	 19.765	 92.976       
  9.996	 16.239	 91.628       
  9.081	 12.776	 92.804       
  5.884	 14.344	 94.110       
  7.513	 15.811	 97.228       
 11.255	 16.428	 96.937       
 12.213	 20.044	 96.295       
 14.971	 21.088	 93.856       
 18.286	 22.794	 94.714       
 17.451	 26.366	 95.686       
 13.708	 25.988	 96.196       
 12.518	 27.550	 99.507       
 10.650	 25.459	102.094       
  7.772	 27.810	101.243       
  6.822	 25.548	 98.327       
  5.754	 22.033	 99.342       
  4.799	 18.906	 97.447       
  2.318	 16.323	 98.674       
  0.236	 13.441	 97.361       
  0.324	 10.185	 95.423       
 -1.598	  8.117	 92.891       
 -3.856	 10.454	 90.917       
 -4.217	 13.573	 93.116       
 -1.372	 15.917	 94.049       
 -1.038	 19.338	 95.716       
  1.502	 22.154	 95.762       
  1.413	 24.378	 98.823       
  3.153	 27.774	 98.992       
  2.853	 29.102	102.545       
  4.274	 32.643	102.672       
  3.487	 33.931	 99.151       
  6.042	 36.551	 98.181       
  6.065	 38.564	 94.962       
  8.757	 36.439	 93.379       
  6.156	 33.638	 93.485       
  4.058	 35.300	 90.769       
  3.775	 32.800	 87.893       
  1.947	 29.904	 86.282       
  2.449	 26.447	 87.824       
  2.488	 23.166	 85.909       
  2.469	 19.526	 87.028       
  3.990	 16.736	 84.935       
  3.704	 12.976	 85.329       
  6.439	 10.663	 84.085       
  5.441	  7.259	 85.409       
  4.833	  5.404	 82.125       
  7.319	  3.495	 79.973       
  7.906	  3.796	 77.035       
  7.989	  7.541	 77.888       
  4.683	  9.289	 77.278       
  5.240	 11.886	 80.004       
  2.573	 14.609	 80.067       
  1.822	 18.087	 81.430       
 -1.191	 19.749	 82.987       
 -2.669	 22.948	 81.515       
 -1.343	 24.946	 84.475       
 -2.757	 27.013	 87.330       
 -2.347	 30.816	 87.092       
 -1.245	 32.285	 90.426       
 -2.013	 36.017	 90.589       
 -2.022	 38.796	 93.217       
 -5.384	 39.555	 94.803       
 -6.031	 43.169	 95.768       
 -8.980	 45.552	 95.901       
-11.322	 46.282	 93.018       
-10.290	 49.263	 90.930       
-12.382	 50.349	 87.931       
-10.646	 50.971	 84.558       
 -9.847	 54.429	 83.214       
-11.356	 53.979	 79.755       
 -9.928	 55.800	 76.720       
-10.867	 55.710	 73.033       
 -8.773	 56.576	 69.957       
 -9.912	 57.430	 66.401       
 -8.067	 55.978	 63.360       
 -5.112	 58.252	 62.571       
 -5.381	 60.419	 59.467       
 -2.198	 58.692	 58.337       
 -3.931	 55.304	 58.603       
 -7.001	 56.700	 56.848       
 -4.799	 58.038	 54.037       
 -2.805	 54.788	 53.980       
 -6.058	 52.894	 53.455       
 -7.456	 51.366	 56.658       
 -9.389	 52.560	 59.728       
 -8.522	 51.200	 63.187       
-10.254	 52.549	 66.279       
 -8.792	 51.633	 69.668       
-10.219	 51.471	 73.165       
 -8.109	 51.210	 76.316       
 -9.232	 50.068	 79.754       
 -6.370	 51.325	 81.899       
 -5.316	 49.910	 85.278       
 -8.277	 47.819	 86.443       
 -7.972	 44.863	 88.810       
-10.134	 41.815	 88.050       
 -8.780	 40.863	 84.636       
-12.464	 40.159	 84.030       
-13.701	 43.066	 81.913       
-16.201	 43.348	 79.057       
-15.951	 45.435	 75.895       
-18.646	 46.322	 73.355       
-18.464	 48.437	 70.262       
-20.952	 50.362	 68.159       
-20.665	 51.476	 64.531       
-23.741	 53.732	 64.733       
-25.623	 52.504	 67.808       
-25.758	 48.999	 66.271       
-23.619	 46.294	 67.916       
-20.303	 45.064	 66.495       
-18.639	 41.639	 66.680       
-15.888	 39.674	 64.941       
-13.754	 42.612	 63.836       
-12.471	 43.383	 67.346       
 -9.402	 41.829	 69.010       
 -8.436	 42.650	 72.583       
 -5.206	 42.129	 74.453       
 -4.359	 42.260	 78.168       
 -1.016	 42.874	 79.878       
  0.645	 40.645	 82.473       
 -0.225	 41.832	 86.016       
  1.682	 44.972	 87.033       
  4.577	 44.593	 89.479       
  3.909	 47.851	 91.299       
  0.101	 48.028	 91.542       
 -1.313	 44.520	 90.875       
 -3.758	 45.794	 88.242       
 -4.075	 44.947	 84.522       
 -4.985	 46.803	 81.337       
 -6.749	 45.928	 78.075       
 -6.713	 47.173	 74.508       
 -9.613	 46.528	 72.179       
 -9.000	 47.541	 68.570       
-11.886	 47.610	 66.051       
-11.065	 47.377	 62.362       
-12.994	 48.570	 59.315       
-11.647	 49.403	 55.859       
-11.097	 53.121	 55.176       
-14.247	 52.697	 53.123       
-16.672	 51.269	 55.722       
-15.403	 53.804	 58.257       
-16.294	 56.709	 55.989       
-19.982	 55.765	 55.984       
-20.867	 55.765	 59.651       
-20.834	 58.391	 62.379       
-20.753	 57.306	 66.042       
-18.056	 54.906	 67.239       
-18.762	 53.909	 70.844       
-16.644	 51.857	 73.230       
-18.865	 50.443	 75.993       
-17.165	 48.936	 79.048       
-18.316	 46.906	 82.080       
-16.486	 45.884	 85.291       
-16.793	 45.834	 89.102       
-16.042	 49.318	 90.386       
-17.573	 50.770	 87.239       
-20.985	 51.187	 88.853       
-22.721	 51.638	 85.486       
-21.263	 50.877	 82.011       
-18.744	 53.479	 80.821       
-19.037	 54.580	 77.223       
-16.266	 56.484	 75.481       
-17.495	 57.454	 72.035       
-16.792	 59.884	 69.202       
-17.804	 60.589	 65.599       
-16.925	 61.172	 61.937       
BRIEF 1GC1 H 229              
 25.208	 21.506	 86.279       
 24.884	 21.992	 82.538       
 24.277	 25.269	 80.681       
 21.837	 24.915	 77.806       
 21.986	 27.528	 75.036       
 19.775	 27.192	 71.938       
 19.582	 28.492	 68.364       
 17.814	 31.717	 67.394       
 14.288	 32.082	 66.037       
 13.104	 30.333	 62.851       
 10.591	 31.433	 60.252       
  9.420	 28.538	 58.072       
  6.646	 28.152	 55.486       
  4.247	 25.288	 56.301       
  5.608	 22.066	 54.836       
  9.268	 22.716	 55.670       
 11.766	 21.033	 58.026       
 13.254	 22.722	 61.063       
 16.249	 21.645	 63.101       
 16.892	 23.518	 66.334       
 20.091	 22.917	 68.370       
 20.903	 22.996	 72.069       
 24.559	 23.359	 73.101       
 25.049	 21.619	 76.476       
 28.044	 22.742	 78.518       
 29.396	 22.548	 82.056       
 28.867	 18.862	 82.841       
 29.729	 15.460	 81.265       
 27.159	 15.511	 78.437       
 26.554	 11.724	 78.367       
 25.494	 11.545	 82.022       
 22.309	 13.493	 81.157       
 19.182	 12.755	 79.113       
 17.611	 15.610	 77.126       
 13.976	 16.310	 76.361       
 12.198	 18.874	 74.210       
  9.193	 20.824	 75.474       
  7.211	 23.119	 73.148       
  4.904	 25.946	 74.149       
  2.451	 27.648	 71.832       
  1.776	 31.406	 72.355       
 -1.095	 31.387	 74.845       
 -1.003	 27.719	 75.811       
  0.979	 25.486	 78.136       
  3.897	 23.050	 78.011       
  3.873	 19.902	 75.813       
  6.264	 16.947	 75.972       
  7.552	 16.134	 72.467       
 10.222	 13.528	 73.167       
 13.365	 12.547	 75.058       
 16.714	 11.033	 74.142       
 18.819	  8.807	 76.420       
 22.159	 10.394	 75.471       
 24.239	  7.326	 76.507       
 22.435	  4.847	 74.200       
 21.163	  7.314	 71.564       
 17.610	  6.012	 71.936       
 14.847	  8.603	 71.873       
 11.190	  7.973	 72.720       
  8.731	 10.435	 71.167       
  5.181	 11.434	 72.026       
  2.386	  9.485	 70.271       
  1.195	 12.387	 68.060       
  4.582	 13.684	 66.913       
  5.896	 10.171	 66.233       
  6.844	  9.935	 62.595       
  7.597	 13.616	 61.984       
  9.850	 14.455	 64.926       
 13.482	 13.465	 65.458       
 15.882	 14.084	 68.330       
 19.626	 13.410	 68.111       
 22.597	 14.315	 70.259       
 26.088	 14.754	 68.905       
 28.386	 13.500	 71.635       
 31.396	 15.301	 70.111       
 29.804	 18.765	 70.207       
 27.608	 18.209	 73.278       
 24.691	 19.206	 71.115       
 21.111	 17.997	 71.187       
 18.913	 18.391	 68.091       
 15.241	 18.435	 67.187       
 14.051	 18.172	 63.614       
 10.373	 18.647	 62.980       
  9.171	 17.869	 59.482       
  5.901	 18.462	 57.656       
  5.559	 21.769	 59.471       
  1.947	 22.715	 60.049       
  1.070	 26.279	 61.007       
  0.049	 24.857	 64.384       
  3.653	 23.847	 65.057       
  4.299	 27.569	 65.725       
  5.729	 27.654	 69.233       
  8.747	 28.094	 71.469       
 10.956	 25.013	 71.674       
 12.901	 24.441	 74.894       
 15.523	 21.757	 75.382       
 15.806	 20.475	 78.954       
 17.578	 17.811	 80.946       
 18.501	 16.113	 84.201       
 21.518	 14.138	 85.318       
 21.441	 10.328	 85.519       
 24.995	  9.237	 86.395       
 26.242	  6.845	 83.673       
 29.570	  7.599	 81.886       
 31.063	  4.104	 82.241       
 29.494	  3.287	 85.585       
 26.343	  1.613	 84.275       
 24.218	  3.674	 86.681       
 21.216	  5.438	 85.170       
 18.150	  6.568	 87.141       
 16.232	  7.479	 83.978       
 14.813	 10.549	 85.756       
 11.733	 11.765	 83.907       
 11.626	 15.292	 85.372       
 13.607	 18.272	 84.000       
 16.214	 20.236	 86.000       
 17.847	 22.414	 83.349       
 16.108	 24.359	 80.600       
 17.035	 26.585	 77.664       
 16.216	 30.214	 76.798       
 13.839	 28.985	 74.135       
 13.766	 29.059	 70.369       
 10.735	 30.592	 68.740       
  9.710	 28.801	 65.566       
  6.997	 30.547	 63.591       
  5.441	 28.672	 60.700       
  3.377	 30.813	 58.334       
  2.690	 31.339	 54.634       
  3.147	 35.094	 55.260       
  6.465	 36.818	 54.439       
  8.659	 39.067	 56.598       
  7.823	 42.770	 56.819       
  8.363	 45.790	 59.042       
  5.326	 47.273	 60.806       
  3.281	 50.404	 60.252       
  3.765	 52.641	 63.244       
  0.773	 54.942	 63.790       
  0.336	 57.195	 66.870       
 -2.647	 57.256	 69.243       
 -3.104	 61.027	 69.534       
 -4.200	 62.264	 72.997       
 -7.924	 61.421	 73.169       
 -8.357	 64.979	 74.460       
 -6.349	 67.202	 76.800       
 -8.684	 66.399	 79.694       
 -9.450	 62.701	 80.234       
-10.729	 60.307	 82.915       
 -9.002	 61.708	 85.989       
 -6.772	 64.273	 84.333       
 -3.963	 62.119	 83.016       
 -3.851	 62.098	 79.227       
 -2.993	 58.870	 77.422       
 -1.332	 58.415	 74.043       
  0.568	 55.697	 72.199       
  1.406	 53.791	 69.035       
 -0.396	 51.203	 66.903       
  2.329	 48.913	 65.561       
  0.398	 46.889	 62.993       
  0.883	 44.650	 59.938       
  4.285	 43.184	 60.809       
  5.042	 39.501	 60.418       
  7.687	 37.832	 62.559       
  6.465	 38.532	 66.112       
  9.683	 39.851	 67.741       
  8.946	 43.604	 67.968       
 10.173	 45.969	 70.732       
  8.701	 49.352	 71.608       
 10.087	 52.156	 73.779       
  9.307	 55.769	 74.659       
 11.706	 58.722	 74.628       
 14.547	 56.376	 73.704       
 14.253	 54.675	 77.112       
 13.912	 57.909	 79.109       
 10.214	 57.369	 79.642       
  9.348	 54.005	 81.208       
  6.811	 54.700	 83.973       
  3.096	 54.271	 83.225       
  3.737	 52.579	 79.854       
  1.770	 49.563	 78.612       
  2.866	 47.510	 75.609       
  0.039	 45.025	 75.100       
  1.014	 41.533	 73.896       
  0.789	 41.014	 70.153       
 -2.355	 39.827	 68.422       
 -2.518	 37.905	 65.141       
 -4.846	 39.362	 62.536       
 -6.829	 37.197	 60.110       
 -4.338	 38.390	 57.481       
 -1.511	 36.395	 59.063       
  0.132	 39.614	 60.239       
  0.444	 40.772	 63.880       
 -0.475	 44.052	 65.563       
 -0.142	 45.569	 69.075       
 -0.375	 48.911	 70.889       
  2.001	 50.649	 73.261       
  0.327	 53.313	 75.399       
  1.700	 55.707	 78.014       
 -0.398	 57.794	 80.358       
  0.910	 61.271	 81.096       
 -0.574	 64.357	 82.804       
 -2.551	 66.652	 80.500       
 -0.126	 69.460	 81.401       
  2.997	 67.854	 79.898       
  1.498	 67.584	 76.418       
  2.856	 70.251	 74.099       
  5.698	 71.148	 76.461       
  7.125	 67.625	 76.633       
  6.642	 65.752	 73.355       
  6.666	 61.956	 73.026       
  8.219	 59.342	 70.764       
  7.703	 55.584	 70.449       
 10.712	 53.667	 69.120       
  9.582	 50.553	 67.248       
 12.304	 48.021	 66.447       
 11.954	 44.879	 64.381       
 15.038	 42.761	 63.726       
 13.375	 40.358	 61.234       
 12.874	 43.288	 58.861       
 15.826	 45.448	 59.928       
 13.286	 48.066	 60.907       
 13.413	 50.709	 63.614       
 10.946	 53.579	 63.524       
 10.362	 56.567	 65.784       
  6.964	 58.291	 65.883       
  6.047	 61.450	 67.777       
  2.490	 61.514	 69.071       
  0.971	 64.873	 68.156       
 -1.297	 66.463	 70.790       
 -5.109	 66.571	 70.708       
