BRIEF 1HYS B 425              
 15.127	103.131	 -4.956  0.562
 12.681	103.194	 -2.047  0.489
  9.404	101.372	 -2.403  0.535
  8.724	 98.294	 -4.531  0.007
  5.323	 99.914	 -5.061  0.408
  4.187	100.923	 -8.570 -0.673
  3.989	104.646	 -9.283  0.532
  0.446	106.036	 -9.517  0.031
 -0.076	108.180	-12.679  0.562
 -0.767	111.794	-11.786  0.569
 -1.769	114.278	-14.458 -0.759
 -2.367	118.002	-13.851  0.561
 -5.762	119.713	-14.109  0.397
 -6.349	120.195	-17.913  0.494
 -5.191	123.456	-19.506  0.484
 -3.020	124.562	-16.575  0.568
  0.772	124.103	-16.974  0.470
  2.625	123.341	-13.705  0.560
  4.099	125.888	-11.241  0.562
  6.326	128.702	-12.501 -1.373
  6.703	130.740	 -9.351 -0.101
  9.838	132.612	 -8.443  0.342
 12.028	132.009	 -5.413  0.567
 11.697	134.955	 -2.989  0.542
 14.847	135.987	 -0.985  0.494
 16.073	133.787	  1.897  0.561
 18.215	134.628	  4.934  0.377
 21.659	132.980	  5.389  0.079
 20.524	130.812	  8.283  0.459
 17.553	129.606	  6.231  0.510
 19.784	129.092	  3.204  0.408
 22.170	126.816	  5.101 -0.175
 19.352	125.048	  6.957  0.569
 17.872	124.558	  3.534  0.411
 21.099	123.460	  1.911 -2.585
 21.914	120.850	  4.549 -0.821
 18.479	119.160	  4.799  0.529
 18.438	119.278	  1.005  0.470
 21.693	117.408	  0.178 -3.006
 21.219	114.607	  2.663 -0.468
 18.056	113.932	  0.631 -0.107
 19.863	113.712	 -2.725  0.566
 22.285	111.389	 -0.984 -0.115
 19.266	109.277	 -0.181  0.187
 18.053	110.326	 -3.584  0.560
 14.752	111.510	 -2.209  0.565
 15.187	114.219	 -4.826  0.489
 17.528	114.764	 -7.767 -0.015
 19.435	117.784	 -9.006 -1.060
 18.177	119.399	-12.202  0.207
 19.293	122.087	-14.572  0.560
 17.695	124.935	-16.561  0.562
 16.076	122.405	-18.930  0.244
 13.239	122.101	-16.331  0.530
 11.244	125.396	-16.817  0.494
  8.743	124.651	-14.099  0.559
  9.300	125.795	-10.499  0.569
  7.891	126.233	 -6.939  0.532
  9.444	128.005	 -3.974  0.562
 11.073	126.833	 -0.781 -2.217
 11.892	128.284	  2.524  0.560
 12.725	126.602	  5.768  0.488
 11.254	127.366	  9.153  0.569
 12.955	127.174	 12.537  0.059
 10.461	124.858	 14.262  0.510
 11.261	124.902	 17.984  0.565
 11.770	121.124	 18.348 -0.165
 14.666	118.864	 19.471 -0.086
 14.834	117.263	 16.017  0.014
 16.017	119.761	 13.346  0.005
 14.821	122.492	 10.871  0.542
 12.026	122.120	  8.297  0.567
 12.118	122.940	  4.573  0.565
  8.721	124.005	  3.301  0.038
  7.851	123.955	 -0.414  0.362
  5.152	126.415	 -1.316  0.567
  3.245	123.942	 -3.375  0.482
 -0.019	125.990	 -3.188  0.419
  0.548	126.649	 -6.866  0.459
  1.170	123.101	 -8.109  0.561
 -1.663	122.029	 -5.817  0.569
 -4.230	123.942	 -7.877  0.454
 -2.348	123.047	-11.092 -0.155
 -2.433	119.355	-10.072  0.532
 -5.436	117.028	-10.646  0.470
 -8.146	115.989	 -8.259  0.323
 -8.115	113.010	 -5.925  0.404
-11.184	110.907	 -5.088  0.084
 -8.861	109.631	 -2.329  0.566
 -8.369	113.011	 -0.588  0.446
-12.134	113.436	 -0.421  0.567
-14.180	110.247	  0.280  0.561
-11.016	108.251	  0.874  0.560
-10.293	110.788	  3.623  0.569
-13.655	111.568	  5.332  0.494
-13.673	113.966	  8.271  0.568
-14.146	113.068	 11.969  0.562
-17.033	114.857	 13.594 -0.326
-15.633	114.333	 17.101  0.560
-12.234	115.900	 16.238  0.336
-13.605	119.125	 17.662 -0.115
-15.537	117.232	 20.349 -0.348
-12.380	115.977	 22.097 -0.381
-10.733	117.437	 25.193 -0.344
 -7.345	117.431	 23.534  0.570
 -6.107	117.209	 19.993  0.238
 -2.421	116.951	 19.138  0.532
 -0.756	117.864	 15.894  0.237
  1.754	115.345	 14.702  0.411
  3.987	116.101	 11.705  0.567
  3.680	112.700	  9.986  0.569
  5.667	114.198	  7.126  0.560
  8.453	111.710	  6.794  0.519
  5.917	108.987	  6.046  0.529
  6.305	110.290	  2.545  0.559
  9.868	109.398	  1.514  0.560
  8.660	105.816	  1.485  0.570
  6.818	106.388	 -1.844 -0.020
  8.217	107.473	 -5.236  0.426
  6.649	110.183	 -7.313  0.561
  5.391	109.649	-10.859 -1.042
  8.429	109.906	-13.147 -3.287
  6.463	111.854	-15.760 -3.287
  5.169	114.256	-13.099  0.482
  8.514	114.927	-11.304  0.469
  9.363	118.023	-13.353  0.510
  6.573	120.052	-11.697  0.559
  7.592	119.679	 -8.055  0.532
 10.807	121.524	 -8.718  0.529
 12.242	124.087	 -6.334  0.560
 15.492	126.038	 -6.015  0.532
 17.812	127.123	 -3.240  0.530
 19.048	130.787	 -3.488  0.562
 22.451	132.060	 -2.405  0.535
 23.986	134.958	 -0.461 -3.287
 24.761	137.848	 -2.781  0.569
 24.144	135.381	 -5.669  0.569
 27.629	133.831	 -5.510 -0.313
 27.275	130.842	 -7.750  0.144
 23.835	130.220	 -9.284  0.562
 21.048	128.603	 -7.351  0.560
 21.150	124.824	 -7.329 -1.031
 17.844	123.267	 -8.425  0.567
 16.304	120.010	 -7.217  0.477
 13.531	117.764	 -8.333  0.519
 11.319	115.515	 -6.219  0.395
 11.587	111.731	 -6.822  0.569
  9.104	110.759	 -4.131  0.569
  5.783	112.042	 -2.609  0.561
  6.759	115.617	 -1.747  0.494
  6.238	117.390	  1.519  0.519
  3.039	119.416	  1.209  0.560
  1.408	118.389	 -2.130  0.542
 -2.332	117.733	 -2.575  0.565
 -1.317	114.262	 -3.808  0.560
  1.126	113.040	 -1.112  0.570
 -1.771	112.220	  1.236  0.494
 -3.947	110.733	 -1.438  0.033
 -1.533	108.302	 -2.896  0.490
 -0.052	107.503	  0.448  0.560
 -3.397	107.202	  2.281  0.567
 -4.122	103.427	  1.716 -3.285
 -0.724	102.991	  3.463  0.359
 -1.128	105.577	  6.268  0.526
 -4.382	103.704	  6.713  0.224
 -2.888	100.320	  7.510 -1.019
 -0.165	101.999	  9.669  0.569
 -2.778	103.413	 12.033  0.561
 -5.194	100.455	 11.794 -0.900
 -3.542	 98.806	 14.812  0.562
 -3.494	102.066	 16.808  0.247
 -6.959	103.356	 15.940  0.220
 -8.169	 99.817	 16.755 -3.287
 -6.588	 99.522	 20.217 -3.287
 -7.650	103.042	 21.058  0.370
-11.194	103.472	 19.699  0.562
-11.656	106.155	 22.338 -3.286
 -9.120	108.196	 20.293 -3.279
 -9.867	110.234	 17.180 -0.380
 -7.291	110.500	 14.421  0.490
 -7.361	112.646	 11.314  0.065
 -5.021	113.285	  8.357  0.567
 -4.601	116.718	  6.688  0.559
 -1.530	117.251	  4.457 -0.241
  1.726	116.542	  6.367  0.567
 -0.202	116.372	  9.674  0.567
 -2.029	113.926	 11.915  0.561
 -4.756	115.319	 14.175  0.314
 -4.954	113.000	 17.189  0.364
 -7.538	113.716	 19.760  0.176
 -8.691	112.069	 22.938  0.535
-10.947	112.889	 25.867  0.471
 -8.237	111.567	 28.270  0.561
 -6.717	113.495	 31.192  0.244
 -4.027	115.708	 29.683  0.368
 -1.227	113.661	 31.201 -3.287
 -2.828	110.428	 29.892  0.128
 -3.119	112.104	 26.491  0.524
  0.434	113.370	 26.405  0.567
  1.303	109.735	 27.128 -3.287
 -0.928	108.161	 24.528  0.341
  0.370	110.482	 21.849 -0.576
  3.865	109.289	 22.633  0.079
  2.245	105.927	 22.567 -0.475
  1.191	106.659	 18.984  0.486
  4.353	108.607	 18.280  0.518
  6.259	105.292	 18.587 -3.287
  3.974	102.856	 16.846  0.343
  4.379	105.173	 13.863  0.561
  8.024	104.038	 14.057 -0.304
  7.962	100.218	 14.076 -3.287
  5.790	100.770	 11.059  0.542
  6.762	102.242	  7.782  0.560
  9.655	104.091	  9.584 -1.112
  7.368	107.135	 10.048 -1.053
  9.584	109.458	 12.034  0.570
  7.738	112.399	 13.739  0.562
  9.497	115.277	 15.444  0.373
 11.022	115.168	 18.917 -0.170
  9.924	118.478	 20.550  0.510
 12.078	120.281	 23.162  0.568
 10.046	120.828	 26.362  0.519
 11.564	123.195	 28.908  0.454
 11.271	125.156	 32.114  0.566
 11.172	129.084	 32.208  0.562
  7.993	130.174	 30.203  0.562
  6.461	126.690	 29.410  0.482
  5.196	126.927	 25.805 -0.126
  5.194	123.129	 25.386  0.542
  2.416	122.998	 27.963  0.483
  0.391	125.059	 25.453  0.560
  1.235	122.917	 22.373  0.478
 -1.806	120.725	 22.945  0.513
 -5.032	121.921	 21.385  0.561
 -8.412	121.932	 23.187  0.568
-11.338	122.393	 20.821  0.562
-14.066	122.050	 23.486  0.519
-12.542	125.035	 25.226  0.229
-13.344	127.016	 22.055  0.542
-15.730	129.982	 22.450  0.455
-17.739	132.252	 20.100  0.569
-18.205	136.055	 19.676  0.519
-21.686	137.302	 20.541 -0.461
-20.169	140.407	 22.185  0.127
-22.420	142.562	 19.926 -3.287
-24.588	144.447	 22.539  0.561
-23.525	148.142	 22.960  0.562
-24.316	149.876	 26.310 -3.275
-24.477	153.559	 27.302  0.228
-26.366	155.748	 29.769 -1.118
-26.001	159.130	 27.993 -0.517
-27.208	158.124	 24.506  0.389
-26.123	161.005	 22.229  0.494
-26.699	161.627	 18.472  0.569
-23.349	160.157	 17.437  0.530
-23.957	157.117	 19.609  0.519
-27.480	156.670	 18.187  0.489
-26.141	156.938	 14.631  0.519
-23.131	154.656	 15.204  0.454
-25.518	152.152	 16.734  0.486
-27.812	152.266	 13.686  0.486
-24.999	152.145	 11.170  0.483
-23.762	148.991	 12.870  0.565
-27.272	147.696	 13.497  0.486
-28.490	148.473	  9.967  0.490
-25.750	146.371	  8.504  0.542
-26.266	143.568	 11.018  0.528
-29.679	143.063	  9.451  0.500
-27.829	140.733	  7.085  0.470
-26.445	138.520	  9.867  0.569
-29.622	138.331	 11.977  0.477
-33.475	138.098	 11.678 -3.287
-35.561	140.820	 13.322  0.560
-33.060	143.617	 12.932  0.529
-35.749	146.265	 12.868 -0.804
-34.048	149.618	 13.354 -0.256
-36.933	151.845	 12.266 -3.287
-37.889	153.494	 15.564 -0.498
-34.220	154.181	 16.193  0.412
-34.056	156.224	 12.971  0.471
-37.074	158.171	 14.258 -1.095
-35.112	159.452	 17.269  0.411
-32.635	161.158	 14.985 -1.058
-35.343	162.852	 12.881  0.271
-33.743	166.268	 12.222  0.560
-30.422	168.041	 11.624 -2.891
-29.780	167.710	 15.382  0.454
-26.493	168.891	 16.851 -0.395
-24.304	165.794	 16.760  0.561
-21.807	166.056	 19.615  0.532
-24.219	167.053	 22.363 -0.379
-27.892	166.229	 21.720 -0.895
-28.821	163.234	 23.840 -1.109
-32.399	162.122	 23.115 -2.305
-32.790	159.536	 25.892  0.038
-36.170	158.368	 24.507  0.417
-37.398	155.312	 26.404 -3.287
-39.589	154.589	 23.334  0.295
-36.568	153.099	 21.593  0.569
-35.211	151.549	 24.804  0.458
-37.877	148.845	 24.560 -0.192
-37.282	147.547	 21.029  0.513
-33.565	148.248	 21.407  0.486
-33.645	145.532	 24.071  0.363
-35.674	143.415	 21.626  0.404
-33.007	143.669	 18.930  0.490
-30.490	142.854	 21.681  0.271
-32.383	139.573	 22.134  0.459
-31.970	138.409	 18.532  0.449
-28.215	139.112	 18.744  0.261
-27.325	136.123	 21.008 -1.110
-28.627	132.823	 19.628 -1.014
-28.167	129.841	 17.243  0.074
-28.273	131.792	 13.988  0.487
-30.811	130.659	 11.410  0.479
-29.433	130.302	  7.901  0.560
-25.939	128.911	  8.552 -0.672
-24.924	125.599	  6.982  0.477
-21.695	123.998	  5.816  0.559
-21.732	123.032	  2.157  0.373
-18.743	120.689	  1.692  0.219
-18.778	122.058	 -1.852 -0.501
-18.289	125.807	 -1.488  0.510
-14.961	127.054	 -0.203 -1.109
-14.316	128.629	  3.114  0.262
-13.427	132.241	  3.846 -0.793
-11.787	133.866	  6.827  0.406
-11.630	137.630	  7.454  0.298
 -9.275	139.387	  9.900 -1.152
 -9.271	142.978	 11.214  0.567
 -6.804	144.814	 13.449  0.510
 -9.284	145.300	 16.255  0.519
 -7.629	147.148	 19.077 -1.017
 -4.473	146.578	 21.066 -3.287
 -2.976	143.224	 20.067 -2.382
 -6.550	142.007	 19.705  0.471
 -7.794	140.498	 16.457  0.542
-11.045	138.883	 15.377  0.068
-12.055	136.531	 12.623  0.477
-15.141	135.437	 10.686  0.567
-15.209	132.345	  8.513  0.409
-17.979	131.897	  5.952  0.062
-19.042	130.260	  2.672  0.567
-22.073	132.185	  1.334  0.024
-21.467	135.759	  2.597 -0.641
-23.070	137.252	  5.716 -2.695
-23.884	133.824	  7.168  0.286
-20.593	132.905	  8.828  0.330
-20.407	129.481	 10.411  0.561
-17.932	130.588	 13.065  0.509
-16.371	133.718	 14.599  0.570
-13.505	134.044	 17.055  0.560
-10.540	136.185	 18.045  0.565
 -6.782	136.435	 18.653  0.559
 -5.087	138.136	 21.553  0.447
 -1.297	137.937	 21.597 -1.183
 -0.241	135.900	 24.625 -3.287
  1.345	137.732	 27.550 -1.108
  4.915	138.012	 26.310 -2.168
  7.231	140.299	 24.333 -1.097
  6.193	139.162	 20.836  0.568
  4.666	142.465	 19.755  0.417
  4.812	142.760	 15.977  0.569
  1.718	143.629	 13.987  0.471
  2.579	141.155	 11.236 -0.145
  3.692	138.390	 13.596 -1.299
  0.299	138.497	 15.228  0.519
 -1.531	138.461	 11.933  0.561
  0.618	135.623	 10.657 -1.096
  0.149	133.590	 13.861 -0.310
 -3.497	134.582	 13.821 -0.971
 -3.952	133.062	 10.334  0.446
 -2.195	129.871	 11.568  0.227
 -4.820	129.676	 14.272  0.283
 -7.862	130.328	 12.041 -1.079
 -6.487	127.702	  9.695 -3.287
 -6.169	125.034	 12.385 -3.287
 -9.787	125.574	 13.677  0.566
-11.018	124.894	 10.095 -1.071
 -9.044	121.714	  9.801  0.409
-10.309	120.388	 13.145 -0.070
-13.872	121.533	 12.457  0.490
-14.925	121.138	  8.855  0.390
-11.811	119.376	  7.676  0.484
-10.824	121.924	  5.007 -0.114
 -8.877	125.221	  4.837 -1.110
-10.269	128.778	  4.729  0.494
 -9.024	131.297	  2.170  0.117
 -7.737	134.436	  3.798  0.560
 -8.492	138.058	  3.142 -3.285
 -5.479	139.611	  4.953  0.561
 -5.899	143.216	  6.323  0.562
 -2.380	144.226	  5.354  0.409
 -0.363	145.225	  2.255  0.271
  0.699	142.261	  0.156 -0.113
  4.158	143.769	 -0.522  0.076
  4.539	143.930	  3.322  0.299
  3.416	140.458	  4.565  0.542
  5.703	139.074	  1.907 -1.123
  8.707	140.511	  3.706 -3.287
  7.978	138.807	  7.081  0.542
  5.307	135.951	  7.094  0.389
  7.986	133.261	  6.664 -2.219
  9.675	134.445	  9.891 -2.375
  6.515	133.963	 12.003 -0.016
  4.885	130.879	 10.448  0.542
  5.174	127.462	 12.040  0.567
  2.824	125.045	 10.220  0.529
  3.714	122.218	  7.834  0.416
  1.033	123.676	  5.630 -0.229
  0.386	127.019	  3.934  0.489
 -3.169	128.157	  3.058  0.494
 -4.469	130.450	  0.229 -0.455
 -4.500	134.231	  0.779  0.389
 -5.156	137.522	 -0.962  0.513
 -4.860	141.093	  0.275  0.325
 -7.415	143.779	  1.176  0.279
 -8.027	147.153	  2.810  0.569
-11.600	147.224	  4.021  0.570
-12.528	150.477	  5.871  0.562
-14.141	150.785	  9.380  0.288
-17.464	148.909	  8.973  0.561
-15.722	145.513	  9.245  0.487
-15.102	146.345	 12.887  0.565
-17.953	147.274	 15.218  0.561
BRIEF 1HYS A 553              
 38.730	122.999	-26.199       
 36.014	120.381	-26.853       
 34.351	119.544	-23.517       
 33.486	116.076	-22.023       
 30.728	117.477	-19.767       
 27.360	115.711	-20.248       
 24.634	117.634	-22.088       
 21.288	119.247	-21.256       
 18.287	117.756	-23.132       
 16.826	120.853	-24.714       
 13.532	120.800	-26.600       
 11.286	123.064	-28.657       
  8.264	124.943	-27.365       
  5.542	122.240	-27.271       
  3.747	121.646	-30.551       
  6.108	123.242	-33.048       
  9.222	122.354	-35.043       
 12.474	123.774	-36.273       
 13.131	127.029	-38.083       
 12.806	126.888	-41.872       
 13.840	130.429	-42.747       
 14.897	131.268	-46.299       
 18.540	131.984	-47.074       
 19.036	135.011	-49.314       
 21.748	134.849	-51.977       
 24.787	136.511	-50.335       
 27.434	138.787	-51.799       
 30.239	136.877	-53.505       
 32.880	138.179	-51.060       
 30.435	137.456	-48.206       
 30.166	133.786	-49.242       
 33.954	133.513	-49.313       
 34.208	134.933	-45.807       
 31.608	132.646	-44.273       
 33.299	129.726	-46.061       
 36.696	130.257	-44.423       
 35.057	130.942	-41.073       
 32.864	127.845	-41.033       
 35.719	125.751	-42.385       
 37.675	126.629	-39.216       
 34.656	126.068	-36.955       
 34.473	122.632	-38.511       
 37.962	121.624	-37.505       
 37.078	122.943	-34.066       
 34.205	120.424	-33.839       
 31.981	123.413	-33.249       
 30.036	122.394	-36.327       
 29.917	119.474	-38.767       
 28.423	118.930	-42.242       
 24.787	117.754	-42.358       
 22.893	115.395	-44.618       
 20.139	116.198	-47.212       
 17.190	115.461	-44.955       
 17.457	118.383	-42.559       
 14.517	120.651	-43.494       
 15.672	122.867	-40.736       
 17.424	126.223	-41.407       
 18.694	129.446	-39.820       
 20.067	132.440	-41.838       
 23.676	133.650	-41.882       
 24.862	137.120	-42.857       
 28.151	138.770	-43.542       
 29.398	141.546	-41.295       
 32.953	141.576	-40.164       
 32.877	145.157	-38.849       
 34.035	144.037	-35.343       
 37.638	143.437	-33.943       
 40.433	142.375	-36.332       
 41.454	139.172	-34.569       
 38.512	136.888	-33.822       
 36.149	138.883	-36.092       
 32.882	136.911	-36.459       
 30.485	135.610	-39.162       
 26.884	135.808	-37.929       
 23.600	133.866	-37.645       
 20.122	134.933	-36.581       
 18.477	132.295	-34.396       
 15.737	134.724	-33.421       
 13.198	132.513	-35.117       
 14.810	129.325	-33.725       
 14.690	130.990	-30.364       
 11.042	131.924	-30.915       
 10.481	128.128	-30.917       
 13.378	127.143	-28.663       
 11.652	125.682	-25.568       
 11.377	127.885	-22.496       
 13.914	127.622	-19.679       
 14.051	128.499	-15.991       
 16.981	130.934	-16.135       
 18.083	130.153	-12.556       
 19.155	133.395	-10.823       
 18.248	135.951	 -8.163       
 20.287	138.719	 -9.761       
 23.777	140.066	-10.375       
 26.240	139.837	 -7.435       
 27.117	143.200	 -5.887       
 30.545	144.041	 -4.294       
 28.820	145.003	 -1.034       
 28.377	141.267	 -0.579       
 32.037	140.466	 -1.069       
 33.998	139.691	  2.090       
 37.406	141.317	  2.631       
 39.923	138.646	  1.711       
 43.714	138.681	  1.435       
 44.429	137.354	 -2.064       
 42.000	137.936	 -4.956       
 41.990	136.681	 -8.554       
 39.568	137.077	-11.462       
 39.953	134.431	-14.166       
 37.837	134.326	-17.305       
 36.896	131.920	-20.068       
 37.369	132.362	-23.785       
 35.015	130.678	-26.254       
 32.647	129.656	-23.424       
 29.536	128.849	-25.444       
 32.015	127.416	-27.998       
 33.145	124.683	-25.559       
 30.010	123.164	-24.045       
 28.502	120.540	-26.378       
 24.904	121.193	-27.461       
 22.305	118.470	-27.091       
 23.546	116.231	-29.883       
 19.980	115.211	-30.287       
 18.917	118.915	-30.650       
 21.789	120.048	-33.031       
 19.696	119.340	-36.191       
 18.176	122.764	-35.625       
 21.242	124.955	-35.818       
 21.205	124.307	-39.564       
 22.798	127.255	-41.297       
 23.271	127.093	-45.068       
 26.217	129.211	-46.140       
 24.734	130.429	-49.476       
 26.797	129.091	-52.340       
 27.941	131.294	-55.229       
 25.321	131.958	-57.963       
 26.970	129.328	-60.229       
 26.912	126.279	-57.863       
 23.260	125.260	-57.422       
 23.565	123.261	-54.184       
 24.794	125.198	-51.124       
 26.978	124.362	-48.101       
 25.259	123.000	-44.986       
 26.443	122.995	-41.408       
 24.921	122.360	-37.986       
 26.327	123.594	-34.660       
 27.482	121.069	-32.058       
 28.183	123.409	-29.194       
 26.003	126.247	-27.926       
 25.559	128.858	-30.656       
 25.731	132.437	-29.272       
 22.396	134.084	-29.869       
 20.392	130.971	-29.010       
 18.161	131.650	-25.975       
 19.290	128.846	-23.766       
 22.980	129.221	-24.482       
 23.950	131.356	-21.412       
 21.666	129.198	-19.235       
 22.845	125.708	-20.216       
 26.341	127.128	-19.996       
 25.878	128.170	-16.392       
 24.316	124.936	-15.342       
 27.408	123.347	-16.972       
 30.154	125.741	-15.723       
 28.709	125.476	-12.204       
 28.968	121.687	-12.330       
 32.562	121.756	-13.366       
 32.975	123.926	-10.299       
 31.240	121.862	 -7.549       
 33.850	119.025	 -7.500       
 36.648	121.588	 -7.077       
 34.589	123.463	 -4.466       
 33.619	120.517	 -2.209       
 37.312	119.731	 -2.047       
 38.314	123.048	 -0.453       
 35.464	125.277	  0.996       
 37.945	128.057	  1.916       
 38.427	129.508	 -1.569       
 35.567	131.719	 -2.676       
 34.580	131.306	 -6.306       
 31.984	133.833	 -7.482       
 30.786	132.820	-10.910       
 29.021	134.799	-13.597       
 28.920	133.343	-17.109       
 32.553	133.515	-18.159       
 33.972	135.604	-15.349       
 35.346	133.431	-12.562       
 36.249	135.342	 -9.433       
 38.288	133.572	 -6.773       
 39.937	134.660	 -3.573       
 40.865	133.221	 -0.182       
 42.995	133.791	  2.946       
 45.885	132.006	  1.201       
 49.232	133.809	  0.762       
 49.570	135.542	 -2.636       
 51.834	132.633	 -3.591       
 49.996	129.766	 -1.891       
 46.942	131.351	 -3.552       
 48.220	130.876	 -7.110       
 49.306	127.384	 -6.131       
 45.530	127.015	 -5.678       
 44.585	128.865	 -8.852       
 46.734	126.309	-10.702       
 44.379	123.630	 -9.442       
 41.161	125.439	-10.400       
 42.817	126.651	-13.613       
 43.519	123.001	-14.427       
 40.089	121.654	-13.474       
 38.364	123.939	-15.986       
 40.792	123.041	-18.785       
 40.430	119.333	-18.038       
 36.728	119.885	-18.661       
 37.616	122.158	-21.529       
 37.897	125.742	-20.390       
 40.618	128.053	-21.735       
 41.822	130.480	-19.108       
 44.568	132.638	-20.663       
 46.420	135.661	-19.384       
 43.636	137.835	-20.789       
 42.531	137.639	-17.129       
 43.034	140.028	-14.190       
 46.785	140.032	-13.498       
 47.284	142.969	-11.155       
 46.192	142.171	 -7.626       
 45.167	145.756	 -6.863       
 42.866	146.162	 -9.899       
 40.099	143.584	-10.451       
 37.600	144.839	-13.080       
 34.872	142.365	-12.070       
 31.224	142.895	-13.122       
 31.815	146.537	-14.122       
 33.195	147.162	-10.631       
 36.850	147.787	 -9.873       
 37.764	145.643	 -6.919       
 40.597	147.298	 -4.969       
 42.383	146.117	 -1.778       
 39.752	147.858	  0.321       
 37.200	149.526	 -1.949       
 34.891	148.965	 -4.897       
 34.407	151.553	 -7.651       
 33.319	152.281	-11.265       
 35.236	155.306	-12.696       
 33.108	155.269	-15.874       
 30.206	157.369	-14.625       
 30.558	158.934	-18.133       
 27.297	160.817	-18.683       
 25.548	161.775	-21.967       
 27.120	165.272	-22.048       
 24.978	167.652	-24.144       
 23.196	165.017	-26.236       
 20.275	165.402	-23.813       
 18.938	166.995	-27.031       
 16.574	164.082	-27.521       
 13.930	162.412	-25.348       
 15.747	159.153	-26.109       
 18.822	160.608	-24.417       
 16.644	161.635	-21.502       
 16.065	157.882	-21.175       
 19.793	157.060	-21.139       
 20.309	160.032	-18.805       
 17.594	159.014	-16.358       
 18.737	155.395	-16.295       
 22.407	156.312	-16.081       
 21.615	158.013	-12.759       
 20.036	154.878	-11.230       
 23.210	152.805	-11.706       
 25.310	155.671	-10.369       
 23.109	155.658	 -7.270       
 24.924	152.530	 -6.018       
 28.015	154.226	 -4.601       
 26.653	157.701	 -5.277       
 24.801	159.186	 -2.278       
 21.197	160.249	 -2.645       
 19.958	161.128	 -6.115       
 16.384	161.646	 -7.145       
 15.026	161.557	-10.709       
 11.228	162.199	-10.440       
 11.609	165.535	-12.215       
 13.442	164.001	-15.187       
 11.305	160.830	-14.937       
  8.153	162.893	-15.399       
  9.594	164.435	-18.555       
  9.623	160.958	-20.139       
  6.017	160.192	-19.093       
  4.171	161.608	-22.100       
  6.666	160.588	-24.803       
  6.058	157.876	-27.425       
  8.069	159.425	-30.259       
 11.433	157.897	-31.113       
 14.078	160.536	-31.986       
 12.170	163.628	-30.668       
 12.672	166.090	-27.750       
 10.711	167.295	-24.693       
 10.728	170.983	-23.613       
 12.481	170.037	-20.347       
 10.454	171.199	-17.348       
 12.469	173.709	-15.269       
 11.943	171.509	-12.194       
 14.383	169.100	-13.884       
 17.035	171.738	-14.756       
 17.978	172.230	-11.097       
 17.481	168.568	-10.251       
 19.935	167.767	-13.026       
 22.182	170.511	-11.596       
 22.074	169.085	 -8.060       
 22.454	165.455	 -9.179       
 25.401	166.217	-11.452       
 27.202	167.746	 -8.467       
 26.726	164.316	 -6.884       
 28.048	162.666	-10.028       
 31.343	164.569	-10.182       
 32.659	164.006	 -6.654       
 34.487	160.629	 -6.351       
 33.433	158.140	 -3.659       
 33.713	154.483	 -2.691       
 31.823	151.564	 -1.161       
 33.697	149.439	  1.429       
 33.602	145.642	  1.674       
 31.266	143.813	  4.116       
 32.386	141.818	  7.163       
 29.898	139.566	  9.045       
 31.067	140.437	 12.541       
 30.083	144.068	 12.521       
 26.437	144.403	 11.403       
 24.525	146.404	  8.784       
 22.571	149.563	  9.471       
 20.092	150.995	  7.000       
 19.687	154.741	  7.297       
 16.852	156.391	  5.462       
 16.368	159.937	  4.216       
 13.601	161.884	  2.469       
 14.222	164.996	  0.365       
 11.788	164.566	 -2.508       
  8.037	165.249	 -2.463       
  7.785	161.509	 -1.792       
 11.296	160.300	 -2.530       
 13.717	158.600	 -0.136       
 17.316	157.453	  0.144       
 18.968	154.729	  2.157       
 22.473	154.084	  3.336       
 23.313	150.505	  4.261       
 26.524	150.701	  6.294       
 28.583	149.056	  9.047       
 30.855	151.788	 10.397       
 29.970	155.545	 10.509       
 31.556	157.195	  7.466       
 32.267	153.999	  5.505       
 29.312	153.364	  3.187       
 28.499	149.912	  1.850       
 25.829	150.050	 -0.850       
 23.586	153.109	 -1.278       
 20.154	153.231	 -2.907       
 17.113	155.382	 -3.660       
 13.385	154.720	 -3.637       
 10.684	156.624	 -5.495       
  7.037	155.624	 -5.933       
  3.378	155.672	 -5.030       
  2.385	152.081	 -4.346       
 -1.188	153.339	 -4.642       
 -3.220	156.535	 -4.975       
 -3.706	157.718	 -1.409       
 -0.206	157.245	  0.038       
  1.573	159.503	  2.509       
  4.976	160.155	  4.035       
  4.068	157.677	  6.790       
  3.498	154.818	  4.339       
  6.318	155.772	  1.990       
  8.677	155.227	  4.910       
  8.071	151.531	  5.641       
  7.511	150.906	  1.955       
 11.116	152.047	  1.608       
 12.299	149.962	  4.609       
 10.693	146.791	  3.317       
 12.213	147.673	 -0.059       
 15.561	147.629	  1.801       
 15.368	144.562	  4.045       
 14.522	142.206	  1.174       
 17.223	143.912	 -0.883       
 19.720	143.452	  1.955       
 18.491	139.960	  2.710       
 19.605	139.370	 -0.878       
 23.123	140.865	 -0.647       
 24.178	139.764	  2.860       
 21.785	137.133	  4.267       
 20.862	138.986	  7.515       
 18.229	141.754	  7.983       
 19.649	145.222	  8.721       
 19.010	147.637	 11.577       
 17.094	150.746	 10.532       
 17.522	154.448	 11.252       
 14.239	156.065	 10.327       
 13.823	159.892	 10.077       
 10.565	159.625	 11.989       
 10.027	159.874	 15.740       
  9.188	156.965	 18.015       
  5.857	158.468	 19.136       
  4.817	159.205	 15.537       
  5.124	155.494	 14.729       
  3.337	154.616	 17.976       
  0.358	156.749	 16.981       
  0.517	155.479	 13.384       
  0.133	151.753	 13.919       
 -2.083	152.197	 16.970       
 -4.621	153.854	 14.680       
 -4.263	152.266	 11.215       
 -6.508	149.206	 11.064       
 -4.131	147.737	  8.517       
 -1.332	145.732	 10.132       
  2.160	147.191	  9.635       
  5.583	147.114	 11.293       
  9.346	147.591	 11.067       
 12.118	145.605	 12.705       
 14.886	147.077	 14.887       
 14.799	150.814	 14.207       
 16.685	153.631	 15.868       
 15.705	157.291	 16.071       
 17.544	159.733	 13.785       
 16.874	163.480	 13.670       
 18.731	164.993	 10.694       
 16.168	165.381	  8.011       
 13.034	167.146	  6.845       
 11.482	164.837	  9.473       
  8.604	162.652	  8.425       
  5.371	162.947	 10.431       
  1.602	162.596	 10.049       
 -0.057	165.951	  9.345       
 -3.630	165.955	 10.629       
 -5.524	163.840	 13.153       
 -9.256	163.033	 12.899       
-10.321	163.268	 16.555       
-11.496	160.028	 18.095       
-14.462	161.912	 19.513       
-16.858	164.438	 17.898       
-16.188	168.016	 18.918       
-18.823	169.198	 21.412       
-19.716	172.733	 20.350       
-19.258	172.712	 16.553       
-21.331	172.358	 13.366       
-22.468	168.868	 12.447       
-22.261	169.479	  8.692       
-24.260	166.639	  7.197       
-22.641	166.361	  3.740       
-23.803	164.556	  0.560       
-23.482	164.374	 -3.249       
-24.894	162.570	 -6.307       
-24.467	162.246	-10.061       
-26.698	160.852	-12.795       
-24.826	158.016	-14.527       
-25.613	159.395	-18.029       
-25.564	163.129	-17.230       
-21.796	163.244	-16.678       
-22.815	165.909	-14.132       
-24.090	166.164	-10.567       
-24.644	168.345	 -7.490       
-22.607	168.433	 -4.261       
-23.659	170.028	 -0.983       
-24.632	169.996	  2.667       
-26.834	171.136	  5.505       
-25.705	172.163	  9.019       
-26.934	171.836	 12.615       
-28.417	175.333	 12.242       
-30.440	174.625	  9.102       
-27.820	176.300	  6.878       
-27.906	174.670	  3.440       
-25.700	174.731	  0.340       
-25.341	173.016	 -3.057       
-23.083	173.106	 -6.123       
-23.793	171.311	 -9.403       
-20.698	169.958	-11.118       
-19.805	168.488	-14.520       
-17.376	165.692	-15.557       
-17.636	164.226	-12.024       
-19.169	160.959	-10.756       
-21.153	159.654	 -7.743       
-17.899	158.753	 -6.028       
-16.359	162.088	 -6.820       
-19.220	164.215	 -5.407       
-19.586	162.651	 -1.950       
-15.829	163.286	 -1.583       
-16.147	166.702	 -3.271       
-19.044	167.785	 -1.054       
-16.927	166.786	  1.985       
-14.750	169.700	  0.848       
-17.522	172.326	  1.055       
-18.090	171.285	  4.661       
-14.379	171.473	  5.534       
-14.221	174.869	  3.814       
-17.377	176.511	  5.135       
-16.427	175.922	  8.776       
-13.692	177.144	 11.108       
-11.119	175.102	 12.997       
-13.675	172.802	 14.622       
-16.216	170.698	 12.718       
-18.277	167.480	 12.681       
-18.734	166.108	  9.153       
-21.360	163.477	  8.627       
-21.159	161.409	  5.378       
-23.126	158.521	  3.945       
-20.263	157.482	  1.653       
-18.057	154.629	  2.853       
-15.597	155.652	  0.126       
-15.107	159.186	  1.486       
-14.671	158.003	  5.056       
-12.021	155.502	  4.008       
 -9.870	157.863	  1.959       
-10.011	160.388	  4.781       
 -9.189	157.998	  7.616       
 -5.885	156.766	  6.118       
 -4.422	160.264	  6.650       
 -3.076	160.961	  3.111       
 -0.144	163.448	  3.026       
 -0.572	164.017	 -0.659       
 -1.872	162.273	 -3.759       
 -1.906	162.584	 -7.538       
 -5.411	164.027	 -7.318       
 -6.300	167.706	 -6.774       
 -9.591	167.487	 -4.820       
 -8.542	164.763	 -2.399       
 -5.339	166.741	 -1.769       
 -7.251	169.977	 -1.181       
 -9.422	168.072	  1.306       
 -6.115	167.216	  2.967       
 -4.927	170.849	  2.848       
 -7.967	172.048	  4.823       
 -7.611	169.167	  7.283       
 -4.043	170.422	  7.839       
 -5.398	173.779	  9.037       
 -8.546	172.780	 10.951       
 -7.737	172.087	 14.607       
-10.585	169.645	 15.126       
-12.147	167.252	 12.620       
-14.666	164.497	 13.071       
-15.871	162.116	 10.390       
-18.777	159.743	 10.810       
-20.523	157.437	  8.443       
-24.232	156.784	  8.323       
-26.043	154.472	  5.883       
-27.358	156.476	  2.905       
-30.902	155.318	  2.086       
-32.612	154.683	  5.438       
-32.722	158.221	  6.708       
-30.712	158.800	  9.846       
-30.240	162.265	 11.331       
-29.759	165.342	  9.191       
-29.095	162.917	  6.371       
-32.705	162.545	  5.109       
-32.733	166.316	  4.640       
-29.255	166.740	  3.076       
-30.237	163.956	  0.731       
-33.324	165.888	 -0.391       
-31.187	168.994	 -0.872       
-28.182	167.870	 -2.912       
-30.783	165.915	 -4.876       
BRIEF 1HYS C 214              
 22.112	132.328	 39.370       
 19.460	134.980	 39.941       
 20.267	136.120	 43.490       
 17.211	136.176	 45.742       
 17.058	138.478	 48.758       
 14.664	138.595	 51.689       
 15.717	141.918	 53.192       
 13.740	141.517	 56.450       
 15.324	138.571	 58.322       
 13.065	138.092	 61.373       
  9.925	140.212	 61.794       
  7.776	140.771	 64.933       
  3.968	140.381	 65.251       
  0.775	139.414	 67.042       
 -2.345	137.385	 66.520       
 -4.432	139.581	 64.221       
 -1.632	141.763	 62.836       
 -0.947	142.224	 59.126       
  2.228	140.707	 57.751       
  3.952	141.527	 54.479       
  7.335	140.135	 53.581       
  9.524	141.618	 50.849       
 11.587	139.595	 48.374       
 13.971	141.065	 45.786       
 15.504	139.439	 42.693       
 18.911	139.990	 41.059       
 17.117	140.464	 37.708       
 13.608	140.378	 36.289       
 11.911	137.056	 37.032       
  8.668	137.624	 35.104       
  6.507	136.658	 38.103       
  8.191	133.268	 38.198       
  7.995	133.079	 41.960       
  6.785	130.755	 44.628       
  6.226	131.169	 48.330       
  7.348	128.487	 50.708       
  6.461	128.311	 54.441       
  8.423	126.344	 57.055       
  6.979	125.681	 60.530       
  9.242	125.546	 63.583       
  8.948	121.774	 63.355       
 10.764	121.633	 60.021       
  8.270	120.795	 57.291       
  7.867	122.805	 54.092       
  4.467	123.450	 52.591       
  3.913	125.278	 49.311       
  2.204	128.562	 49.936       
  1.686	130.060	 46.495       
  2.862	129.787	 42.862       
  3.147	132.594	 40.237       
  3.623	135.112	 43.045       
 -0.107	135.392	 43.100       
 -1.864	132.051	 42.768       
 -3.062	130.294	 45.949       
 -2.006	126.711	 46.480       
 -4.847	124.396	 47.344       
 -5.769	123.955	 50.984       
 -3.782	127.109	 51.744       
 -6.174	129.674	 53.345       
 -7.329	132.867	 51.669       
 -5.611	135.133	 54.180       
 -2.450	134.364	 52.252       
 -1.777	136.496	 49.176       
  0.912	137.012	 46.583       
  2.118	140.331	 45.146       
  4.966	141.683	 43.026       
  6.214	142.514	 39.530       
  9.691	142.243	 38.156       
 12.589	142.245	 40.554       
 10.349	142.675	 43.585       
  7.391	140.859	 45.117       
  5.740	140.522	 48.489       
  3.865	137.944	 50.543       
  0.998	139.237	 52.705       
 -0.973	137.565	 55.490       
 -4.228	139.346	 56.187       
 -4.830	138.644	 59.823       
 -2.001	136.743	 61.447       
 -2.708	133.448	 63.213       
 -0.814	130.921	 65.488       
  0.203	128.532	 62.727       
  1.299	131.446	 60.508       
  4.277	132.192	 62.786       
  6.984	130.431	 60.821       
  9.883	130.954	 58.431       
  9.219	132.021	 54.858       
 11.162	131.114	 51.783       
 11.116	133.170	 48.625       
 11.823	131.382	 45.382       
 12.352	132.242	 41.711       
 12.233	129.908	 38.713       
 13.293	132.156	 35.828       
 16.885	131.017	 35.137       
 17.236	127.343	 35.878       
 19.712	127.480	 38.734       
 16.625	127.413	 41.061       
 17.280	129.645	 44.020       
 15.469	130.394	 47.285       
 16.218	133.609	 49.100       
 17.042	133.061	 52.786       
 13.628	133.040	 54.381       
 11.972	135.457	 56.768       
 11.227	134.532	 60.376       
  7.787	135.506	 61.631       
  8.010	135.515	 65.467       
  5.431	136.303	 68.173       
  5.907	139.780	 69.673       
  6.058	139.940	 73.422       
  6.436	142.378	 76.263       
 10.154	142.694	 77.099       
 11.612	140.461	 79.863       
 15.028	140.719	 81.502       
 17.160	137.564	 81.399       
 17.162	135.427	 84.493       
 20.908	134.803	 84.637       
 22.153	131.767	 86.560       
 25.734	130.464	 86.796       
 27.219	127.195	 88.023       
 30.812	126.175	 88.976       
 32.516	123.043	 87.551       
 31.600	119.690	 89.070       
 34.179	117.477	 90.766       
 32.482	114.889	 88.563       
 34.116	116.797	 85.736       
 37.172	118.078	 87.619       
 38.126	114.459	 88.331       
 39.229	114.319	 84.674       
 40.839	117.737	 84.501       
 37.629	119.076	 83.001       
 36.563	122.505	 84.172       
 33.348	123.489	 82.414       
 31.797	126.735	 83.527       
 28.151	126.969	 82.410       
 25.918	130.057	 82.615       
 22.277	129.621	 81.609       
 20.541	132.882	 80.575       
 16.860	131.889	 80.671       
 13.624	133.570	 79.464       
 14.213	137.063	 78.077       
 12.619	139.047	 75.294       
 14.324	139.897	 71.856       
 16.972	137.240	 71.004       
 19.165	140.380	 70.789       
 21.279	139.682	 73.903       
 25.062	139.853	 74.405       
 27.067	137.680	 76.803       
 30.450	138.476	 78.313       
 32.629	135.762	 79.815       
 35.265	137.569	 81.829       
 37.802	136.081	 84.230       
 39.877	138.569	 86.304       
 40.788	141.000	 83.546       
 37.590	140.972	 81.485       
 39.233	138.888	 78.749       
 36.810	136.697	 76.775       
 38.909	133.558	 77.367       
 39.136	131.486	 74.178       
 36.848	128.596	 74.936       
 33.273	129.862	 75.109       
 30.556	128.003	 73.259       
 26.984	129.119	 73.261       
 23.669	127.663	 72.150       
 20.670	129.961	 71.797       
 17.228	128.353	 71.810       
 14.498	129.035	 69.275       
 11.695	131.239	 70.532       
  9.765	128.864	 72.834       
  6.115	128.592	 71.820       
  4.867	129.258	 75.362       
  6.638	132.169	 77.098       
  7.664	133.675	 73.743       
 10.939	134.252	 75.515       
 14.405	133.305	 74.368       
 17.047	131.596	 76.520       
 20.731	131.264	 75.729       
 23.207	129.071	 77.503       
 26.850	130.030	 77.222       
 29.331	127.387	 78.302       
 32.940	128.476	 79.045       
 35.591	125.709	 78.608       
 38.877	125.884	 80.537       
 41.380	123.191	 81.540       
 42.253	122.209	 85.115       
 45.603	124.044	 84.903       
 43.726	127.261	 84.043       
 40.890	126.554	 86.471       
 43.197	126.583	 89.501       
 45.418	129.381	 88.170       
 42.546	131.840	 87.758       
 40.885	133.533	 90.754       
 37.169	134.085	 90.054       
 34.823	133.507	 87.100       
 32.120	135.922	 85.933       
 29.244	135.588	 83.449       
 27.471	138.790	 82.414       
 24.473	139.404	 80.193       
 23.964	142.812	 78.639       
 20.419	143.235	 77.394       
 17.809	145.848	 76.527       
 16.293	145.363	 80.007       
 18.741	147.769	 81.635       
 22.092	149.192	 80.586       
 23.135	147.539	 83.865       
 25.125	144.483	 82.705       
 23.284	141.746	 84.655       
 26.219	139.823	 86.079       
 26.865	136.901	 88.416       
 30.141	135.402	 89.513       
 31.901	133.206	 92.012       
 35.306	131.857	 92.999       
 36.122	128.324	 94.188       
 39.200	126.623	 92.749       
 39.169	122.848	 93.422       
 40.663	119.694	 91.772       
BRIEF 1HYS D 220              
 -2.081	110.296	 48.493       
  0.962	112.106	 47.132       
  3.923	111.560	 49.443       
  7.673	111.217	 49.342       
 10.031	110.163	 52.072       
 13.792	110.539	 51.964       
 16.286	107.974	 53.242       
 20.032	108.313	 53.636       
 23.064	107.053	 55.604       
 22.486	109.439	 58.436       
 26.233	109.379	 59.101       
 29.074	109.558	 56.561       
 32.835	109.861	 57.023       
 34.626	112.860	 55.434       
 35.852	112.243	 51.897       
 33.355	109.345	 51.449       
 30.371	109.498	 49.079       
 26.730	109.002	 50.095       
 23.337	108.212	 48.415       
 19.901	109.366	 49.630       
 16.905	107.478	 48.199       
 13.444	109.079	 47.912       
 10.473	106.766	 47.440       
  7.225	108.483	 46.507       
  3.555	107.671	 45.886       
  0.471	109.141	 44.216       
  2.158	110.759	 41.222       
  4.740	109.278	 38.783       
  8.145	110.055	 37.294       
  6.688	108.814	 34.023       
  4.003	111.486	 33.593       
  4.838	114.455	 31.347       
  4.533	117.466	 33.765       
  5.919	115.828	 37.004       
  9.481	115.656	 38.454       
 11.335	115.611	 41.785       
 13.850	117.892	 43.353       
 16.478	117.540	 46.025       
 16.602	120.574	 48.401       
 19.176	120.923	 51.174       
 18.694	122.920	 54.408       
 21.979	122.906	 56.436       
 21.537	122.938	 60.228       
 20.374	126.468	 61.147       
 20.157	128.049	 57.669       
 18.018	128.508	 54.535       
 17.111	125.719	 52.100       
 19.396	125.373	 49.033       
 18.523	124.059	 45.539       
 20.720	121.180	 44.435       
 19.235	119.336	 41.521       
 15.963	118.561	 39.874       
 15.458	115.210	 38.218       
 13.105	115.606	 35.269       
 10.686	113.041	 33.853       
 12.079	113.521	 30.317       
 15.377	112.341	 31.739       
 16.707	115.943	 31.375       
 17.809	116.558	 34.938       
 19.432	119.829	 36.078       
 22.184	120.213	 38.639       
 23.228	123.224	 40.700       
 26.381	124.723	 39.148       
 28.227	124.682	 42.441       
 27.835	120.933	 43.015       
 27.464	118.908	 39.769       
 31.161	118.214	 39.871       
 30.517	116.002	 42.892       
 26.806	115.185	 42.701       
 24.395	113.324	 40.419       
 20.765	112.394	 40.116       
 18.721	109.583	 38.611       
 15.570	107.659	 39.209       
 13.936	104.339	 38.791       
 10.357	105.380	 37.964       
  9.397	101.724	 37.803       
  9.946	101.440	 41.546       
  8.814	105.033	 42.261       
 12.194	105.866	 43.800       
 14.380	108.858	 43.266       
 17.998	108.846	 44.074       
 20.529	111.600	 44.762       
 24.291	110.810	 44.782       
 27.008	113.092	 46.093       
 30.670	112.120	 46.058       
 33.639	113.003	 48.290       
 31.610	114.523	 51.087       
 32.764	117.431	 53.174       
 31.921	118.969	 56.547       
 29.804	121.805	 55.188       
 27.577	119.364	 53.346       
 26.372	117.615	 56.573       
 22.661	118.593	 56.765       
 18.953	117.653	 56.252       
 18.314	116.730	 52.673       
 14.833	117.085	 51.132       
 13.310	115.212	 48.203       
 10.437	117.188	 46.651       
  7.772	116.505	 44.032       
  7.946	119.285	 41.415       
  5.662	119.562	 38.428       
  4.993	121.875	 35.493       
  1.265	122.461	 35.801       
  0.708	124.687	 32.824       
  2.175	127.440	 30.699       
  3.254	129.484	 33.727       
  2.848	127.315	 36.830       
  5.928	125.645	 38.261       
  6.712	125.034	 41.921       
  7.633	122.239	 44.300       
  4.045	121.119	 44.954       
  4.776	118.732	 47.906       
  7.938	118.215	 49.976       
  8.919	115.642	 52.610       
 10.460	115.424	 56.100       
 14.182	115.788	 55.300       
 16.799	113.166	 56.167       
 19.875	113.973	 58.262       
 23.207	113.501	 56.649       
 25.963	114.093	 59.149       
 29.551	114.258	 58.019       
 32.296	113.434	 60.544       
 35.214	111.250	 61.456       
 33.818	111.156	 64.990       
 32.820	107.816	 66.484       
 29.895	106.513	 68.516       
 30.443	108.127	 71.936       
 28.075	107.801	 74.938       
 27.947	111.193	 76.576       
 29.043	112.108	 80.085       
 26.528	114.108	 82.131       
 27.587	116.532	 84.845       
 25.175	117.993	 87.417       
 25.434	121.766	 87.522       
 24.456	122.735	 91.101       
 23.699	126.328	 92.274       
 26.792	126.311	 94.484       
 27.869	129.565	 96.166       
 24.180	130.274	 96.845       
 21.382	128.278	 98.467       
 17.826	129.162	 99.560       
 18.718	132.765	 98.680       
 16.361	132.283	 95.725       
 12.650	131.442	 95.929       
 12.933	130.161	 92.342       
 16.153	128.102	 92.264       
 17.460	127.160	 88.816       
 19.106	123.725	 88.584       
 21.405	122.681	 85.768       
 22.608	119.620	 83.863       
 25.422	119.592	 81.274       
 25.815	116.826	 78.672       
 29.287	116.647	 77.108       
 31.270	114.924	 74.299       
 28.791	112.793	 72.271       
 28.573	112.301	 68.509       
 25.368	110.695	 67.206       
 23.294	113.884	 67.468       
 20.155	112.297	 68.882       
 20.138	112.860	 72.672       
 17.275	113.054	 75.177       
 17.183	115.171	 78.342       
 14.431	114.492	 80.869       
 13.933	115.901	 84.351       
 13.258	113.303	 87.009       
 11.995	110.314	 85.007       
  9.704	112.679	 83.116       
  7.961	114.608	 85.869       
  9.372	118.127	 85.716       
  8.381	119.676	 82.403       
  7.364	123.246	 83.181       
 10.347	125.566	 83.263       
 12.797	123.330	 81.343       
 15.106	124.571	 78.579       
 17.118	121.990	 76.691       
 19.393	124.085	 74.494       
 20.567	123.012	 70.967       
 23.767	120.994	 70.768       
 27.111	122.507	 69.667       
 30.292	121.106	 68.063       
 33.258	120.803	 70.414       
 36.334	118.903	 69.167       
 34.066	116.923	 66.840       
 31.681	115.978	 69.690       
 28.292	117.424	 70.663       
 27.640	119.123	 73.963       
 24.072	119.708	 75.145       
 23.409	121.845	 78.272       
 19.829	121.811	 79.638       
 18.291	123.558	 82.599       
 15.313	123.257	 84.950       
 14.164	125.852	 87.473       
 12.369	124.636	 90.586       
 10.871	126.744	 93.386       
 13.177	126.930	 96.427       
 10.682	124.833	 98.374       
 10.970	121.912	 95.994       
 14.666	121.212	 95.154       
 16.209	120.869	 98.598       
 13.307	118.758	 99.929       
 12.172	116.609	 96.997       
 14.793	115.052	 94.714       
 15.563	116.561	 91.314       
 17.772	114.476	 89.056       
 18.521	115.034	 85.408       
 18.707	112.099	 83.018       
 20.484	111.939	 79.686       
 19.772	109.284	 77.046       
 21.825	108.701	 73.913       
 20.017	106.007	 71.918       
 23.006	105.476	 69.631       
 25.466	104.176	 72.291       
 22.549	102.779	 74.213       
 23.191	104.872	 77.245       
 20.527	106.026	 79.628       
 22.083	107.763	 82.618       
 20.720	109.727	 85.605       
 22.334	112.316	 87.868       
 21.120	113.763	 91.182       
 20.975	117.493	 92.051       
