BRIEF 1IC4 Y 129              
 59.777	 25.585	 30.361  1.155
 61.317	 23.784	 27.425 -0.513
 58.520	 21.675	 25.984 -0.534
 58.909	 18.243	 24.442 -1.231
 57.598	 17.906	 20.839  0.829
 54.781	 15.453	 21.603  1.459
 54.080	 17.404	 24.777  0.040
 53.789	 20.601	 22.769  0.828
 51.586	 18.819	 20.155  1.137
 49.049	 17.688	 22.738 -0.717
 49.014	 21.042	 24.560 -0.757
 48.370	 22.991	 21.307  0.862
 45.599	 20.542	 20.436 -1.024
 44.046	 21.233	 23.897 -2.375
 44.361	 24.945	 23.023 -2.319
 42.441	 24.528	 19.784  0.904
 45.148	 24.906	 17.139 -0.935
 44.482	 21.699	 15.115 -0.390
 42.913	 23.067	 11.884 -0.417
 42.406	 26.667	 13.126 -0.343
 41.709	 28.847	 10.069 -0.556
 43.170	 26.307	  7.675 -0.052
 46.507	 25.413	  9.375 -0.848
 46.946	 21.828	 10.558  0.109
 48.556	 20.955	 13.895  0.172
 52.055	 20.233	 12.574 -0.134
 52.277	 23.813	 11.310  0.435
 52.196	 25.117	 14.909  1.086
 54.660	 22.593	 16.277  0.261
 57.148	 23.162	 13.495  1.476
 56.762	 26.936	 13.900  0.971
 57.569	 26.727	 17.628  0.744
 60.578	 24.452	 17.065 -0.657
 62.298	 26.856	 14.634 -0.130
 61.040	 30.045	 16.227  1.125
 62.090	 29.303	 19.860  1.488
 63.150	 25.691	 20.183 -1.077
 60.122	 24.958	 22.344 -0.398
 61.339	 27.273	 25.043  0.463
 58.539	 29.280	 26.620  1.330
 61.013	 31.844	 28.010 -2.369
 62.886	 32.704	 24.744  0.976
 63.403	 36.363	 23.848 -0.355
 65.217	 38.014	 20.920  0.698
 66.201	 41.660	 20.668 -1.015
 65.545	 42.946	 17.181  0.373
 67.669	 45.452	 15.313 -0.927
 64.600	 47.720	 14.914  0.448
 64.259	 48.116	 18.706 -0.271
 61.576	 45.470	 19.195  1.159
 61.783	 42.195	 21.089 -0.055
 60.207	 38.847	 20.198  0.975
 58.718	 36.950	 23.129  0.841
 58.032	 33.362	 24.017  1.481
 57.406	 30.112	 22.306  1.047
 55.984	 31.704	 19.115  1.142
 58.291	 34.700	 19.212  1.488
 55.527	 37.386	 19.322  1.439
 56.790	 40.877	 18.471  1.255
 56.636	 43.941	 20.678  0.839
 56.225	 46.413	 17.788 -0.545
 52.797	 45.123	 16.807 -0.613
 51.312	 42.541	 19.147  1.177
 52.167	 42.869	 22.852  1.483
 53.458	 45.794	 24.944 -0.208
 56.842	 45.617	 26.702 -0.243
 56.872	 49.372	 27.254 -2.014
 60.149	 49.842	 25.326 -1.880
 59.343	 49.710	 21.598 -1.052
 58.617	 52.874	 19.583 -1.001
 55.540	 52.531	 17.274 -1.911
 54.019	 49.926	 19.612 -0.214
 50.443	 49.098	 18.652 -1.289
 49.705	 46.305	 21.113  1.122
 47.286	 44.499	 18.801 -0.809
 46.724	 41.662	 21.306  1.483
 46.109	 43.983	 24.285 -0.620
 48.669	 42.208	 26.426 -0.146
 51.937	 42.979	 28.164 -0.602
 54.801	 41.038	 26.463  1.460
 55.721	 39.509	 29.874 -0.291
 52.441	 37.624	 29.751 -0.841
 53.826	 35.525	 26.867  0.670
 56.927	 34.381	 28.834 -0.077
 54.856	 31.907	 30.928 -0.180
 54.782	 28.082	 31.069  0.256
 51.065	 28.336	 30.454  0.497
 50.778	 28.806	 26.631  1.069
 47.293	 30.381	 26.807 -1.018
 48.111	 34.070	 26.142 -0.345
 50.631	 33.081	 23.391  0.665
 48.009	 30.975	 21.652  0.328
 45.312	 33.627	 22.062 -2.374
 47.601	 36.187	 20.352  1.476
 48.798	 33.751	 17.686  1.006
 45.149	 33.018	 16.857  0.305
 44.715	 36.777	 16.231 -0.662
 47.951	 37.146	 14.188  0.918
 46.988	 34.274	 11.812 -0.507
 43.477	 35.679	 11.210 -1.004
 45.066	 38.336	  8.977 -0.141
 45.594	 37.634	  5.272 -0.350
 49.360	 36.994	  5.803 -0.259
 48.457	 33.955	  7.852  1.122
 51.426	 32.019	  9.215  0.679
 53.744	 34.106	  6.969 -1.120
 54.074	 36.520	  9.959  0.970
 56.457	 33.902	 11.496  1.212
 59.766	 34.025	  9.566  0.066
 61.175	 30.678	 10.768  0.472
 57.959	 28.841	  9.920  0.945
 58.079	 30.598	  6.594 -2.233
 61.614	 29.462	  5.846 -1.089
 61.635	 26.059	  7.514 -0.715
 58.062	 24.901	  7.668  1.475
 55.906	 26.018	  4.705 -1.075
 56.267	 23.484	  1.850 -0.137
 57.530	 20.720	  4.148 -0.503
 55.576	 17.699	  5.362 -0.741
 54.543	 19.583	  8.541  0.566
 52.498	 16.667	  9.827 -0.069
 55.750	 14.884	 10.518 -0.965
 55.928	 17.087	 13.652  0.052
 52.972	 15.369	 15.258 -0.204
 53.711	 11.782	 14.113 -0.998
 54.854	  9.220	 16.689 -0.656
 52.951	 11.013	 19.532  1.479
 49.986	 10.159	 21.744 -1.690
 47.941	 13.371	 21.635 -0.199
BRIEF 1IC4 L 107              
 29.903	 26.220	  6.939       
 29.902	 25.281	 10.577       
 26.425	 25.165	 11.911       
 25.956	 25.823	 15.548       
 22.751	 24.608	 17.167       
 21.635	 25.830	 20.565       
 19.237	 24.369	 22.997       
 16.845	 24.858	 24.513       
 15.435	 27.653	 22.312       
 13.759	 29.091	 25.440       
 14.383	 28.534	 29.125       
 12.326	 29.932	 31.997       
 13.796	 30.133	 35.422       
 12.910	 31.587	 38.736       
 15.768	 33.781	 39.885       
 18.206	 31.868	 42.054       
 18.226	 28.553	 40.209       
 21.184	 27.374	 38.121       
 21.002	 26.752	 34.378       
 23.192	 25.542	 31.569       
 22.748	 26.203	 27.887       
 24.069	 24.049	 25.106       
 25.701	 24.782	 21.808       
 26.623	 21.882	 19.487       
 28.806	 22.472	 16.393       
 28.325	 20.548	 13.143       
 32.140	 19.896	 12.940       
 34.920	 19.951	 15.578       
 36.076	 23.524	 16.260       
 38.464	 22.720	 19.116       
 38.054	 25.361	 21.802       
 36.971	 28.043	 19.305       
 33.562	 28.814	 20.737       
 32.620	 32.087	 22.456       
 29.527	 33.290	 24.286       
 27.505	 36.412	 24.229       
 24.578	 37.965	 26.002       
 22.131	 40.385	 24.435       
 19.648	 42.234	 26.557       
 16.796	 44.180	 25.030       
 17.660	 47.372	 23.147       
 21.382	 46.624	 23.510       
 24.565	 45.384	 21.924       
 25.753	 41.826	 22.382       
 28.272	 41.559	 25.332       
 31.148	 39.076	 25.238       
 30.838	 36.730	 28.239       
 33.189	 33.774	 27.764       
 36.033	 33.329	 25.321       
 37.638	 30.185	 23.929       
 35.109	 27.911	 25.562       
 36.074	 28.555	 29.218       
 38.212	 31.671	 29.475       
 36.855	 34.213	 31.926       
 36.597	 37.850	 30.937       
 37.347	 40.712	 33.263       
 34.299	 42.774	 34.235       
 31.672	 40.025	 33.846       
 30.008	 38.297	 36.835       
 31.782	 35.198	 38.062       
 28.514	 33.115	 38.031       
 28.962	 32.656	 34.275       
 31.211	 29.802	 33.212       
 31.711	 27.685	 30.123       
 33.149	 24.295	 29.275       
 33.439	 21.830	 26.427       
 35.553	 21.247	 23.333       
 35.318	 19.634	 19.946       
 31.633	 19.813	 19.313       
 29.845	 20.094	 22.702       
 29.864	 23.390	 24.671       
 27.847	 24.620	 27.617       
 27.387	 27.919	 29.343       
 26.409	 27.826	 33.022       
 24.816	 30.389	 35.216       
 25.204	 29.835	 38.917       
 22.162	 31.515	 40.504       
 20.352	 33.517	 37.859       
 20.037	 37.164	 38.852       
 17.275	 39.208	 37.092       
 19.951	 41.153	 35.189       
 20.668	 37.849	 33.319       
 17.399	 37.494	 31.348       
 17.787	 38.010	 27.636       
 19.366	 36.225	 24.714       
 22.437	 33.993	 24.733       
 24.398	 33.252	 21.562       
 27.437	 31.103	 20.905       
 29.796	 31.725	 17.990       
 32.783	 29.932	 16.474       
 35.941	 31.491	 15.097       
 37.666	 28.313	 13.975       
 36.722	 28.904	 10.319       
 35.715	 31.611	  7.940       
 32.669	 32.443	  7.705       
 32.333	 32.944	 11.495       
 28.894	 31.694	 12.560       
 26.471	 32.097	 15.428       
 23.999	 29.651	 16.940       
 20.242	 30.335	 16.836       
 20.213	 31.692	 20.407       
 18.461	 30.717	 23.649       
 15.983	 33.122	 25.355       
 16.338	 33.244	 29.145       
 13.118	 34.338	 30.936       
 11.618	 34.867	 34.375       
  9.344	 31.902	 35.181       
BRIEF 1IC4 H 114              
 38.883	 53.947	 26.288       
 37.429	 52.688	 22.972       
 34.063	 54.050	 21.806       
 32.281	 52.939	 18.584       
 29.286	 54.502	 16.790       
 27.221	 53.605	 13.707       
 25.614	 56.217	 11.443       
 23.707	 56.336	  8.187       
 20.283	 56.172	  6.595       
 17.533	 54.316	  8.405       
 15.458	 53.914	  5.277       
 16.619	 52.662	  1.887       
 15.106	 51.754	 -1.459       
 15.619	 48.331	 -3.011       
 18.563	 48.039	 -5.348       
 20.546	 50.975	 -4.041       
 23.747	 50.660	 -2.082       
 23.498	 50.953	  1.703       
 26.478	 52.858	  3.143       
 27.321	 52.814	  6.848       
 29.970	 54.464	  8.897       
 31.508	 53.517	 12.205       
 33.402	 56.217	 14.117       
 35.997	 55.025	 16.562       
 37.233	 57.097	 19.521       
 39.909	 55.989	 21.955       
 42.358	 54.284	 19.559       
 43.592	 54.575	 15.998       
 41.599	 52.458	 13.548       
 44.838	 51.987	 11.625       
 46.238	 48.476	 11.880       
 43.546	 47.144	 14.248       
 40.939	 44.538	 13.358       
 37.413	 45.901	 12.650       
 34.116	 44.204	 11.847       
 30.452	 44.458	 10.933       
 27.615	 42.230	 12.213       
 23.900	 42.305	 11.552       
 20.888	 41.092	 13.488       
 17.792	 40.255	 11.463       
 14.225	 40.463	 12.828       
 13.760	 37.098	 14.617       
 17.135	 37.298	 16.388       
 19.438	 35.791	 13.714       
 22.934	 37.155	 13.751       
 25.155	 37.220	 10.692       
 28.898	 37.976	 10.856       
 29.449	 40.125	  7.736       
 33.195	 40.633	  7.506       
 36.358	 42.075	  8.999       
 39.315	 44.184	  7.838       
 42.696	 43.283	  9.394       
 46.185	 44.737	  9.989       
 47.602	 44.166	  6.487       
 44.409	 45.644	  5.004       
 43.139	 42.191	  4.008       
 39.403	 41.597	  4.254       
 37.208	 38.595	  4.808       
 33.592	 38.678	  3.754       
 30.813	 36.215	  4.491       
 30.017	 34.293	  1.277       
 26.327	 34.562	  2.144       
 26.678	 38.190	  0.905       
 27.686	 36.945	 -2.528       
 30.230	 39.686	 -3.114       
 28.031	 42.748	 -2.720       
 30.001	 43.895	  0.349       
 32.979	 46.183	  0.731       
 34.546	 47.270	  4.064       
 36.918	 50.264	  3.914       
 38.745	 52.457	  6.356       
 39.854	 56.074	  6.198       
 42.878	 56.656	  8.435       
 42.435	 60.459	  8.771       
 38.819	 60.758	  9.969       
 39.215	 57.585	 12.098       
 36.170	 55.853	 10.671       
 35.635	 52.649	  8.690       
 32.798	 51.819	  6.355       
 30.304	 49.259	  5.162       
 29.099	 49.324	  1.532       
 26.420	 46.857	  0.540       
 25.254	 46.899	 -3.066       
 21.873	 46.124	 -4.529       
 19.914	 45.875	 -1.274       
 16.709	 43.952	 -1.061       
 14.119	 43.561	  1.690       
 16.260	 40.675	  3.036       
 18.882	 43.270	  4.076       
 16.474	 44.849	  6.613       
 18.204	 44.703	  9.983       
 20.186	 46.005	 12.894       
 23.731	 46.657	 11.785       
 26.508	 46.774	 14.394       
 30.098	 47.903	 14.192       
 32.505	 46.095	 16.470       
 36.158	 45.388	 16.973       
 37.400	 41.922	 16.022       
 37.951	 40.844	 19.631       
 34.223	 41.317	 20.295       
 34.647	 43.480	 23.435       
 33.582	 46.894	 22.041       
 30.375	 47.082	 20.038       
 28.620	 50.225	 18.755       
 24.934	 50.550	 19.762       
 23.430	 49.404	 16.459       
 21.365	 51.088	 13.733       
 18.107	 49.825	 12.298       
 18.166	 49.997	  8.533       
 14.866	 49.165	  6.826       
 14.711	 48.436	  3.109       
 11.324	 49.390	  1.694       
  9.823	 50.755	 -1.554       
  9.717	 54.149	  0.162       
