BRIEF 1IC5 Y 129              
 60.139	 26.046	 30.227  1.155
 61.372	 23.891	 27.346 -0.513
 58.647	 21.749	 25.862 -0.534
 59.204	 18.302	 24.410 -1.231
 57.718	 18.015	 20.852  0.829
 54.859	 15.702	 21.786  1.459
 54.220	 17.745	 24.937  0.040
 53.836	 20.947	 22.964  0.828
 51.721	 19.224	 20.281  1.137
 49.318	 17.882	 22.917 -0.717
 49.178	 21.366	 24.566 -0.757
 48.622	 23.249	 21.262  0.862
 45.802	 20.849	 20.495 -1.024
 44.104	 21.470	 23.877 -2.375
 44.578	 25.177	 23.050 -2.319
 42.507	 24.864	 19.796  0.904
 45.271	 25.190	 17.182 -0.935
 44.567	 21.999	 15.230 -0.390
 43.071	 23.275	 11.991 -0.417
 42.635	 26.861	 13.176 -0.343
 41.932	 29.020	 10.053 -0.556
 43.128	 26.298	  7.705 -0.052
 46.458	 25.482	  9.357 -0.848
 46.998	 21.913	 10.511  0.109
 48.583	 21.174	 13.954  0.172
 52.102	 20.334	 12.662 -0.134
 52.473	 23.866	 11.315  0.435
 52.252	 25.241	 14.899  1.086
 54.688	 22.697	 16.306  0.261
 57.211	 23.209	 13.428  1.476
 56.908	 26.957	 13.883  0.971
 57.716	 26.827	 17.653  0.744
 60.611	 24.569	 16.888 -0.657
 62.364	 26.951	 14.456 -0.130
 61.209	 30.264	 16.003  1.125
 62.210	 29.537	 19.628  1.488
 63.442	 25.912	 19.971 -1.077
 60.353	 25.166	 22.091 -0.398
 61.443	 27.662	 24.755  0.463
 58.748	 29.812	 26.411  1.330
 61.372	 32.292	 27.575 -2.369
 63.211	 33.004	 24.326  0.976
 63.728	 36.618	 23.485 -0.355
 65.411	 38.184	 20.471  0.698
 66.151	 41.901	 19.944 -1.015
 66.000	 42.954	 16.249  0.373
 67.809	 45.281	 13.858 -0.927
 64.759	 47.574	 13.851  0.448
 64.439	 48.342	 17.593 -0.271
 61.781	 45.656	 18.140  1.159
 62.103	 42.487	 20.306 -0.055
 60.441	 39.082	 19.601  0.975
 58.967	 37.296	 22.558  0.841
 58.313	 33.826	 23.730  1.481
 57.705	 30.467	 22.236  1.047
 56.139	 31.920	 19.032  1.142
 58.430	 34.947	 18.954  1.488
 55.611	 37.577	 18.900  1.439
 57.002	 41.008	 17.845  1.255
 56.907	 44.140	 19.921  0.839
 56.420	 46.537	 16.982 -0.545
 52.982	 45.154	 15.961 -0.613
 51.610	 42.786	 18.570  1.177
 52.540	 43.337	 22.271  1.483
 53.843	 46.370	 24.117 -0.208
 57.426	 46.373	 25.484 -0.243
 57.599	 50.212	 26.038 -2.014
 60.932	 50.363	 24.156 -1.880
 59.414	 49.960	 20.732 -1.052
 58.988	 52.900	 18.387 -1.001
 55.723	 52.831	 16.395 -1.911
 54.231	 50.226	 18.829 -0.214
 50.759	 49.125	 17.714 -1.289
 49.863	 46.578	 20.338  1.122
 47.343	 44.574	 18.285 -0.809
 47.122	 41.799	 20.846  1.483
 46.587	 44.465	 23.579 -0.620
 49.159	 42.766	 25.818 -0.146
 52.469	 43.619	 27.463 -0.602
 55.246	 41.482	 25.901  1.460
 56.172	 40.323	 29.416 -0.291
 52.969	 38.224	 29.520 -0.841
 54.189	 35.994	 26.628  0.670
 57.260	 34.663	 28.512 -0.077
 55.379	 32.307	 30.759 -0.180
 55.147	 28.545	 30.939  0.256
 51.400	 28.661	 30.414  0.497
 50.951	 29.067	 26.630  1.069
 47.544	 30.709	 26.896 -1.018
 48.358	 34.296	 26.082 -0.345
 50.861	 33.433	 23.269  0.665
 48.190	 31.219	 21.649  0.328
 45.469	 33.857	 22.034 -2.374
 47.629	 36.503	 20.332  1.476
 48.939	 34.007	 17.596  1.006
 45.288	 33.241	 16.685  0.305
 44.844	 37.008	 16.024 -0.662
 48.122	 37.205	 14.034  0.918
 47.081	 34.302	 11.743 -0.507
 43.629	 35.912	 11.194 -1.004
 45.295	 38.630	  9.103 -0.141
 45.494	 37.899	  5.360 -0.350
 49.251	 37.167	  5.681 -0.259
 48.453	 34.085	  7.717  1.122
 51.416	 32.121	  9.048  0.679
 53.755	 34.057	  6.736 -1.120
 54.320	 36.479	  9.679  0.970
 56.554	 33.801	 11.290  1.212
 59.793	 34.001	  9.256  0.066
 61.280	 30.710	 10.472  0.472
 57.979	 29.013	  9.643  0.945
 58.192	 30.560	  6.179 -2.233
 61.722	 29.284	  5.643 -1.089
 61.652	 25.928	  7.419 -0.715
 58.121	 24.675	  7.557  1.475
 56.092	 26.015	  4.585 -1.075
 55.934	 23.366	  1.810 -0.137
 57.436	 20.620	  4.038 -0.503
 55.565	 17.678	  5.423 -0.741
 54.552	 19.556	  8.574  0.566
 52.486	 16.672	  9.959 -0.069
 55.765	 14.820	 10.653 -0.965
 56.018	 17.266	 13.590  0.052
 53.092	 15.449	 15.217 -0.204
 53.724	 11.834	 14.269 -0.998
 54.980	  9.384	 16.927 -0.656
 52.954	 11.229	 19.643  1.479
 49.968	 10.429	 21.884 -1.690
 47.770	 13.414	 21.439 -0.199
BRIEF 1IC5 L 107              
 30.830	 25.736	  6.775       
 30.242	 25.359	 10.539       
 26.732	 25.023	 11.895       
 26.258	 25.691	 15.544       
 23.104	 24.380	 17.175       
 21.829	 25.785	 20.419       
 19.531	 23.921	 22.709       
 16.987	 24.482	 24.347       
 15.695	 27.391	 22.243       
 13.891	 28.625	 25.340       
 14.629	 28.145	 29.019       
 12.339	 29.302	 31.760       
 13.666	 29.495	 35.266       
 13.003	 31.012	 38.600       
 15.446	 33.521	 39.978       
 17.992	 31.774	 42.131       
 18.107	 28.531	 40.197       
 21.132	 27.265	 38.242       
 20.990	 26.626	 34.527       
 23.086	 25.140	 31.810       
 22.885	 26.003	 28.045       
 24.228	 23.952	 25.213       
 25.975	 24.821	 21.964       
 26.920	 22.051	 19.573       
 29.235	 22.329	 16.540       
 28.717	 20.335	 13.316       
 32.495	 19.916	 13.150       
 35.369	 20.142	 15.548       
 36.403	 23.669	 16.373       
 38.777	 22.862	 19.310       
 38.228	 25.566	 21.938       
 37.280	 28.305	 19.469       
 33.793	 29.190	 20.812       
 32.604	 32.465	 22.445       
 29.449	 33.237	 24.325       
 27.453	 36.391	 24.234       
 24.470	 37.745	 26.045       
 21.956	 40.115	 24.515       
 19.343	 41.827	 26.678       
 16.296	 43.558	 25.213       
 17.172	 46.517	 23.020       
 20.926	 46.281	 23.801       
 24.032	 45.307	 21.919       
 25.558	 41.885	 22.444       
 27.917	 41.465	 25.378       
 30.830	 39.086	 25.355       
 30.728	 36.850	 28.452       
 33.207	 34.028	 27.768       
 36.061	 33.563	 25.306       
 37.639	 30.462	 23.900       
 35.232	 28.110	 25.589       
 36.248	 28.873	 29.213       
 38.443	 32.001	 29.516       
 36.751	 34.477	 31.777       
 36.635	 38.225	 31.034       
 36.941	 41.150	 33.462       
 33.712	 43.064	 34.278       
 31.482	 39.913	 33.965       
 29.721	 38.234	 36.912       
 31.529	 35.172	 38.161       
 28.328	 33.137	 38.173       
 28.913	 32.615	 34.414       
 31.436	 29.948	 33.367       
 31.880	 27.808	 30.208       
 33.338	 24.418	 29.524       
 33.626	 21.918	 26.674       
 35.868	 21.444	 23.626       
 35.749	 19.882	 20.105       
 32.081	 19.772	 19.253       
 30.157	 20.117	 22.560       
 30.138	 23.332	 24.689       
 28.295	 24.603	 27.734       
 27.685	 27.894	 29.385       
 26.486	 27.528	 33.013       
 24.905	 30.264	 35.168       
 25.023	 29.461	 38.915       
 21.977	 31.078	 40.654       
 20.472	 33.021	 37.720       
 19.633	 36.603	 38.721       
 16.899	 38.833	 37.141       
 19.492	 40.857	 35.246       
 20.414	 37.556	 33.400       
 17.141	 37.135	 31.494       
 17.511	 37.644	 27.699       
 19.223	 35.984	 24.736       
 22.383	 33.880	 24.803       
 24.378	 33.087	 21.677       
 27.514	 31.066	 20.932       
 29.883	 31.933	 18.058       
 32.765	 29.980	 16.483       
 35.927	 31.698	 15.264       
 37.835	 28.532	 14.121       
 36.928	 28.865	 10.406       
 35.877	 31.652	  7.997       
 32.890	 32.512	  7.743       
 32.463	 33.019	 11.499       
 29.052	 31.674	 12.497       
 26.487	 31.963	 15.216       
 24.108	 29.619	 16.969       
 20.348	 30.236	 16.756       
 20.106	 31.564	 20.364       
 18.629	 30.336	 23.664       
 16.146	 32.641	 25.423       
 16.302	 32.757	 29.240       
 12.725	 33.634	 30.281       
 11.649	 34.317	 33.918       
  9.302	 31.496	 35.000       
BRIEF 1IC5 H 114              
 37.943	 53.842	 27.037       
 36.851	 52.818	 23.586       
 33.438	 53.793	 22.219       
 31.842	 52.739	 18.882       
 28.942	 54.518	 17.044       
 26.967	 53.521	 13.878       
 25.514	 56.217	 11.564       
 23.782	 56.184	  8.209       
 20.222	 56.213	  6.796       
 17.498	 54.151	  8.302       
 15.363	 53.678	  5.212       
 16.736	 52.672	  1.804       
 15.166	 51.463	 -1.453       
 15.588	 48.145	 -3.186       
 18.643	 48.001	 -5.397       
 20.504	 50.909	 -3.993       
 23.758	 50.818	 -2.055       
 23.521	 50.831	  1.711       
 26.428	 52.716	  3.280       
 27.062	 52.874	  7.014       
 29.840	 54.397	  9.050       
 31.447	 53.349	 12.294       
 33.235	 56.108	 14.217       
 35.693	 54.851	 16.803       
 36.682	 56.950	 19.857       
 39.244	 56.427	 22.583       
 41.980	 54.587	 20.616       
 43.082	 54.517	 16.960       
 41.521	 52.162	 14.459       
 45.122	 51.017	 13.601       
 45.222	 49.156	 16.929       
 42.566	 46.509	 16.207       
 40.705	 44.454	 13.558       
 37.183	 45.734	 12.912       
 33.994	 44.101	 11.806       
 30.341	 44.384	 10.861       
 27.639	 42.156	 12.238       
 23.878	 42.274	 11.540       
 20.823	 40.861	 13.336       
 17.802	 39.779	 11.247       
 14.243	 40.081	 12.569       
 13.950	 36.546	 14.196       
 17.026	 36.829	 16.428       
 19.383	 35.598	 13.662       
 22.903	 37.046	 13.786       
 25.285	 37.101	 10.822       
 28.962	 38.000	 10.921       
 29.467	 40.067	  7.753       
 33.210	 40.488	  7.663       
 36.177	 42.191	  9.054       
 39.160	 44.274	  7.892       
 42.528	 43.287	  9.566       
 45.509	 45.558	 10.219       
 47.149	 44.939	  6.885       
 43.974	 46.087	  4.968       
 43.090	 42.513	  4.018       
 39.393	 41.681	  4.238       
 37.281	 38.641	  4.988       
 33.718	 38.690	  3.728       
 30.939	 36.213	  4.463       
 29.999	 34.277	  1.258       
 26.322	 34.557	  2.187       
 26.666	 38.194	  0.943       
 27.619	 37.069	 -2.556       
 30.260	 39.682	 -3.050       
 28.007	 42.739	 -2.658       
 29.919	 43.956	  0.372       
 32.912	 46.177	  0.814       
 34.583	 47.216	  4.052       
 37.136	 50.103	  3.954       
 38.606	 52.400	  6.565       
 39.770	 55.930	  6.936       
 42.740	 56.123	  9.248       
 42.691	 59.925	  9.437       
 39.067	 60.076	 10.471       
 39.244	 57.027	 12.717       
 36.152	 55.518	 11.045       
 35.558	 52.459	  8.992       
 32.819	 51.767	  6.532       
 30.279	 49.256	  5.257       
 29.030	 49.262	  1.688       
 26.303	 46.743	  0.715       
 25.262	 46.839	 -2.983       
 21.845	 46.013	 -4.577       
 19.980	 45.627	 -1.307       
 16.732	 43.789	 -1.177       
 14.014	 43.550	  1.556       
 16.084	 40.593	  2.903       
 18.775	 43.107	  3.978       
 16.314	 44.569	  6.498       
 18.182	 44.178	  9.820       
 19.931	 45.832	 12.707       
 23.536	 46.533	 11.790       
 26.265	 46.660	 14.376       
 29.908	 47.657	 14.200       
 32.224	 45.801	 16.613       
 35.886	 44.991	 17.159       
 37.044	 41.573	 15.792       
 36.908	 39.732	 19.160       
 33.471	 41.052	 20.162       
 34.802	 43.124	 23.121       
 33.359	 46.444	 21.878       
 30.121	 47.013	 20.069       
 28.242	 50.176	 18.898       
 24.548	 50.549	 19.713       
 23.200	 49.053	 16.507       
 21.147	 50.859	 13.780       
 17.978	 49.437	 12.233       
 17.942	 49.777	  8.513       
 14.683	 49.053	  6.672       
 14.656	 48.338	  2.997       
 11.426	 49.191	  1.329       
  9.696	 50.639	 -1.741       
 10.375	 54.273	 -0.687       
