BRIEF 1IC7 Y 129              
 60.166	 25.869	 30.302  1.155
 61.319	 23.673	 27.415 -0.513
 58.571	 21.511	 25.968 -0.534
 59.055	 18.083	 24.439 -1.231
 57.699	 17.819	 20.883  0.829
 54.834	 15.416	 21.713  1.459
 54.109	 17.349	 24.894  0.040
 53.713	 20.606	 22.957  0.828
 51.623	 18.900	 20.250  1.137
 49.135	 17.612	 22.848 -0.717
 48.971	 21.022	 24.563 -0.757
 48.456	 22.957	 21.275  0.862
 45.657	 20.508	 20.364 -1.024
 44.046	 21.157	 23.744 -2.375
 44.364	 24.899	 23.066 -2.319
 42.390	 24.451	 19.820  0.904
 45.124	 24.882	 17.225 -0.935
 44.516	 21.731	 15.168 -0.390
 42.939	 23.065	 11.898 -0.417
 42.457	 26.584	 13.188 -0.343
 41.710	 28.704	 10.126 -0.556
 43.017	 26.039	  7.732 -0.052
 46.305	 25.259	  9.452 -0.848
 46.892	 21.680	 10.546  0.109
 48.489	 21.096	 13.982  0.172
 51.911	 20.174	 12.600 -0.134
 52.336	 23.760	 11.337  0.435
 52.229	 25.103	 14.950  1.086
 54.729	 22.556	 16.354  0.261
 57.059	 23.091	 13.420  1.476
 56.825	 26.863	 13.863  0.971
 57.543	 26.640	 17.638  0.744
 60.562	 24.431	 16.991 -0.657
 62.286	 26.847	 14.551 -0.130
 61.119	 30.077	 16.202  1.125
 62.129	 29.279	 19.810  1.488
 63.328	 25.705	 20.004 -1.077
 60.266	 24.959	 22.185 -0.398
 61.406	 27.326	 24.969  0.463
 58.622	 29.457	 26.483  1.330
 61.127	 31.935	 27.878 -2.369
 62.980	 32.682	 24.625  0.976
 63.428	 36.334	 23.743 -0.355
 65.217	 37.897	 20.785  0.698
 66.094	 41.570	 20.553 -1.015
 65.793	 42.903	 16.992  0.373
 67.777	 45.667	 15.339 -0.927
 64.665	 47.911	 15.033  0.448
 64.231	 48.128	 18.826 -0.271
 61.487	 45.453	 19.040  1.159
 61.778	 42.138	 20.885 -0.055
 60.289	 38.783	 19.967  0.975
 58.759	 36.958	 22.904  0.841
 58.140	 33.405	 23.953  1.481
 57.397	 30.098	 22.293  1.047
 56.028	 31.689	 19.079  1.142
 58.300	 34.711	 19.233  1.488
 55.554	 37.335	 19.062  1.439
 56.828	 40.807	 18.159  1.255
 56.606	 43.829	 20.443  0.839
 56.192	 46.316	 17.590 -0.545
 52.759	 44.958	 16.516 -0.613
 51.378	 42.428	 18.967  1.177
 52.192	 42.977	 22.624  1.483
 53.321	 45.900	 24.735 -0.208
 56.659	 45.697	 26.507 -0.243
 56.661	 49.499	 27.036 -2.014
 60.027	 49.960	 25.252 -1.880
 59.128	 49.624	 21.573 -1.052
 58.600	 52.882	 19.721 -1.001
 55.479	 52.645	 17.477 -1.911
 53.917	 49.724	 19.374 -0.214
 50.337	 48.926	 18.265 -1.289
 49.648	 46.274	 20.910  1.122
 47.237	 44.380	 18.629 -0.809
 46.778	 41.461	 21.046  1.483
 46.169	 43.927	 23.894 -0.620
 48.604	 42.195	 26.209 -0.146
 51.806	 42.904	 28.069 -0.602
 54.656	 41.006	 26.352  1.460
 55.680	 39.474	 29.720 -0.291
 52.455	 37.447	 29.702 -0.841
 53.950	 35.563	 26.691  0.670
 56.906	 34.343	 28.829 -0.077
 54.991	 31.897	 30.954 -0.180
 55.085	 28.125	 30.912  0.256
 51.284	 28.229	 30.397  0.497
 50.891	 28.863	 26.611  1.069
 47.351	 30.302	 26.869 -1.018
 48.165	 33.966	 26.131 -0.345
 50.643	 33.070	 23.349  0.665
 48.012	 30.878	 21.677  0.328
 45.284	 33.560	 22.009 -2.374
 47.541	 36.126	 20.373  1.476
 48.770	 33.731	 17.659  1.006
 45.107	 33.023	 16.668  0.305
 44.617	 36.772	 16.119 -0.662
 47.894	 37.007	 14.126  0.918
 46.902	 34.123	 11.804 -0.507
 43.446	 35.661	 11.242 -1.004
 45.059	 38.379	  9.081 -0.141
 45.342	 37.702	  5.308 -0.350
 49.084	 37.043	  5.850 -0.259
 48.264	 33.870	  7.859  1.122
 51.306	 31.985	  9.141  0.679
 53.707	 33.970	  6.873 -1.120
 54.044	 36.330	  9.887  0.970
 56.440	 33.700	 11.392  1.212
 59.716	 33.941	  9.423  0.066
 61.084	 30.557	 10.599  0.472
 57.820	 28.855	  9.721  0.945
 58.000	 30.402	  6.288 -2.233
 61.622	 29.363	  5.791 -1.089
 61.655	 25.916	  7.351 -0.715
 58.077	 24.654	  7.582  1.475
 55.937	 25.861	  4.683 -1.075
 56.181	 23.411	  1.756 -0.137
 57.369	 20.547	  3.970 -0.503
 55.487	 17.582	  5.373 -0.741
 54.429	 19.372	  8.572  0.566
 52.366	 16.462	  9.901 -0.069
 55.722	 14.721	 10.488 -0.965
 55.985	 17.015	 13.552  0.052
 53.045	 15.268	 15.250 -0.204
 53.643	 11.644	 14.194 -0.998
 54.990	  9.242	 16.838 -0.656
 52.948	 11.080	 19.579  1.479
 49.986	 10.102	 21.799 -1.690
 47.792	 13.232	 21.571 -0.199
BRIEF 1IC7 L 107              
 29.938	 26.425	  7.098       
 29.940	 25.111	 10.635       
 26.464	 25.104	 12.022       
 25.900	 25.731	 15.700       
 22.733	 24.395	 17.334       
 21.692	 25.747	 20.685       
 19.325	 24.274	 23.172       
 16.889	 24.764	 24.705       
 15.451	 27.556	 22.457       
 13.769	 29.075	 25.527       
 14.324	 28.431	 29.230       
 12.095	 29.808	 32.003       
 13.661	 29.949	 35.440       
 13.228	 31.411	 38.849       
 15.904	 33.760	 40.152       
 18.204	 31.721	 42.399       
 18.159	 28.497	 40.374       
 21.194	 27.402	 38.343       
 20.929	 26.681	 34.617       
 23.030	 25.244	 31.810       
 22.681	 26.120	 28.134       
 24.032	 23.994	 25.297       
 25.755	 24.721	 22.008       
 26.690	 21.883	 19.631       
 28.873	 22.261	 16.524       
 28.411	 20.345	 13.247       
 32.209	 19.715	 13.108       
 35.045	 19.789	 15.671       
 36.102	 23.333	 16.417       
 38.587	 22.657	 19.248       
 38.042	 25.322	 21.952       
 37.102	 28.068	 19.464       
 33.646	 28.879	 20.825       
 32.532	 32.115	 22.498       
 29.398	 33.110	 24.336       
 27.585	 36.384	 24.154       
 24.692	 37.792	 26.140       
 22.155	 40.188	 24.567       
 19.707	 42.033	 26.862       
 16.705	 44.000	 25.654       
 17.621	 47.108	 23.794       
 21.354	 46.420	 24.040       
 24.216	 45.246	 21.853       
 25.837	 41.854	 22.484       
 28.294	 41.518	 25.367       
 31.093	 38.970	 25.283       
 30.855	 36.723	 28.416       
 33.238	 33.799	 27.823       
 35.934	 33.289	 25.208       
 37.561	 30.126	 23.906       
 35.018	 27.894	 25.609       
 36.057	 28.524	 29.274       
 38.274	 31.617	 29.514       
 36.880	 34.216	 31.882       
 36.647	 37.877	 31.027       
 37.270	 40.840	 33.300       
 34.097	 42.759	 34.269       
 31.648	 39.795	 34.028       
 29.901	 38.172	 37.036       
 31.691	 35.084	 38.185       
 28.455	 33.053	 38.263       
 29.004	 32.540	 34.478       
 31.300	 29.658	 33.519       
 31.791	 27.776	 30.279       
 33.099	 24.323	 29.437       
 33.499	 21.810	 26.624       
 35.648	 21.108	 23.569       
 35.333	 19.540	 20.119       
 31.650	 19.629	 19.298       
 29.828	 19.954	 22.695       
 29.938	 23.189	 24.780       
 28.011	 24.449	 27.771       
 27.454	 27.787	 29.466       
 26.404	 27.553	 33.097       
 24.916	 30.227	 35.216       
 25.166	 29.558	 38.914       
 22.244	 31.201	 40.636       
 20.415	 33.268	 38.027       
 19.772	 36.932	 38.907       
 17.105	 39.140	 37.295       
 19.818	 41.038	 35.366       
 20.660	 37.728	 33.535       
 17.371	 37.548	 31.635       
 17.805	 37.938	 27.878       
 19.276	 36.133	 24.898       
 22.456	 34.025	 24.884       
 24.316	 33.110	 21.676       
 27.381	 30.948	 21.013       
 29.805	 31.799	 18.174       
 32.660	 29.793	 16.555       
 35.814	 31.436	 15.146       
 37.594	 28.217	 14.067       
 36.702	 28.635	 10.359       
 35.752	 31.505	  8.031       
 32.760	 32.446	  7.844       
 32.284	 32.820	 11.615       
 28.820	 31.592	 12.550       
 26.379	 31.946	 15.439       
 23.925	 29.501	 17.051       
 20.157	 30.328	 16.875       
 20.193	 31.547	 20.484       
 18.603	 30.615	 23.799       
 16.069	 32.960	 25.441       
 16.369	 33.038	 29.248       
 13.212	 34.348	 30.950       
 11.420	 34.632	 34.310       
  9.273	 31.539	 35.002       
BRIEF 1IC7 H 114              
 38.035	 53.512	 26.883       
 37.005	 52.951	 23.229       
 33.607	 53.969	 21.863       
 31.981	 52.894	 18.583       
 28.992	 54.470	 16.927       
 27.135	 53.570	 13.746       
 25.398	 56.001	 11.455       
 23.805	 56.066	  8.026       
 20.212	 56.093	  6.721       
 17.382	 54.259	  8.421       
 15.355	 53.763	  5.287       
 16.522	 52.652	  1.874       
 14.995	 51.460	 -1.345       
 15.370	 48.123	 -3.066       
 18.407	 47.835	 -5.334       
 20.298	 50.825	 -4.011       
 23.598	 50.672	 -2.161       
 23.447	 50.820	  1.625       
 26.389	 52.702	  3.163       
 27.056	 52.726	  6.944       
 29.797	 54.375	  8.897       
 31.428	 53.321	 12.132       
 33.231	 56.068	 14.074       
 35.849	 55.021	 16.549       
 36.770	 57.196	 19.543       
 39.408	 56.373	 22.162       
 42.098	 54.584	 20.172       
 43.282	 54.563	 16.601       
 41.684	 52.356	 13.959       
 45.204	 50.890	 13.330       
 45.211	 49.244	 16.762       
 42.478	 46.626	 16.124       
 40.747	 44.432	 13.538       
 37.184	 45.712	 12.756       
 33.987	 44.017	 11.898       
 30.354	 44.331	 10.889       
 27.633	 42.042	 12.204       
 23.865	 42.241	 11.646       
 20.805	 40.928	 13.470       
 17.712	 39.958	 11.498       
 14.170	 40.301	 12.852       
 13.762	 36.854	 14.559       
 17.097	 37.071	 16.440       
 19.353	 35.464	 13.801       
 22.830	 37.064	 13.947       
 25.080	 37.085	 10.835       
 28.802	 37.865	 10.876       
 29.285	 39.987	  7.764       
 33.046	 40.485	  7.583       
 36.110	 42.090	  9.041       
 39.186	 43.971	  7.940       
 42.510	 43.184	  9.562       
 45.650	 45.164	 10.098       
 47.274	 44.398	  6.718       
 44.106	 45.653	  4.927       
 43.018	 42.135	  4.022       
 39.247	 41.670	  4.216       
 37.203	 38.569	  4.886       
 33.598	 38.540	  3.691       
 30.807	 36.103	  4.451       
 29.950	 34.174	  1.232       
 26.227	 34.474	  2.158       
 26.547	 38.090	  0.957       
 27.414	 36.878	 -2.563       
 30.120	 39.520	 -2.956       
 27.815	 42.591	 -2.663       
 29.803	 43.875	  0.353       
 32.891	 46.003	  0.716       
 34.515	 47.166	  4.007       
 37.032	 50.055	  3.834       
 38.712	 52.195	  6.462       
 39.840	 55.792	  6.752       
 42.695	 56.281	  9.127       
 42.461	 60.084	  8.878       
 38.871	 60.263	 10.128       
 39.309	 57.207	 12.359       
 36.223	 55.566	 10.777       
 35.550	 52.381	  8.792       
 32.660	 51.718	  6.423       
 30.237	 49.176	  5.116       
 28.887	 49.278	  1.557       
 26.211	 46.700	  0.683       
 25.152	 46.795	 -3.007       
 21.748	 45.914	 -4.510       
 19.822	 45.626	 -1.224       
 16.612	 43.703	 -1.035       
 13.908	 43.403	  1.650       
 15.968	 40.538	  3.173       
 18.695	 43.095	  4.082       
 16.352	 44.738	  6.668       
 18.173	 44.270	 10.000       
 19.966	 45.955	 12.831       
 23.652	 46.511	 11.900       
 26.426	 46.759	 14.438       
 30.078	 47.608	 14.170       
 32.398	 45.960	 16.678       
 36.072	 45.099	 17.084       
 37.092	 41.587	 16.000       
 37.906	 40.632	 19.626       
 34.208	 41.253	 20.463       
 34.713	 43.448	 23.537       
 33.566	 46.747	 21.980       
 30.313	 47.111	 20.100       
 28.398	 50.124	 18.775       
 24.745	 50.596	 19.803       
 23.444	 49.151	 16.554       
 21.287	 50.834	 13.893       
 18.105	 49.535	 12.358       
 17.982	 49.725	  8.596       
 14.714	 49.038	  6.817       
 14.483	 48.252	  3.143       
 11.152	 49.156	  1.512       
  9.795	 50.790	 -1.682       
  9.589	 54.134	  0.222       
