BRIEF 1J1O Y 129              
 58.846	 24.977	 29.749  1.155
 60.146	 22.886	 26.867 -0.513
 57.366	 20.767	 25.392 -0.534
 57.943	 17.336	 23.966 -1.231
 56.744	 17.059	 20.353  0.829
 53.817	 14.791	 21.163  1.459
 53.083	 16.677	 24.373  0.040
 52.588	 19.894	 22.399  0.828
 50.573	 18.143	 19.689  1.137
 48.092	 16.905	 22.305 -0.717
 48.022	 20.277	 24.066 -0.757
 47.401	 22.176	 20.830  0.862
 44.623	 19.749	 19.892 -1.024
 43.061	 20.394	 23.295 -2.375
 43.449	 24.117	 22.583 -2.319
 41.518	 23.759	 19.334  0.904
 44.221	 23.872	 16.656 -0.935
 43.451	 20.506	 15.005 -0.390
 41.842	 22.158	 11.963 -0.417
 41.616	 25.849	 12.821 -0.343
 40.816	 28.016	  9.795 -0.556
 42.041	 25.405	  7.323 -0.052
 45.332	 24.604	  9.049 -0.848
 45.943	 21.020	 10.153  0.109
 47.507	 20.322	 13.555  0.172
 50.921	 19.444	 12.121 -0.134
 51.321	 23.032	 10.932  0.435
 51.222	 24.352	 14.491  1.086
 53.561	 21.740	 15.955  0.261
 56.015	 22.288	 13.103  1.476
 55.778	 26.071	 13.513  0.971
 56.514	 25.814	 17.237  0.744
 59.487	 23.540	 16.572 -0.657
 61.187	 25.989	 14.232 -0.130
 60.009	 29.220	 15.850  1.125
 61.004	 28.425	 19.449  1.488
 62.109	 24.785	 19.503 -1.077
 59.100	 24.072	 21.725 -0.398
 60.309	 26.505	 24.429  0.463
 57.527	 28.584	 26.021  1.330
 60.041	 31.039	 27.489 -2.369
 61.825	 31.768	 24.206  0.976
 62.339	 35.435	 23.363 -0.355
 64.126	 37.120	 20.472  0.698
 64.793	 40.858	 20.384 -1.015
 64.460	 42.191	 16.845  0.373
 66.139	 45.116	 15.083 -0.927
 63.087	 47.388	 15.018  0.448
 63.078	 47.216	 18.810 -0.271
 60.267	 44.673	 18.863  1.159
 60.595	 41.249	 20.475 -0.055
 59.176	 37.836	 19.536  0.975
 57.655	 36.052	 22.532  0.841
 56.847	 32.485	 23.444  1.481
 56.450	 29.095	 21.871  1.047
 55.054	 30.725	 18.711  1.142
 57.306	 33.804	 18.780  1.488
 54.540	 36.416	 18.701  1.439
 55.850	 39.894	 17.837  1.255
 55.526	 42.896	 20.166  0.839
 55.133	 45.399	 17.333 -0.545
 51.824	 44.080	 16.021 -0.613
 50.404	 41.531	 18.456  1.177
 51.266	 41.994	 22.135  1.483
 52.252	 44.900	 24.358 -0.208
 55.540	 44.650	 26.236 -0.243
 55.614	 48.403	 26.763 -2.014
 58.996	 48.775	 25.065 -1.880
 58.212	 48.665	 21.342 -1.052
 57.787	 51.840	 19.168 -1.001
 54.736	 51.628	 16.916 -1.911
 53.145	 48.858	 18.979 -0.214
 49.562	 48.027	 17.968 -1.289
 48.704	 45.210	 20.391  1.122
 46.352	 43.517	 17.905 -0.809
 45.896	 40.671	 20.396  1.483
 44.914	 42.985	 23.249 -0.620
 47.287	 41.223	 25.653 -0.146
 50.611	 41.803	 27.475 -0.602
 53.563	 39.918	 25.980  1.460
 54.397	 38.478	 29.414 -0.291
 51.240	 36.369	 29.123 -0.841
 52.777	 34.699	 26.074  0.670
 55.768	 33.516	 28.115 -0.077
 53.802	 31.159	 30.379 -0.180
 54.132	 27.374	 30.546  0.256
 50.365	 27.525	 29.949  0.497
 49.915	 27.959	 26.174  1.069
 46.380	 29.370	 26.478 -1.018
 47.269	 32.997	 25.675 -0.345
 49.698	 32.134	 22.878  0.665
 47.074	 29.970	 21.214  0.328
 44.382	 32.652	 21.594 -2.374
 46.624	 35.236	 19.963  1.476
 47.933	 32.855	 17.291  1.006
 44.326	 32.272	 16.261  0.305
 43.779	 35.993	 15.707 -0.662
 47.034	 36.224	 13.752  0.918
 46.141	 33.355	 11.423 -0.507
 42.666	 34.851	 10.925 -1.004
 44.217	 37.593	  8.799 -0.141
 44.480	 36.949	  5.062 -0.350
 48.193	 36.217	  5.470 -0.259
 47.361	 33.126	  7.504  1.122
 50.347	 31.234	  8.853  0.679
 52.725	 33.155	  6.602 -1.120
 53.021	 35.424	  9.645  0.970
 55.436	 32.852	 11.058  1.212
 58.691	 33.161	  9.118  0.066
 60.076	 29.864	 10.424  0.472
 56.860	 28.065	  9.482  0.945
 57.056	 29.575	  6.010 -2.233
 60.716	 28.590	  5.608 -1.089
 60.653	 25.134	  7.208 -0.715
 57.037	 23.913	  7.301  1.475
 54.956	 25.266	  4.434 -1.075
 55.084	 22.797	  1.566 -0.137
 56.381	 19.931	  3.701 -0.503
 54.598	 16.873	  5.097 -0.741
 53.516	 18.708	  8.253  0.566
 51.377	 15.732	  9.298 -0.069
 54.644	 13.995	 10.177 -0.965
 54.883	 16.273	 13.213  0.052
 51.881	 14.660	 14.909 -0.204
 52.572	 11.112	 13.712 -0.998
 53.593	  8.536	 16.319 -0.656
 51.766	 10.429	 19.056  1.479
 48.994	  9.520	 21.506 -1.690
 46.547	 12.364	 20.912 -0.199
BRIEF 1J1O L 107              
 28.873	 25.483	  6.648       
 29.203	 24.366	 10.247       
 25.695	 24.168	 11.677       
 25.149	 24.940	 15.351       
 22.039	 23.580	 17.034       
 20.934	 24.971	 20.385       
 18.545	 23.400	 22.857       
 16.233	 23.807	 24.450       
 14.806	 26.582	 22.271       
 13.251	 28.010	 25.424       
 13.867	 27.406	 29.106       
 11.899	 28.762	 32.049       
 13.554	 28.841	 35.450       
 12.981	 30.353	 38.872       
 15.723	 32.712	 40.092       
 18.061	 30.815	 42.392       
 17.941	 27.653	 40.316       
 20.721	 26.613	 37.957       
 20.489	 25.833	 34.248       
 22.564	 24.430	 31.410       
 22.229	 25.391	 27.756       
 23.304	 23.115	 24.908       
 25.038	 23.919	 21.615       
 26.045	 21.115	 19.254       
 28.096	 21.481	 16.078       
 27.575	 19.549	 12.831       
 31.330	 18.846	 12.803       
 34.186	 19.228	 15.283       
 35.210	 22.805	 16.041       
 37.753	 22.052	 18.771       
 37.273	 24.646	 21.509       
 36.340	 27.393	 19.059       
 32.922	 28.230	 20.427       
 31.977	 31.532	 22.070       
 28.832	 32.234	 24.087       
 26.839	 35.456	 23.863       
 23.968	 36.905	 25.842       
 21.487	 39.274	 24.202       
 18.669	 41.196	 25.842       
 15.910	 43.031	 23.984       
 16.965	 46.388	 22.524       
 20.594	 45.456	 23.182       
 23.676	 44.247	 21.352       
 25.193	 40.831	 22.163       
 27.558	 40.508	 25.125       
 30.424	 37.999	 25.197       
 30.160	 35.651	 28.201       
 32.594	 32.829	 27.487       
 35.312	 32.505	 24.880       
 36.871	 29.345	 23.463       
 34.381	 26.994	 25.088       
 35.422	 27.531	 28.700       
 37.607	 30.611	 29.077       
 36.302	 33.280	 31.438       
 35.707	 36.900	 30.452       
 36.683	 39.804	 32.710       
 33.594	 41.606	 33.996       
 31.188	 38.686	 33.567       
 29.543	 37.156	 36.653       
 31.355	 34.086	 37.967       
 28.106	 32.102	 37.868       
 28.561	 31.726	 34.106       
 30.750	 28.828	 33.000       
 31.256	 26.915	 29.778       
 32.439	 23.420	 28.941       
 32.746	 20.992	 26.074       
 34.947	 20.336	 23.064       
 34.593	 18.908	 19.578       
 30.881	 18.957	 18.782       
 29.203	 19.141	 22.190       
 29.175	 22.309	 24.306       
 27.200	 23.675	 27.235       
 26.814	 27.025	 28.967       
 25.983	 26.743	 32.649       
 24.543	 29.363	 34.960       
 24.972	 28.558	 38.648       
 22.014	 30.152	 40.449       
 20.125	 32.205	 37.858       
 19.436	 35.857	 38.663       
 16.750	 38.125	 37.201       
 19.430	 39.957	 35.205       
 20.163	 36.708	 33.344       
 16.837	 36.435	 31.544       
 17.266	 36.959	 27.820       
 18.675	 35.215	 24.746       
 21.813	 33.062	 24.617       
 23.713	 32.324	 21.406       
 26.751	 30.174	 20.682       
 29.033	 31.061	 17.777       
 31.836	 29.036	 16.210       
 35.036	 30.560	 14.841       
 36.741	 27.337	 13.768       
 35.877	 27.762	 10.100       
 34.759	 30.516	  7.748       
 31.979	 31.492	  7.574       
 31.458	 31.949	 11.303       
 28.016	 30.669	 12.259       
 25.612	 31.126	 15.180       
 23.313	 28.653	 16.884       
 19.594	 29.465	 16.759       
 19.555	 30.660	 20.351       
 17.987	 29.608	 23.635       
 15.576	 31.909	 25.424       
 15.902	 31.930	 29.212       
 12.739	 33.141	 30.949       
 11.399	 33.451	 34.476       
  9.171	 30.483	 35.312       
BRIEF 1J1O H 114              
 38.356	 52.926	 26.487       
 36.732	 51.829	 23.222       
 33.302	 52.748	 21.885       
 31.593	 51.714	 18.636       
 28.491	 53.253	 17.063       
 26.585	 52.500	 13.868       
 25.083	 55.261	 11.742       
 23.330	 55.442	  8.393       
 19.823	 55.320	  6.857       
 17.175	 53.260	  8.641       
 14.980	 52.965	  5.560       
 16.144	 51.872	  2.109       
 14.510	 50.764	 -1.144       
 14.707	 47.333	 -2.812       
 17.594	 47.047	 -5.300       
 19.619	 49.911	 -3.825       
 22.901	 49.713	 -1.925       
 22.591	 49.742	  1.858       
 25.516	 51.536	  3.501       
 26.326	 51.782	  7.202       
 29.186	 53.382	  9.105       
 30.742	 52.288	 12.385       
 32.601	 55.038	 14.177       
 35.296	 53.836	 16.565       
 36.380	 55.960	 19.522       
 39.107	 55.245	 22.061       
 41.695	 53.657	 19.800       
 42.773	 53.406	 16.164       
 40.940	 51.139	 13.750       
 44.401	 50.058	 12.586       
 44.752	 48.212	 15.896       
 42.103	 45.506	 15.547       
 39.987	 43.413	 13.169       
 36.491	 44.762	 12.484       
 33.218	 42.950	 11.873       
 29.576	 43.309	 10.871       
 26.820	 41.064	 12.198       
 23.074	 41.286	 11.650       
 19.984	 39.971	 13.386       
 16.897	 38.959	 11.402       
 13.417	 38.685	 12.889       
 13.094	 35.469	 14.887       
 16.411	 35.822	 16.718       
 18.476	 34.675	 13.744       
 22.021	 36.060	 13.833       
 24.267	 36.053	 10.778       
 27.963	 36.887	 10.753       
 28.391	 39.093	  7.691       
 32.147	 39.439	  7.561       
 35.225	 41.168	  8.854       
 38.263	 43.083	  7.691       
 41.602	 42.296	  9.336       
 44.692	 44.447	  9.912       
 46.222	 43.702	  6.484       
 43.101	 44.843	  4.654       
 42.077	 41.298	  3.814       
 38.361	 40.649	  4.082       
 36.251	 37.595	  4.813       
 32.633	 37.654	  3.656       
 29.876	 35.151	  4.417       
 29.066	 33.239	  1.194       
 25.407	 33.639	  2.180       
 25.672	 37.243	  1.011       
 26.441	 36.023	 -2.503       
 29.240	 38.598	 -2.866       
 26.991	 41.664	 -2.512       
 29.006	 42.865	  0.476       
 31.933	 45.235	  0.857       
 33.686	 46.124	  4.110       
 36.148	 49.011	  3.978       
 38.020	 51.263	  6.411       
 38.991	 54.927	  6.652       
 41.879	 55.556	  9.038       
 41.619	 59.353	  8.877       
 38.038	 59.190	 10.162       
 38.713	 56.167	 12.377       
 35.693	 54.268	 11.130       
 34.790	 51.365	  8.892       
 31.907	 50.661	  6.570       
 29.419	 48.134	  5.298       
 28.010	 48.243	  1.777       
 25.395	 45.695	  0.728       
 24.295	 45.871	 -2.904       
 20.925	 45.047	 -4.479       
 19.117	 44.665	 -1.168       
 15.736	 42.954	 -0.887       
 13.202	 42.698	  1.929       
 15.243	 39.694	  3.066       
 17.911	 42.193	  4.128       
 15.686	 43.908	  6.681       
 17.515	 43.429	  9.970       
 19.278	 45.011	 12.916       
 22.900	 45.656	 11.963       
 25.734	 45.664	 14.481       
 29.406	 46.466	 14.211       
 31.814	 44.867	 16.664       
 35.483	 44.075	 16.989       
 36.600	 40.609	 15.909       
 37.177	 39.445	 19.500       
 33.536	 40.130	 20.315       
 34.389	 42.344	 23.293       
 33.174	 45.619	 21.791       
 29.821	 46.138	 20.093       
 27.895	 49.086	 18.740       
 24.293	 49.585	 19.854       
 22.914	 48.123	 16.646       
 20.695	 49.836	 14.105       
 17.529	 48.612	 12.427       
 17.463	 48.942	  8.654       
 14.187	 48.189	  6.901       
 14.040	 47.497	  3.169       
 10.643	 48.463	  1.783       
  9.162	 49.649	 -1.499       
  7.701	 52.470	  0.595       
