BRIEF 1J1P Y 129              
 59.111	 25.357	 29.962  1.155
 60.446	 23.268	 27.092 -0.513
 57.675	 21.170	 25.567 -0.534
 58.256	 17.730	 24.137 -1.231
 57.053	 17.419	 20.527  0.829
 54.112	 15.157	 21.305  1.459
 53.366	 17.019	 24.539  0.040
 52.905	 20.258	 22.603  0.828
 50.883	 18.583	 19.853  1.137
 48.418	 17.318	 22.474 -0.717
 48.281	 20.700	 24.220 -0.757
 47.695	 22.579	 20.968  0.862
 44.896	 20.154	 20.103 -1.024
 43.253	 20.888	 23.468 -2.375
 43.696	 24.566	 22.635 -2.319
 41.837	 24.146	 19.345  0.904
 44.594	 24.561	 16.771 -0.935
 43.869	 21.396	 14.826 -0.390
 42.289	 22.671	 11.606 -0.417
 41.946	 26.238	 12.864 -0.343
 41.198	 28.457	  9.860 -0.556
 42.462	 25.838	  7.416 -0.052
 45.730	 24.976	  9.153 -0.848
 46.296	 21.387	 10.258  0.109
 47.841	 20.696	 13.673  0.172
 51.243	 19.785	 12.244 -0.134
 51.637	 23.377	 11.079  0.435
 51.505	 24.701	 14.613  1.086
 53.871	 22.135	 16.109  0.261
 56.347	 22.637	 13.256  1.476
 56.084	 26.418	 13.680  0.971
 56.837	 26.197	 17.412  0.744
 59.819	 23.934	 16.731 -0.657
 61.542	 26.373	 14.399 -0.130
 60.339	 29.591	 16.024  1.125
 61.294	 28.783	 19.638  1.488
 62.470	 25.161	 19.732 -1.077
 59.440	 24.439	 21.929 -0.398
 60.630	 26.887	 24.628  0.463
 57.827	 28.976	 26.179  1.330
 60.323	 31.465	 27.631 -2.369
 62.147	 32.136	 24.354  0.976
 62.662	 35.812	 23.504 -0.355
 64.475	 37.496	 20.623  0.698
 65.257	 41.203	 20.423 -1.015
 64.912	 42.573	 16.895  0.373
 66.550	 45.511	 15.109 -0.927
 63.489	 47.783	 15.017  0.448
 63.456	 47.636	 18.802 -0.271
 60.703	 45.026	 18.865  1.159
 61.012	 41.645	 20.581 -0.055
 59.523	 38.250	 19.678  0.975
 57.980	 36.477	 22.662  0.841
 57.183	 32.918	 23.621  1.481
 56.684	 29.536	 22.063  1.047
 55.339	 31.154	 18.883  1.142
 57.625	 34.197	 18.953  1.488
 54.901	 36.843	 18.837  1.439
 56.176	 40.321	 17.913  1.255
 55.921	 43.355	 20.213  0.839
 55.481	 45.854	 17.382 -0.545
 52.203	 44.501	 16.037 -0.613
 50.758	 41.956	 18.456  1.177
 51.597	 42.420	 22.141  1.483
 52.615	 45.347	 24.324 -0.208
 55.877	 45.142	 26.256 -0.243
 55.995	 48.910	 26.706 -2.014
 59.408	 49.279	 25.061 -1.880
 58.601	 49.057	 21.351 -1.052
 58.127	 52.186	 19.133 -1.001
 55.159	 51.940	 16.765 -1.911
 53.489	 49.294	 18.934 -0.214
 49.897	 48.467	 17.949 -1.289
 49.077	 45.680	 20.419  1.122
 46.707	 43.958	 17.970 -0.809
 46.215	 41.116	 20.471  1.483
 45.407	 43.489	 23.340 -0.620
 47.711	 41.619	 25.719 -0.146
 50.963	 42.282	 27.626 -0.602
 53.886	 40.431	 26.027  1.460
 54.714	 38.990	 29.452 -0.291
 51.551	 36.879	 29.202 -0.841
 53.109	 35.154	 26.200  0.670
 56.028	 33.951	 28.340 -0.077
 54.071	 31.513	 30.518 -0.180
 54.367	 27.729	 30.698  0.256
 50.605	 27.929	 30.072  0.497
 50.140	 28.358	 26.309  1.069
 46.621	 29.847	 26.543 -1.018
 47.567	 33.458	 25.760 -0.345
 50.021	 32.572	 22.995  0.665
 47.409	 30.404	 21.289  0.328
 44.702	 33.078	 21.653 -2.374
 46.964	 35.648	 20.018  1.476
 48.277	 33.248	 17.363  1.006
 44.662	 32.676	 16.342  0.305
 44.075	 36.388	 15.802 -0.662
 47.335	 36.628	 13.837  0.918
 46.479	 33.758	 11.497 -0.507
 42.992	 35.223	 10.981 -1.004
 44.552	 37.993	  8.878 -0.141
 44.836	 37.299	  5.152 -0.350
 48.564	 36.627	  5.559 -0.259
 47.726	 33.486	  7.520  1.122
 50.711	 31.638	  8.946  0.679
 53.110	 33.574	  6.733 -1.120
 53.387	 35.861	  9.761  0.970
 55.764	 33.229	 11.145  1.212
 59.078	 33.496	  9.282  0.066
 60.489	 30.196	 10.567  0.472
 57.262	 28.419	  9.634  0.945
 57.417	 29.931	  6.166 -2.233
 61.050	 28.871	  5.737 -1.089
 61.046	 25.439	  7.399 -0.715
 57.420	 24.232	  7.458  1.475
 55.348	 25.604	  4.587 -1.075
 55.461	 23.116	  1.731 -0.137
 56.786	 20.259	  3.859 -0.503
 55.009	 17.200	  5.236 -0.741
 53.850	 19.039	  8.371  0.566
 51.703	 16.080	  9.432 -0.069
 54.971	 14.332	 10.295 -0.965
 55.202	 16.612	 13.338  0.052
 52.224	 14.976	 15.023 -0.204
 52.805	 11.378	 13.893 -0.998
 54.021	  8.904	 16.503 -0.656
 52.139	 10.752	 19.234  1.479
 49.343	  9.858	 21.651 -1.690
 46.871	 12.691	 21.060 -0.199
BRIEF 1J1P L 107              
 29.365	 25.952	  6.714       
 29.630	 24.781	 10.304       
 26.115	 24.564	 11.718       
 25.508	 25.265	 15.396       
 22.365	 23.877	 17.003       
 21.193	 25.266	 20.335       
 18.765	 23.686	 22.775       
 16.402	 24.145	 24.301       
 14.954	 26.949	 22.168       
 13.428	 28.400	 25.325       
 14.025	 27.768	 29.007       
 12.014	 29.115	 31.932       
 13.685	 29.352	 35.320       
 13.067	 30.847	 38.745       
 15.787	 33.213	 40.014       
 18.129	 31.338	 42.327       
 18.040	 28.137	 40.312       
 20.793	 27.066	 37.932       
 20.569	 26.280	 34.225       
 22.693	 24.872	 31.413       
 22.354	 25.788	 27.751       
 23.483	 23.482	 24.945       
 25.233	 24.211	 21.642       
 26.300	 21.418	 19.291       
 28.455	 21.826	 16.169       
 28.068	 19.923	 12.887       
 31.815	 19.196	 12.913       
 34.613	 19.269	 15.481       
 35.821	 22.769	 16.318       
 38.129	 22.103	 19.265       
 37.665	 24.910	 21.797       
 36.574	 27.468	 19.212       
 33.083	 28.149	 20.557       
 32.108	 31.515	 22.058       
 29.071	 32.547	 24.093       
 27.075	 35.760	 23.807       
 24.181	 37.256	 25.747       
 21.705	 39.633	 24.099       
 18.820	 41.546	 25.645       
 16.102	 43.304	 23.654       
 17.213	 46.705	 22.337       
 20.860	 45.926	 23.126       
 23.973	 44.691	 21.350       
 25.413	 41.218	 22.030       
 27.799	 40.848	 24.975       
 30.626	 38.287	 25.053       
 30.379	 36.039	 28.138       
 32.843	 33.210	 27.501       
 35.561	 32.837	 24.889       
 37.153	 29.654	 23.568       
 34.641	 27.336	 25.240       
 35.660	 27.924	 28.852       
 37.834	 31.033	 29.136       
 36.544	 33.735	 31.472       
 35.987	 37.342	 30.427       
 36.891	 40.297	 32.650       
 33.764	 42.140	 33.783       
 31.379	 39.184	 33.473       
 29.687	 37.671	 36.568       
 31.479	 34.588	 37.881       
 28.222	 32.611	 37.806       
 28.700	 32.155	 34.048       
 30.928	 29.255	 33.002       
 31.441	 27.282	 29.820       
 32.607	 23.749	 29.131       
 32.993	 21.242	 26.337       
 35.166	 20.605	 23.301       
 34.861	 19.089	 19.849       
 31.159	 19.235	 18.996       
 29.297	 19.467	 22.312       
 29.392	 22.628	 24.428       
 27.395	 24.073	 27.311       
 26.994	 27.427	 29.016       
 26.081	 27.162	 32.685       
 24.651	 29.823	 34.948       
 25.002	 29.034	 38.648       
 21.971	 30.574	 40.387       
 20.259	 32.739	 37.765       
 19.634	 36.397	 38.597       
 16.913	 38.602	 37.109       
 19.612	 40.411	 35.129       
 20.285	 37.172	 33.224       
 16.985	 36.911	 31.374       
 17.422	 37.406	 27.647       
 18.867	 35.588	 24.633       
 22.008	 33.437	 24.565       
 23.893	 32.613	 21.364       
 26.930	 30.465	 20.667       
 29.309	 31.362	 17.845       
 32.174	 29.435	 16.283       
 35.282	 31.064	 14.824       
 37.102	 27.846	 13.900       
 36.341	 28.293	 10.208       
 35.203	 31.054	  7.853       
 32.408	 31.997	  7.657       
 31.863	 32.384	 11.390       
 28.401	 31.120	 12.323       
 25.928	 31.515	 15.190       
 23.572	 29.051	 16.813       
 19.840	 29.766	 16.671       
 19.812	 30.961	 20.264       
 18.182	 30.012	 23.548       
 15.733	 32.303	 25.301       
 16.035	 32.343	 29.090       
 12.852	 33.574	 30.798       
 11.547	 33.943	 34.341       
  9.155	 31.256	 35.572       
BRIEF 1J1P H 114              
 38.639	 53.565	 26.472       
 37.081	 52.376	 23.198       
 33.615	 53.216	 21.868       
 31.911	 52.199	 18.612       
 28.830	 53.751	 17.019       
 26.929	 53.019	 13.810       
 25.361	 55.720	 11.657       
 23.599	 55.856	  8.310       
 20.097	 55.787	  6.755       
 17.378	 53.796	  8.530       
 15.234	 53.314	  5.441       
 16.410	 52.221	  1.996       
 14.832	 51.148	 -1.295       
 15.054	 47.683	 -2.894       
 17.934	 47.378	 -5.389       
 19.957	 50.244	 -3.902       
 23.259	 50.080	 -2.035       
 22.970	 50.112	  1.748       
 25.851	 51.930	  3.432       
 26.663	 52.224	  7.133       
 29.489	 53.867	  9.056       
 31.097	 52.794	 12.316       
 32.922	 55.545	 14.160       
 35.615	 54.356	 16.560       
 36.754	 56.505	 19.478       
 39.434	 55.783	 22.063       
 42.032	 54.140	 19.842       
 43.163	 53.897	 16.215       
 41.343	 51.553	 13.851       
 44.828	 50.457	 12.777       
 45.153	 48.609	 16.090       
 42.431	 45.992	 15.614       
 40.339	 43.917	 13.191       
 36.840	 45.287	 12.514       
 33.567	 43.466	 11.849       
 29.913	 43.801	 10.870       
 27.164	 41.528	 12.205       
 23.417	 41.727	 11.621       
 20.303	 40.392	 13.328       
 17.244	 39.426	 11.290       
 13.737	 39.364	 12.713       
 13.377	 36.105	 14.641       
 16.645	 36.266	 16.588       
 18.820	 35.093	 13.703       
 22.374	 36.457	 13.819       
 24.661	 36.513	 10.782       
 28.362	 37.355	 10.803       
 28.783	 39.508	  7.701       
 32.533	 39.913	  7.552       
 35.600	 41.662	  8.872       
 38.638	 43.593	  7.716       
 41.975	 42.784	  9.369       
 45.108	 44.881	  9.923       
 46.628	 44.072	  6.509       
 43.506	 45.265	  4.717       
 42.482	 41.720	  3.867       
 38.760	 41.055	  4.092       
 36.659	 37.985	  4.811       
 33.046	 38.089	  3.655       
 30.285	 35.613	  4.415       
 29.480	 33.646	  1.227       
 25.815	 34.054	  2.198       
 26.024	 37.650	  0.982       
 26.796	 36.452	 -2.550       
 29.653	 38.936	 -2.909       
 27.416	 42.029	 -2.579       
 29.436	 43.277	  0.398       
 32.363	 45.653	  0.818       
 34.058	 46.603	  4.089       
 36.504	 49.502	  3.925       
 38.388	 51.774	  6.315       
 39.369	 55.424	  6.649       
 42.254	 56.010	  9.058       
 42.067	 59.812	  8.898       
 38.482	 59.658	 10.165       
 38.992	 56.603	 12.386       
 35.943	 54.952	 10.838       
 35.229	 51.810	  8.851       
 32.307	 51.091	  6.555       
 29.806	 48.589	  5.236       
 28.409	 48.681	  1.706       
 25.797	 46.114	  0.678       
 24.703	 46.239	 -2.960       
 21.312	 45.451	 -4.521       
 19.459	 45.015	 -1.243       
 16.091	 43.284	 -0.986       
 13.522	 43.010	  1.798       
 15.622	 40.069	  2.989       
 18.283	 42.581	  4.049       
 16.032	 44.268	  6.604       
 17.808	 43.807	  9.930       
 19.583	 45.410	 12.862       
 23.201	 46.107	 11.925       
 26.047	 46.144	 14.442       
 29.725	 46.939	 14.206       
 32.130	 45.320	 16.649       
 35.808	 44.552	 16.947       
 36.985	 41.079	 15.940       
 37.440	 40.008	 19.577       
 33.817	 40.797	 20.378       
 34.686	 43.019	 23.352       
 33.434	 46.264	 21.803       
 30.079	 46.624	 20.051       
 28.121	 49.549	 18.677       
 24.524	 50.105	 19.810       
 23.173	 48.624	 16.597       
 20.992	 50.323	 14.000       
 17.838	 49.043	 12.326       
 17.741	 49.365	  8.544       
 14.501	 48.581	  6.748       
 14.413	 47.832	  3.027       
 11.033	 48.726	  1.559       
  9.567	 50.108	 -1.652       
  7.611	 52.530	  0.532       
