BRIEF 1J1X Y 129              
 59.057	 25.298	 30.031  1.155
 60.423	 23.278	 27.130 -0.513
 57.641	 21.176	 25.620 -0.534
 58.223	 17.718	 24.232 -1.231
 57.059	 17.417	 20.605  0.829
 54.136	 15.133	 21.361  1.459
 53.364	 17.002	 24.577  0.040
 52.870	 20.221	 22.615  0.828
 50.908	 18.504	 19.860  1.137
 48.453	 17.229	 22.475 -0.717
 48.258	 20.609	 24.210 -0.757
 47.658	 22.504	 20.967  0.862
 44.889	 20.061	 20.092 -1.024
 43.252	 20.778	 23.472 -2.375
 43.664	 24.454	 22.628 -2.319
 41.761	 24.067	 19.357  0.904
 44.534	 24.198	 16.751 -0.935
 43.820	 20.823	 15.111 -0.390
 42.221	 22.464	 12.049 -0.417
 41.938	 26.156	 12.893 -0.343
 41.147	 28.318	  9.859 -0.556
 42.446	 25.750	  7.385 -0.052
 45.721	 24.991	  9.162 -0.848
 46.386	 21.418	 10.284  0.109
 47.877	 20.685	 13.713  0.172
 51.293	 19.790	 12.303 -0.134
 51.694	 23.373	 11.117  0.435
 51.541	 24.691	 14.667  1.086
 53.909	 22.114	 16.135  0.261
 56.395	 22.653	 13.307  1.476
 56.120	 26.440	 13.760  0.971
 56.842	 26.163	 17.483  0.744
 59.820	 23.905	 16.812 -0.657
 61.542	 26.362	 14.491 -0.130
 60.356	 29.595	 16.094  1.125
 61.296	 28.796	 19.718  1.488
 62.460	 25.170	 19.773 -1.077
 59.452	 24.438	 22.004 -0.398
 60.632	 26.889	 24.696  0.463
 57.814	 28.942	 26.258  1.330
 60.306	 31.446	 27.701 -2.369
 62.144	 32.155	 24.446  0.976
 62.631	 35.837	 23.602 -0.355
 64.500	 37.502	 20.748  0.698
 65.235	 41.221	 20.507 -1.015
 64.865	 42.552	 16.966  0.373
 66.567	 45.441	 15.164 -0.927
 63.496	 47.691	 15.043  0.448
 63.423	 47.626	 18.833 -0.271
 60.628	 45.061	 18.967  1.159
 60.930	 41.658	 20.644 -0.055
 59.471	 38.243	 19.752  0.975
 57.941	 36.473	 22.750  0.841
 57.250	 32.875	 23.684  1.481
 56.558	 29.505	 22.148  1.047
 55.342	 31.148	 18.940  1.142
 57.615	 34.207	 19.010  1.488
 54.868	 36.832	 18.871  1.439
 56.133	 40.327	 17.979  1.255
 55.814	 43.354	 20.288  0.839
 55.484	 45.828	 17.423 -0.545
 52.214	 44.463	 16.069 -0.613
 50.735	 41.921	 18.473  1.177
 51.536	 42.390	 22.161  1.483
 52.559	 45.324	 24.325 -0.208
 55.829	 45.114	 26.252 -0.243
 55.919	 48.869	 26.778 -2.014
 59.320	 49.311	 25.124 -1.880
 58.547	 49.020	 21.419 -1.052
 58.242	 52.005	 19.016 -1.001
 55.093	 52.086	 16.891 -1.911
 53.437	 49.329	 18.929 -0.214
 49.931	 48.359	 17.749 -1.289
 49.054	 45.658	 20.303  1.122
 46.692	 43.913	 17.868 -0.809
 46.200	 41.072	 20.360  1.483
 45.310	 43.447	 23.197 -0.620
 47.603	 41.611	 25.621 -0.146
 50.849	 42.277	 27.540 -0.602
 53.816	 40.403	 26.042  1.460
 54.628	 38.994	 29.487 -0.291
 51.456	 36.891	 29.252 -0.841
 53.055	 35.152	 26.274  0.670
 55.997	 33.871	 28.350 -0.077
 54.013	 31.481	 30.561 -0.180
 54.281	 27.687	 30.693  0.256
 50.525	 27.923	 30.077  0.497
 50.104	 28.365	 26.307  1.069
 46.572	 29.802	 26.528 -1.018
 47.453	 33.427	 25.730 -0.345
 49.947	 32.542	 23.006  0.665
 47.349	 30.351	 21.296  0.328
 44.651	 33.039	 21.587 -2.374
 46.942	 35.606	 19.973  1.476
 48.232	 33.195	 17.310  1.006
 44.624	 32.588	 16.299  0.305
 44.049	 36.299	 15.708 -0.662
 47.314	 36.593	 13.773  0.918
 46.452	 33.687	 11.469 -0.507
 42.970	 35.129	 10.925 -1.004
 44.567	 37.859	  8.802 -0.141
 44.938	 37.242	  5.070 -0.350
 48.660	 36.601	  5.529 -0.259
 47.811	 33.468	  7.505  1.122
 50.783	 31.633	  8.973  0.679
 53.216	 33.585	  6.811 -1.120
 53.452	 35.886	  9.828  0.970
 55.820	 33.261	 11.253  1.212
 59.120	 33.523	  9.373  0.066
 60.548	 30.240	 10.680  0.472
 57.335	 28.439	  9.712  0.945
 57.543	 29.978	  6.256 -2.233
 61.170	 28.898	  5.849 -1.089
 61.134	 25.468	  7.506 -0.715
 57.514	 24.259	  7.529  1.475
 55.468	 25.652	  4.649 -1.075
 55.595	 23.173	  1.789 -0.137
 56.847	 20.263	  3.891 -0.503
 55.089	 17.206	  5.313 -0.741
 53.922	 19.047	  8.439  0.566
 51.785	 16.079	  9.506 -0.069
 55.058	 14.325	 10.333 -0.965
 55.280	 16.596	 13.388  0.052
 52.252	 14.990	 15.040 -0.204
 52.837	 11.386	 13.954 -0.998
 54.098	  8.879	 16.505 -0.656
 52.214	 10.703	 19.242  1.479
 49.470	  9.760	 21.680 -1.690
 46.883	 12.457	 21.046 -0.199
BRIEF 1J1X L 107              
 29.086	 25.972	  6.669       
 29.357	 24.849	 10.277       
 25.822	 24.653	 11.633       
 25.323	 25.358	 15.324       
 22.206	 23.925	 16.947       
 21.084	 25.321	 20.286       
 18.698	 23.728	 22.758       
 16.336	 24.123	 24.262       
 14.934	 26.981	 22.172       
 13.389	 28.394	 25.331       
 13.970	 27.755	 29.021       
 12.006	 29.122	 31.973       
 13.663	 29.303	 35.375       
 13.099	 30.801	 38.816       
 15.831	 33.184	 40.016       
 18.190	 31.292	 42.301       
 18.070	 28.088	 40.291       
 20.806	 27.024	 37.895       
 20.586	 26.184	 34.202       
 22.681	 24.809	 31.359       
 22.332	 25.753	 27.707       
 23.450	 23.474	 24.876       
 25.183	 24.248	 21.575       
 26.089	 21.452	 19.169       
 28.255	 21.855	 16.063       
 27.669	 19.909	 12.837       
 31.429	 19.325	 12.557       
 34.269	 19.544	 15.100       
 35.388	 23.088	 15.915       
 37.944	 22.329	 18.623       
 37.511	 24.835	 21.455       
 36.539	 27.645	 19.100       
 33.049	 28.247	 20.439       
 32.019	 31.536	 22.053       
 28.960	 32.565	 24.051       
 27.003	 35.810	 23.765       
 24.109	 37.277	 25.725       
 21.672	 39.696	 24.072       
 18.883	 41.727	 25.666       
 16.075	 43.502	 23.810       
 17.220	 46.841	 22.375       
 20.817	 45.874	 23.193       
 23.966	 44.762	 21.391       
 25.399	 41.278	 22.038       
 27.754	 40.876	 25.006       
 30.575	 38.310	 25.056       
 30.335	 36.026	 28.113       
 32.771	 33.187	 27.439       
 35.449	 32.767	 24.793       
 37.058	 29.599	 23.452       
 34.556	 27.287	 25.138       
 35.594	 27.851	 28.743       
 37.744	 30.976	 29.037       
 36.505	 33.670	 31.416       
 35.960	 37.276	 30.360       
 36.909	 40.227	 32.580       
 33.818	 42.094	 33.774       
 31.395	 39.173	 33.438       
 29.707	 37.641	 36.521       
 31.499	 34.554	 37.835       
 28.266	 32.547	 37.762       
 28.729	 32.123	 33.999       
 30.923	 29.198	 32.942       
 31.462	 27.317	 29.702       
 32.376	 23.713	 28.993       
 32.938	 21.403	 26.043       
 35.077	 20.659	 23.009       
 34.739	 19.205	 19.535       
 31.020	 19.294	 18.747       
 29.291	 19.434	 22.147       
 29.291	 22.622	 24.242       
 27.420	 23.977	 27.260       
 26.990	 27.367	 28.929       
 26.074	 27.137	 32.607       
 24.660	 29.790	 34.903       
 25.049	 29.013	 38.600       
 22.107	 30.603	 40.422       
 20.278	 32.647	 37.771       
 19.658	 36.317	 38.543       
 16.996	 38.633	 37.121       
 19.665	 40.411	 35.067       
 20.318	 37.134	 33.226       
 17.002	 36.895	 31.399       
 17.461	 37.404	 27.674       
 18.821	 35.571	 24.632       
 21.966	 33.431	 24.540       
 23.868	 32.637	 21.344       
 26.910	 30.484	 20.624       
 29.246	 31.344	 17.752       
 32.102	 29.390	 16.198       
 35.337	 30.824	 14.811       
 37.123	 27.654	 13.678       
 36.015	 28.075	 10.075       
 35.006	 30.912	  7.782       
 32.264	 31.984	  7.630       
 31.776	 32.396	 11.363       
 28.297	 31.156	 12.262       
 25.847	 31.559	 15.153       
 23.471	 29.110	 16.777       
 19.736	 29.824	 16.663       
 19.717	 31.066	 20.241       
 18.127	 30.042	 23.526       
 15.690	 32.334	 25.301       
 16.030	 32.356	 29.083       
 13.031	 33.809	 30.905       
 11.396	 33.824	 34.327       
  8.977	 30.992	 35.063       
BRIEF 1J1X H 114              
 38.733	 53.538	 26.411       
 37.132	 52.381	 23.148       
 33.677	 53.245	 21.815       
 31.940	 52.216	 18.571       
 28.852	 53.772	 16.985       
 26.932	 53.040	 13.788       
 25.500	 55.817	 11.633       
 23.675	 55.953	  8.318       
 20.169	 55.875	  6.767       
 17.504	 53.774	  8.481       
 15.272	 53.449	  5.428       
 16.448	 52.310	  1.997       
 14.836	 51.155	 -1.233       
 15.112	 47.753	 -2.949       
 17.973	 47.482	 -5.453       
 19.981	 50.343	 -3.935       
 23.275	 50.182	 -2.049       
 23.011	 50.181	  1.737       
 25.911	 52.017	  3.375       
 26.716	 52.237	  7.076       
 29.530	 53.894	  9.026       
 31.132	 52.803	 12.289       
 32.977	 55.543	 14.132       
 35.700	 54.357	 16.511       
 36.825	 56.470	 19.469       
 39.521	 55.645	 22.017       
 42.163	 54.070	 19.791       
 43.196	 53.840	 16.136       
 41.399	 51.489	 13.760       
 44.881	 50.335	 12.734       
 45.165	 48.533	 16.078       
 42.462	 45.901	 15.593       
 40.358	 43.849	 13.169       
 36.870	 45.227	 12.470       
 33.586	 43.415	 11.794       
 29.937	 43.791	 10.801       
 27.160	 41.570	 12.176       
 23.403	 41.749	 11.574       
 20.290	 40.443	 13.299       
 17.222	 39.432	 11.304       
 13.591	 39.714	 12.574       
 13.568	 36.239	 14.137       
 16.589	 36.439	 16.450       
 18.784	 35.163	 13.633       
 22.341	 36.501	 13.753       
 24.636	 36.551	 10.722       
 28.332	 37.370	 10.730       
 28.782	 39.526	  7.640       
 32.537	 39.875	  7.537       
 35.618	 41.602	  8.864       
 38.663	 43.514	  7.682       
 42.004	 42.674	  9.305       
 45.159	 44.736	  9.847       
 46.656	 43.934	  6.418       
 43.576	 45.165	  4.574       
 42.473	 41.624	  3.796       
 38.742	 41.032	  4.053       
 36.631	 37.969	  4.785       
 32.994	 38.083	  3.695       
 30.202	 35.610	  4.387       
 29.463	 33.630	  1.176       
 25.786	 34.158	  2.020       
 26.126	 37.740	  0.781       
 27.108	 36.578	 -2.720       
 29.866	 39.196	 -2.960       
 27.456	 42.148	 -2.663       
 29.457	 43.366	  0.337       
 32.394	 45.707	  0.788       
 34.080	 46.604	  4.071       
 36.534	 49.499	  3.938       
 38.445	 51.739	  6.339       
 39.499	 55.371	  6.606       
 42.312	 55.960	  9.086       
 42.146	 59.764	  8.882       
 38.526	 59.678	 10.093       
 39.111	 56.658	 12.347       
 36.071	 54.793	 11.098       
 35.218	 51.859	  8.852       
 32.301	 51.134	  6.541       
 29.806	 48.622	  5.223       
 28.445	 48.750	  1.678       
 25.837	 46.180	  0.639       
 24.723	 46.320	 -2.999       
 21.328	 45.539	 -4.551       
 19.461	 45.117	 -1.275       
 16.087	 43.390	 -1.023       
 13.563	 43.067	  1.795       
 15.654	 40.107	  2.968       
 18.299	 42.638	  4.023       
 16.056	 44.346	  6.559       
 17.809	 43.883	  9.898       
 19.622	 45.465	 12.825       
 23.234	 46.170	 11.880       
 26.081	 46.194	 14.394       
 29.771	 46.941	 14.178       
 32.172	 45.357	 16.647       
 35.835	 44.548	 16.901       
 36.960	 41.043	 15.951       
 37.469	 40.033	 19.604       
 33.834	 40.800	 20.360       
 34.687	 42.992	 23.362       
 33.488	 46.254	 21.807       
 30.138	 46.621	 20.051       
 28.198	 49.544	 18.632       
 24.607	 50.141	 19.749       
 23.197	 48.661	 16.563       
 21.047	 50.384	 13.955       
 17.876	 49.108	 12.295       
 17.781	 49.432	  8.514       
 14.536	 48.644	  6.722       
 14.407	 47.924	  2.996       
 11.029	 48.927	  1.609       
  9.578	 50.232	 -1.645       
  7.887	 52.678	  0.720       
