BRIEF 1J5O B 430              
 15.003	104.423	 -1.243  0.562
 11.433	105.287	 -2.134  0.528
  8.608	102.738	 -1.854  0.534
  7.837	100.296	 -4.798 -0.015
  4.202	101.281	 -4.834  0.403
  2.892	101.970	 -8.323 -0.697
  2.244	105.624	 -9.176  0.490
 -0.894	107.776	 -9.286  0.182
 -1.373	109.736	-12.532  0.562
 -1.490	113.512	-11.970  0.526
 -2.125	115.955	-14.791 -0.751
 -3.345	119.354	-13.510  0.560
 -6.465	121.141	-14.686  0.391
 -6.330	121.886	-18.462  0.490
 -4.941	125.088	-19.991  0.480
 -2.723	125.558	-16.951  0.524
  0.988	125.881	-17.788  0.517
  1.714	125.131	-14.149  0.560
  3.184	127.836	-11.911  0.419
  5.682	130.530	-12.736 -1.988
  5.850	132.486	 -9.529  0.048
  8.998	134.285	 -8.556  0.391
 11.207	133.891	 -5.477  0.567
 11.131	136.757	 -3.091  0.541
 14.392	137.370	 -1.290  0.562
 15.156	135.645	  2.013  0.561
 17.439	136.448	  4.963  0.370
 20.913	134.926	  5.586  0.287
 19.567	133.170	  8.644  0.454
 17.103	131.551	  6.253  0.507
 19.290	130.767	  3.269  0.402
 21.806	128.734	  5.213 -0.144
 19.162	126.658	  6.849  0.527
 16.996	126.314	  3.730  0.405
 20.181	125.279	  2.024 -1.726
 21.231	122.531	  4.462 -0.668
 17.820	120.976	  4.709  0.528
 17.518	121.321	  1.021  0.467
 20.818	119.611	  0.353 -3.338
 20.545	116.363	  2.351 -0.557
 17.137	115.844	  0.732 -0.153
 19.095	115.540	 -2.476  0.454
 21.344	112.984	 -0.743 -0.322
 18.554	110.688	  0.548  0.232
 17.288	110.911	 -3.003  0.560
 14.180	112.927	 -2.296  0.565
 15.075	115.922	 -4.444  0.486
 17.105	116.264	 -7.665 -0.069
 18.980	119.280	 -9.054 -1.112
 17.824	120.802	-12.375  0.148
 18.716	123.754	-14.490  0.560
 17.227	126.597	-16.491  0.562
 15.704	124.142	-18.961  0.454
 12.682	123.909	-16.631  0.528
 10.268	126.794	-17.382  0.562
  8.060	126.192	-14.323  0.559
  8.785	127.424	-10.717  0.569
  7.482	128.096	 -7.162  0.530
  8.782	129.768	 -3.977  0.562
 10.232	128.382	 -0.815 -1.597
 11.346	129.561	  2.626  0.560
 12.704	128.751	  6.043  0.357
 10.731	129.246	  9.206  0.528
 12.602	128.928	 12.460 -0.024
 10.083	126.789	 14.345  0.565
 10.420	126.761	 18.171  0.565
 11.226	123.123	 18.823 -0.383
 13.800	120.306	 18.777 -0.070
 13.493	119.889	 15.038 -0.134
 15.319	122.135	 12.640 -0.211
 13.617	124.972	 10.762  0.541
 11.094	123.879	  8.169  0.567
 11.234	124.167	  4.433  0.565
  8.157	125.799	  2.974  0.173
  6.957	125.819	 -0.586  0.310
  4.187	128.154	 -1.705  0.567
  2.365	125.632	 -3.892  0.479
 -0.743	127.780	 -3.477  0.515
 -0.858	128.510	 -7.165  0.454
  0.167	124.918	 -7.909  0.483
 -2.686	123.608	 -5.859  0.569
 -4.946	125.817	 -7.847  0.507
 -3.708	124.444	-11.187 -0.140
 -3.902	120.746	-10.258  0.530
 -7.188	119.103	-11.182  0.567
 -9.674	117.738	 -8.705  0.466
 -9.068	114.455	 -6.970  0.479
-11.837	112.227	 -5.562 -0.410
 -9.576	110.316	 -3.109  0.566
 -8.810	113.761	 -1.665  0.356
-12.300	114.676	 -0.627  0.567
-13.122	110.938	 -0.397  0.561
-10.004	109.919	  1.459  0.560
-10.141	113.107	  3.434  0.486
-13.723	113.808	  4.610  0.562
-14.488	116.246	  7.458  0.522
-15.680	115.110	 10.949  0.562
-18.110	116.978	 13.177 -0.220
-17.623	115.869	 16.759  0.560
-14.189	117.046	 15.881  0.328
-15.121	120.625	 16.738 -0.145
-16.801	119.163	 19.813 -0.774
-14.027	118.090	 22.157 -0.367
-12.115	119.012	 25.300 -0.263
 -8.827	119.438	 23.373  0.534
 -7.193	118.948	 19.996  0.227
 -3.592	118.643	 18.920  0.411
 -1.685	119.152	 15.713  0.399
  1.080	117.021	 14.228  0.561
  3.445	117.895	 11.460  0.567
  3.274	114.493	  9.765  0.527
  4.832	115.492	  6.474  0.480
  7.613	112.892	  6.155  0.466
  4.896	110.349	  5.639  0.569
  4.906	111.775	  2.086  0.559
  8.619	111.199	  1.785  0.479
  8.200	107.423	  1.334  0.570
  5.616	107.314	 -1.432  0.087
  7.103	108.339	 -4.828  0.491
  5.664	110.644	 -7.432  0.561
  4.783	110.523	-11.100 -1.119
  7.918	111.219	-13.081 -3.349
  6.221	113.708	-15.352 -3.349
  4.069	115.862	-13.004  0.479
  7.307	116.662	-11.239  0.516
  8.443	119.733	-13.177  0.449
  5.560	121.444	-11.461  0.559
  7.276	121.631	 -8.120  0.570
 10.469	123.263	 -9.168  0.527
 11.769	125.846	 -6.689  0.560
 14.838	127.894	 -6.106  0.570
 17.197	128.706	 -3.358  0.528
 18.878	132.146	 -3.719  0.491
 21.978	133.799	 -2.286  0.570
 23.280	136.835	 -0.545 -3.349
 24.504	139.510	 -2.923  0.569
 23.896	136.995	 -5.676  0.569
 27.384	135.523	 -5.203 -0.301
 26.162	132.977	 -7.703  0.210
 22.946	132.392	 -9.659  0.562
 19.923	130.660	 -8.251  0.560
 20.099	126.942	 -7.659 -0.938
 16.916	124.972	 -8.342  0.567
 15.612	121.610	 -7.238  0.474
 12.762	119.242	 -7.995  0.466
 10.641	116.951	 -5.855  0.474
 10.771	113.202	 -6.760  0.569
  8.422	111.867	 -4.167  0.569
  5.606	113.714	 -2.507  0.561
  6.322	117.370	 -1.705  0.491
  5.435	118.496	  1.769  0.517
  2.259	120.501	  1.190  0.480
  0.171	119.950	 -1.931  0.541
 -3.437	118.964	 -2.685  0.449
 -2.379	115.958	 -4.675  0.560
 -0.087	114.714	 -1.953  0.570
 -2.479	113.926	  0.911  0.420
 -4.901	112.924	 -1.795  0.009
 -2.938	109.773	 -2.628  0.528
 -1.076	108.597	  0.496  0.560
 -4.485	108.226	  2.234  0.567
 -4.609	104.439	  1.947 -3.349
 -1.313	104.332	  3.737  0.312
 -2.142	107.189	  6.103  0.568
 -5.375	105.600	  7.206  0.211
 -4.492	101.964	  7.757 -1.122
 -1.581	103.193	  9.829  0.569
 -4.014	105.086	 12.007  0.561
 -6.473	102.206	 11.715 -1.125
 -4.956	100.497	 14.746  0.491
 -4.938	103.593	 16.956  0.147
 -8.632	104.048	 16.455  0.155
 -9.778	100.473	 17.020 -3.349
 -7.189	100.707	 19.796 -3.348
 -9.265	103.463	 21.439  0.404
-11.727	105.571	 19.353  0.274
-12.407	107.930	 22.282 -3.349
-10.296	110.430	 20.246 -3.346
-10.580	111.621	 16.657 -0.743
 -8.329	112.523	 13.822  0.569
 -8.414	114.757	 10.745 -0.042
 -5.897	115.158	  7.952  0.467
 -5.175	118.399	  6.154  0.559
 -2.167	118.372	  3.890 -0.313
  0.948	118.238	  6.086  0.567
 -1.153	118.126	  9.211  0.567
 -2.800	115.684	 11.514  0.561
 -5.561	116.954	 13.784  0.474
 -6.174	114.802	 16.846  0.399
 -8.612	115.494	 19.646 -0.000
 -9.396	113.784	 22.963  0.570
-12.152	114.969	 25.269  0.567
-10.026	113.502	 27.989  0.483
 -7.924	115.158	 30.651 -0.114
 -5.067	117.306	 29.359  0.230
 -2.191	115.190	 30.692 -3.323
 -3.785	111.957	 29.570  0.163
 -4.585	113.635	 26.230  0.475
 -1.009	114.876	 25.971  0.567
  0.252	111.360	 26.791 -3.349
 -2.098	109.516	 24.442  0.270
 -0.933	112.032	 21.868 -0.446
  2.648	110.990	 22.542  0.003
  1.530	107.429	 22.008 -0.508
  0.360	108.193	 18.494  0.561
  3.846	109.619	 17.981  0.516
  5.704	106.458	 18.802 -3.349
  3.174	104.556	 16.762  0.287
  3.883	106.578	 13.672  0.561
  7.522	106.034	 14.482 -0.593
  7.423	102.282	 14.451 -3.349
  5.061	102.329	 11.572  0.383
  6.686	103.215	  8.287  0.560
  9.007	105.659	 10.048 -3.117
  6.396	108.424	 10.273 -1.050
  8.372	110.888	 12.353  0.530
  6.804	114.079	 13.843  0.562
  8.442	117.218	 15.311  0.466
  9.026	117.368	 19.121 -0.324
  7.895	120.754	 20.430  0.565
 10.403	122.112	 22.982  0.568
  9.209	122.824	 26.581  0.517
 10.827	125.078	 29.224  0.449
 10.583	126.922	 32.593  0.455
 10.427	130.724	 32.338  0.562
  7.462	131.929	 30.224  0.562
  5.899	128.465	 29.590  0.479
  4.587	128.529	 26.033 -0.065
  4.278	124.747	 25.520  0.541
  1.702	124.515	 28.315  0.479
 -0.511	126.292	 25.857  0.480
  0.336	124.467	 22.636  0.474
 -2.799	122.518	 23.417  0.566
 -5.904	123.382	 21.362  0.561
 -9.214	123.510	 23.210  0.568
-12.094	124.860	 21.017  0.562
-15.250	124.237	 23.064  0.517
-14.694	127.605	 24.687  0.157
-15.100	129.291	 21.267  0.541
-18.092	131.711	 21.125  0.451
-19.049	134.140	 18.357  0.527
-18.065	137.838	 18.752  0.467
-20.910	139.032	 20.958 -0.511
-19.659	142.593	 20.868  0.180
-22.679	144.824	 20.169 -3.349
-24.034	147.371	 22.660  0.561
-25.047	150.863	 23.877  0.562
-26.748	152.371	 26.960 -2.312
-27.237	156.116	 26.403  0.213
-28.785	157.489	 29.634 -1.280
-29.087	160.816	 27.747 -0.461
-28.496	160.132	 24.066  0.223
-27.384	163.216	 22.073  0.451
-27.919	164.118	 18.400  0.484
-24.627	162.591	 17.445  0.569
-24.955	159.573	 19.681  0.467
-28.334	158.794	 18.281  0.486
-27.493	159.886	 14.748  0.516
-24.303	157.881	 14.691  0.391
-26.061	154.856	 16.170  0.405
-28.920	154.949	 13.705  0.526
-26.451	154.984	 10.849  0.400
-25.221	151.819	 12.517  0.507
-28.585	150.203	 13.234  0.483
-29.303	150.677	  9.529  0.487
-26.498	148.402	  8.389  0.383
-27.607	145.767	 10.926  0.527
-30.939	145.486	  9.118  0.423
-28.900	143.722	  6.472  0.466
-28.050	140.838	  8.745  0.569
-30.921	140.952	 11.235  0.389
-34.720	141.260	 10.418 -3.349
-36.261	142.739	 13.582  0.480
-34.570	146.064	 12.882  0.403
-36.183	149.510	 13.238 -1.125
-34.067	152.616	 12.669 -0.326
-37.088	154.737	 11.737 -3.349
-38.434	155.345	 15.284 -0.312
-35.205	157.046	 16.301  0.328
-34.739	158.673	 12.888  0.467
-37.756	160.689	 14.020 -1.136
-36.222	161.750	 17.326  0.326
-33.527	163.034	 14.945 -1.121
-35.789	164.639	 12.284  0.206
-35.001	168.319	 11.567  0.560
-31.693	170.211	 11.083 -1.745
-30.788	170.225	 14.786  0.449
-27.432	171.100	 16.356 -0.450
-25.833	167.757	 17.062  0.561
-23.145	169.374	 19.164  0.530
-24.225	169.263	 22.785 -0.364
-27.906	168.859	 21.916 -0.878
-29.018	166.152	 24.333 -1.133
-32.435	165.459	 22.696 -2.399
-33.220	162.789	 25.264  0.328
-36.080	160.754	 23.859  0.450
-37.683	158.019	 25.960 -3.349
-40.482	157.603	 23.404  0.172
-38.234	155.692	 21.015  0.569
-36.785	153.918	 24.082  0.454
-39.417	151.221	 23.447  0.172
-37.985	150.336	 20.046  0.566
-34.351	150.959	 21.005  0.561
-34.285	148.227	 23.618  0.398
-36.373	146.276	 21.058  0.566
-33.603	145.931	 18.485  0.528
-31.487	144.743	 21.453  0.413
-33.444	141.478	 21.658  0.511
-32.572	140.832	 18.022  0.445
-28.909	141.670	 18.608  0.483
-28.683	139.475	 21.708 -1.130
-29.173	136.124	 19.939 -1.092
-28.181	133.628	 17.244 -0.013
-28.832	134.891	 13.722  0.569
-31.047	132.146	 12.224  0.429
-29.822	131.470	  8.684  0.480
-26.471	129.621	  8.913 -0.436
-26.629	127.237	  5.955  0.474
-22.981	126.173	  5.440  0.559
-22.128	125.016	  1.929  0.416
-18.952	123.122	  0.968  0.280
-19.769	123.703	 -2.690 -0.447
-19.019	127.369	 -2.058  0.507
-15.826	129.105	 -0.941 -1.134
-15.118	130.613	  2.470  0.328
-14.247	134.137	  3.457 -1.087
-12.865	136.285	  6.206  0.400
-12.549	139.957	  7.028  0.399
-10.244	141.270	  9.615 -1.141
-10.746	144.595	 11.240  0.567
 -8.269	146.663	 13.243  0.507
-11.009	147.677	 15.758  0.517
 -8.999	149.346	 18.469 -0.567
 -5.383	149.059	 19.588 -3.349
 -4.468	145.578	 20.745 -1.399
 -7.524	143.534	 19.708  0.517
 -8.722	142.557	 16.184  0.383
-11.648	140.878	 14.403 -0.032
-12.740	137.991	 12.301  0.388
-16.030	137.081	 10.633  0.517
-16.486	134.129	  8.250  0.402
-18.953	133.340	  5.529  0.389
-19.521	132.404	  1.957  0.567
-22.516	134.666	  1.409  0.231
-22.422	138.455	  1.987 -0.748
-23.608	139.803	  5.341 -1.161
-24.509	136.231	  6.094  0.333
-21.644	135.090	  8.282  0.320
-21.446	131.619	  9.834  0.561
-19.272	132.689	 12.748  0.448
-17.454	135.718	 14.133  0.570
-14.839	136.539	 16.737  0.560
-11.964	138.532	 18.131  0.449
 -8.299	137.739	 18.350  0.559
 -7.095	140.201	 20.893  0.442
 -3.740	141.169	 22.384 -1.137
 -1.331	138.317	 23.108 -3.349
 -0.282	139.733	 26.509 -1.108
  3.298	140.159	 25.256 -1.123
  5.259	143.394	 24.730 -1.025
  5.610	142.136	 21.128  0.568
  3.898	145.217	 19.731  0.411
  3.657	144.863	 15.942  0.569
  0.582	145.457	 13.841  0.416
  1.345	142.888	 11.195 -0.074
  2.581	140.210	 13.549 -1.404
 -0.875	140.283	 15.009  0.467
 -2.646	140.340	 11.682  0.561
 -0.707	137.304	 10.628 -1.127
 -1.206	135.640	 13.973 -0.489
 -4.806	136.565	 13.436 -0.711
 -5.273	134.826	 10.166  0.484
 -3.402	131.824	 11.440  0.315
 -5.469	131.306	 14.591  0.215
 -8.450	132.323	 12.512 -0.673
 -7.659	129.701	  9.915 -3.349
 -6.895	126.835	 12.236 -3.349
-10.242	127.500	 13.750  0.566
-11.918	127.395	 10.360 -0.479
-10.097	124.213	  9.405  0.318
-11.357	122.373	 12.454 -0.533
-14.855	123.373	 11.482  0.445
-15.989	123.224	  7.854  0.383
-12.601	121.782	  7.020  0.398
-11.302	123.970	  4.207 -0.023
 -9.481	127.349	  4.123 -1.330
-11.016	130.885	  3.829  0.491
 -9.823	133.658	  1.555  0.274
 -8.522	136.688	  3.345  0.560
 -9.578	140.251	  2.726 -3.347
 -6.395	141.658	  4.284  0.561
 -6.464	144.976	  6.220  0.562
 -2.945	145.764	  5.157  0.444
 -1.184	147.169	  2.115  0.002
  0.483	144.671	 -0.229 -0.318
  4.125	145.817	 -0.461  0.060
  3.986	145.884	  3.358  0.370
  2.393	142.527	  4.307  0.382
  4.771	140.945	  1.907 -1.142
  8.115	142.084	  3.316 -3.349
  7.202	140.875	  6.803  0.541
  4.693	137.995	  6.871  0.541
  7.242	135.138	  6.586 -3.283
  9.041	136.374	  9.750 -3.280
  6.081	135.343	 11.859  0.045
  4.172	132.655	  9.984  0.541
  4.031	129.279	 11.652  0.517
  1.623	127.007	  9.898  0.527
  2.351	124.303	  7.416  0.369
 -0.045	125.787	  4.931 -0.101
 -0.617	129.256	  3.614  0.486
 -4.205	130.405	  2.915  0.491
 -5.297	132.694	  0.116 -0.226
 -5.257	136.370	  0.865  0.541
 -6.059	139.685	 -0.913  0.511
 -5.674	143.317	  0.087  0.396
 -8.495	145.832	  0.551  0.266
 -9.353	149.225	  2.118  0.446
-11.783	149.782	  4.929  0.530
-14.903	151.993	  5.433  0.419
-16.651	152.727	  8.831  0.491
-19.768	150.666	  7.898  0.561
-18.290	147.650	  9.682  0.527
-16.034	149.911	 11.801  0.565
-19.456	150.291	 13.362  0.561
-17.896	147.650	 15.655  0.541
-20.448	145.397	 14.067  0.559
-17.742	143.448	 12.306  0.466
-20.393	141.286	 10.617  0.483
-19.651	141.974	  6.918  0.510
BRIEF 1J5O A 558              
 38.707	122.905	-27.034       
 35.231	122.207	-25.633       
 33.514	121.415	-22.390       
 32.436	117.782	-21.960       
 29.613	118.879	-19.699       
 26.395	117.004	-20.157       
 24.314	119.168	-22.465       
 21.026	120.632	-21.353       
 18.023	119.611	-23.421       
 15.898	122.330	-24.972       
 12.588	121.857	-26.746       
 10.663	124.255	-28.972       
  7.466	125.739	-27.559       
  4.437	123.377	-27.977       
  2.826	124.232	-31.248       
  5.614	125.902	-33.275       
  8.182	124.190	-35.511       
 11.697	125.046	-36.668       
 12.518	128.506	-38.102       
 12.784	128.096	-41.847       
 13.457	131.498	-43.280       
 14.607	132.520	-46.713       
 18.180	133.785	-46.723       
 18.435	136.855	-48.936       
 21.588	137.328	-51.105       
 24.223	139.224	-49.190       
 27.064	141.089	-50.858       
 29.902	139.471	-52.854       
 32.947	140.292	-50.723       
 30.713	139.410	-47.807       
 29.964	135.932	-49.168       
 33.637	135.096	-49.238       
 33.995	136.927	-45.921       
 31.304	134.929	-44.207       
 32.872	131.884	-45.824       
 36.386	132.604	-44.551       
 34.667	132.916	-41.200       
 32.599	129.686	-41.022       
 35.622	127.710	-42.155       
 37.492	128.706	-39.000       
 34.367	128.147	-36.975       
 34.269	124.599	-38.399       
 37.724	123.269	-37.514       
 37.033	124.866	-34.158       
 34.179	122.417	-33.789       
 31.854	125.342	-33.356       
 29.945	124.102	-36.401       
 29.742	121.392	-39.073       
 28.236	120.874	-42.486       
 24.730	119.429	-42.419       
 22.582	116.945	-44.297       
 20.146	118.208	-46.968       
 17.074	117.501	-44.854       
 17.378	120.207	-42.204       
 14.973	122.624	-43.934       
 14.886	124.985	-40.980       
 16.532	128.271	-41.970       
 17.436	131.633	-40.434       
 19.078	134.707	-42.089       
 22.700	135.727	-41.607       
 24.981	138.616	-42.390       
 28.484	139.772	-41.604       
 30.371	143.004	-41.134       
 33.662	143.514	-39.311       
 33.452	147.218	-38.382       
 37.124	148.427	-38.455       
 38.846	146.412	-35.645       
 41.696	143.841	-35.463       
 40.788	141.479	-32.595       
 37.201	141.999	-33.814       
 35.313	140.384	-36.710       
 31.537	140.437	-37.332       
 29.231	137.940	-39.016       
 26.024	137.648	-37.034       
 22.618	135.885	-37.240       
 19.119	137.145	-36.407       
 17.575	134.294	-34.439       
 14.399	136.342	-33.854       
 11.918	133.894	-35.416       
 13.679	131.080	-33.638       
 13.816	132.795	-30.261       
 10.241	133.610	-31.053       
  9.747	129.859	-31.400       
 12.062	128.315	-28.770       
 10.768	127.293	-25.352       
 10.892	129.649	-22.370       
 13.016	128.422	-19.569       
 13.048	130.029	-16.174       
 15.939	132.464	-16.109       
 18.225	132.164	-13.219       
 18.885	135.483	-11.461       
 17.818	137.314	 -8.298       
 19.450	140.443	 -9.718       
 23.119	141.371	-10.073       
 25.567	141.767	 -7.208       
 26.872	144.999	 -5.709       
 30.089	145.881	 -3.826       
 28.059	147.028	 -0.796       
 27.443	143.372	 -0.013       
 30.911	142.343	 -1.035       
 33.060	142.064	  2.076       
 36.893	142.191	  2.219       
 39.815	139.832	  1.564       
 43.598	140.215	  1.776       
 44.131	139.606	 -1.935       
 41.800	139.454	 -4.944       
 41.653	138.670	 -8.684       
 39.141	139.038	-11.476       
 38.996	136.424	-14.200       
 37.008	136.190	-17.368       
 36.723	132.947	-19.265       
 37.052	133.558	-22.964       
 34.796	132.446	-25.776       
 32.375	131.376	-23.009       
 29.296	130.814	-25.142       
 30.986	129.044	-28.037       
 32.734	127.020	-25.341       
 29.692	125.163	-24.197       
 28.373	122.609	-26.691       
 24.828	122.717	-27.879       
 22.147	120.175	-27.120       
 22.702	117.891	-30.136       
 18.942	117.455	-30.496       
 17.997	121.155	-30.687       
 20.988	121.765	-32.942       
 18.812	120.942	-35.921       
 17.343	124.392	-35.624       
 20.442	126.553	-35.146       
 21.369	126.127	-38.774       
 22.087	128.604	-41.552       
 22.920	128.963	-45.181       
 25.975	130.870	-46.175       
 25.368	131.956	-49.830       
 27.436	131.862	-52.932       
 28.105	133.376	-56.344       
 27.046	131.874	-59.744       
 29.425	128.814	-60.287       
 28.297	126.612	-57.405       
 24.656	127.524	-57.940       
 23.751	125.551	-54.736       
 24.386	126.984	-51.280       
 26.267	126.000	-48.106       
 24.527	124.848	-44.942       
 25.877	124.901	-41.429       
 24.355	124.210	-38.044       
 25.641	125.296	-34.612       
 27.309	122.567	-32.520       
 27.718	124.824	-29.492       
 26.008	127.836	-27.838       
 24.700	130.437	-30.395       
 25.627	134.105	-29.892       
 22.081	135.495	-29.783       
 19.917	132.622	-28.603       
 17.828	133.127	-25.487       
 18.972	129.701	-24.388       
 22.686	130.322	-24.291       
 22.435	133.065	-21.601       
 21.177	130.873	-18.832       
 22.683	127.774	-20.332       
 26.216	129.029	-20.047       
 25.431	130.063	-16.551       
 23.961	126.838	-15.246       
 26.932	125.141	-16.861       
 29.731	127.420	-15.541       
 28.356	126.765	-12.067       
 28.621	122.961	-12.087       
 32.204	123.501	-13.049       
 32.954	125.934	-10.292       
 31.157	123.849	 -7.679       
 33.627	121.054	 -6.755       
 36.500	123.519	 -6.731       
 34.329	125.429	 -4.304       
 33.975	122.199	 -2.335       
 37.753	122.048	 -2.393       
 38.645	125.493	 -1.111       
 36.131	126.937	  1.400       
 38.187	130.081	  1.964       
 38.583	131.350	 -1.542       
 35.571	133.295	 -2.631       
 34.023	133.505	 -6.068       
 31.146	135.631	 -7.266       
 30.310	134.128	-10.600       
 28.647	136.514	-13.168       
 27.887	135.004	-16.498       
 31.492	134.890	-17.933       
 33.237	136.625	-15.040       
 34.883	135.449	-11.819       
 35.728	137.778	 -8.903       
 37.994	135.715	 -6.682       
 39.153	136.401	 -3.161       
 40.396	134.943	  0.086       
 42.488	136.092	  3.036       
 45.553	134.236	  1.677       
 49.105	135.618	  1.636       
 49.390	136.976	 -1.890       
 51.680	134.092	 -2.713       
 49.342	131.431	 -1.437       
 46.506	133.303	 -3.063       
 48.430	133.034	 -6.356       
 48.733	129.242	 -6.341       
 44.987	128.924	 -5.909       
 43.837	131.185	 -8.714       
 46.082	129.182	-10.993       
 44.765	125.982	 -9.472       
 41.375	127.321	-10.432       
 42.479	128.541	-13.858       
 43.825	125.091	-14.608       
 40.588	123.428	-13.554       
 38.336	125.910	-15.301       
 40.505	125.628	-18.378       
 40.571	121.854	-17.915       
 36.795	121.874	-18.408       
 37.272	123.861	-21.596       
 36.974	127.228	-19.967       
 39.981	129.173	-21.159       
 41.307	131.589	-18.587       
 42.400	134.360	-21.040       
 45.241	136.755	-20.222       
 42.719	139.512	-19.557       
 43.323	138.577	-15.899       
 43.461	141.025	-12.976       
 46.667	141.400	-10.877       
 47.168	145.162	-10.369       
 45.595	145.101	 -6.948       
 44.471	148.746	 -6.587       
 42.726	148.877	 -9.926       
 40.189	146.026	-10.231       
 37.706	146.437	-13.097       
 34.676	144.710	-11.674       
 31.032	144.668	-12.655       
 31.599	148.284	-13.520       
 32.757	149.229	-10.055       
 36.322	150.396	 -9.488       
 37.306	148.019	 -6.702       
 40.114	149.338	 -4.455       
 41.847	147.666	 -1.484       
 39.357	149.649	  0.628       
 36.889	151.731	 -1.359       
 34.625	151.118	 -4.296       
 33.381	153.480	 -6.942       
 32.287	153.878	-10.501       
 34.536	156.590	-11.879       
 32.767	156.545	-15.275       
 30.233	158.928	-13.678       
 30.374	161.114	-16.788       
 27.351	162.910	-18.146       
 25.997	164.362	-21.391       
 24.768	168.012	-21.501       
 25.148	169.559	-25.018       
 22.150	167.628	-26.331       
 19.938	168.706	-23.359       
 16.716	169.038	-25.362       
 15.445	165.963	-27.312       
 13.365	163.701	-25.061       
 16.053	161.027	-25.204       
 18.667	163.436	-23.869       
 16.304	164.074	-20.972       
 15.765	160.385	-20.384       
 19.519	160.026	-20.741       
 20.478	162.366	-17.883       
 17.655	161.266	-15.574       
 18.847	157.696	-15.536       
 22.531	158.600	-15.297       
 21.451	160.258	-12.108       
 19.332	157.241	-11.073       
 22.399	155.179	-11.808       
 24.932	157.384	-10.058       
 22.510	157.393	 -7.110       
 24.485	154.465	 -5.623       
 26.921	156.515	 -3.542       
 26.466	160.071	 -4.723       
 24.324	161.257	 -1.784       
 20.666	162.165	 -2.343       
 19.568	163.862	 -5.531       
 16.233	164.983	 -6.821       
 15.477	163.693	-10.272       
 11.709	164.473	 -9.985       
 12.471	168.092	-10.846       
 13.754	167.062	-14.237       
 11.685	163.865	-14.434       
  8.680	166.141	-14.596       
 10.232	167.628	-17.727       
 10.582	163.998	-18.902       
  6.791	163.433	-18.742       
  3.981	164.835	-20.916       
  4.626	164.532	-24.641       
  6.606	161.408	-25.232       
  7.250	162.659	-28.772       
 10.856	161.623	-29.669       
 11.916	164.833	-31.480       
  9.977	167.341	-29.304       
 12.248	169.255	-26.946       
 10.823	170.637	-23.719       
 12.774	173.557	-22.268       
 11.274	173.969	-18.748       
 15.019	173.512	-18.231       
 14.781	176.818	-16.350       
 12.221	175.272	-14.015       
 14.589	172.370	-13.102       
 17.880	174.334	-13.475       
 18.117	174.144	 -9.800       
 18.053	170.378	 -9.687       
 20.394	169.862	-12.655       
 23.218	171.955	-11.232       
 22.712	171.123	 -7.560       
 23.036	167.500	 -8.586       
 25.784	168.495	-11.016       
 27.801	169.733	 -8.130       
 26.956	166.583	 -6.143       
 28.217	164.528	 -9.100       
 31.245	166.846	 -8.888       
 32.094	166.031	 -5.261       
 34.280	162.823	 -5.362       
 32.534	160.077	 -3.387       
 33.129	156.370	 -2.684       
 31.863	153.397	 -0.742       
 33.756	151.388	  1.833       
 33.485	147.608	  2.261       
 30.939	145.609	  4.314       
 31.875	144.428	  7.753       
 29.823	141.889	  9.724       
 31.727	142.487	 12.945       
 29.867	145.772	 13.099       
 26.179	146.415	 12.367       
 23.677	147.714	  9.840       
 21.845	151.016	  9.833       
 20.437	153.643	  7.534       
 19.079	157.197	  7.971       
 16.722	158.974	  5.593       
 15.996	162.638	  4.883       
 13.139	164.415	  3.036       
 14.232	166.503	  0.081       
 11.166	167.721	 -1.798       
  7.473	166.789	 -1.627       
  8.064	163.187	 -2.592       
 11.803	163.502	 -2.608       
 13.063	160.964	 -0.137       
 16.628	159.690	  0.184       
 18.669	157.571	  2.548       
 22.128	156.440	  3.398       
 23.261	153.078	  4.736       
 26.455	153.307	  6.674       
 27.997	151.297	  9.469       
 30.303	154.131	 10.509       
 29.378	157.864	 10.317       
 30.949	159.616	  7.284       
 32.170	156.408	  5.693       
 29.261	155.297	  3.567       
 28.259	151.796	  2.467       
 25.746	152.862	 -0.179       
 23.133	155.553	 -0.926       
 19.842	155.895	 -2.785       
 16.651	157.838	 -3.372       
 12.934	157.079	 -3.479       
  9.810	158.771	 -4.837       
  6.944	156.260	 -5.192       
  3.751	158.193	 -5.545       
  1.653	155.288	 -4.217       
 -2.070	155.949	 -3.597       
 -4.188	158.514	 -5.481       
 -4.222	160.491	 -2.249       
 -1.414	159.678	  0.140       
 -0.037	161.567	  3.095       
  3.518	162.089	  4.202       
  3.850	159.252	  6.730       
  2.997	156.593	  4.195       
  5.898	158.012	  2.204       
  8.560	157.328	  4.841       
  6.781	154.120	  5.732       
  7.098	153.014	  2.123       
 10.527	154.617	  1.940       
 11.769	152.451	  4.765       
 10.496	149.233	  3.220       
 12.421	149.798	 -0.044       
 15.493	150.083	  2.106       
 14.597	146.886	  3.943       
 14.054	144.562	  1.006       
 16.998	146.005	 -0.843       
 19.225	145.625	  2.196       
 17.957	142.135	  2.754       
 19.206	141.387	 -0.704       
 22.492	143.091	 -0.018       
 23.255	141.644	  3.404       
 20.425	139.336	  4.212       
 20.079	141.496	  7.294       
 17.628	144.134	  8.491       
 19.532	147.320	  9.519       
 18.433	149.541	 12.336       
 16.768	152.812	 11.397       
 17.316	156.560	 11.795       
 14.084	158.182	 10.700       
 13.136	161.910	 10.628       
 10.017	161.966	 12.779       
  9.340	162.042	 16.471       
  7.780	159.278	 18.497       
  4.394	160.686	 19.555       
  4.087	161.458	 15.849       
  4.508	158.024	 14.258       
  2.638	156.739	 17.323       
 -0.595	158.657	 16.891       
 -0.353	158.006	 13.207       
 -1.078	154.331	 13.734       
 -3.110	154.627	 16.929       
 -5.685	156.495	 14.881       
 -5.144	154.647	 11.578       
 -7.545	151.662	 11.584       
 -5.289	149.634	  9.333       
 -2.179	147.600	 10.235       
  1.175	149.221	  9.594       
  4.506	148.988	 11.400       
  8.268	149.596	 11.162       
 11.336	147.527	 12.131       
 13.679	148.875	 14.814       
 14.281	152.592	 14.479       
 15.656	155.399	 16.570       
 14.906	159.122	 16.506       
 16.984	161.712	 14.666       
 16.544	165.476	 14.947       
 17.824	167.146	 11.790       
 16.028	167.685	  8.445       
 12.572	169.129	  7.745       
 11.120	166.685	 10.301       
  8.184	164.620	  9.031       
  4.818	165.115	 10.675       
  1.105	165.231	  9.985       
 -0.570	168.604	  9.625       
 -4.265	168.523	 10.267       
 -6.027	166.084	 12.563       
 -9.805	165.748	 13.036       
-11.161	166.018	 16.590       
-12.483	163.121	 18.704       
-15.863	164.323	 20.044       
-18.120	166.878	 18.291       
-16.908	169.945	 20.123       
-19.408	172.417	 21.395       
-19.460	176.068	 20.434       
-19.442	175.630	 16.680       
-21.995	175.228	 13.871       
-23.060	171.733	 12.842       
-23.132	172.184	  9.096       
-24.981	169.643	  6.899       
-23.411	169.044	  3.483       
-24.663	167.558	  0.226       
-24.089	167.555	 -3.534       
-24.965	165.569	 -6.718       
-25.345	165.374	-10.525       
-26.511	163.133	-13.391       
-24.479	161.127	-15.955       
-26.093	163.143	-18.723       
-25.971	166.438	-16.839       
-22.195	166.520	-16.309       
-23.482	169.514	-14.299       
-25.027	169.851	-10.831       
-25.023	171.787	 -7.548       
-23.152	171.466	 -4.292       
-24.033	173.224	 -1.077       
-25.237	173.228	  2.509       
-27.327	174.460	  5.417       
-26.516	175.015	  9.098       
-28.587	174.388	 12.206       
-28.664	178.193	 12.191       
-31.130	177.997	  9.302       
-28.450	179.391	  6.954       
-27.826	177.787	  3.642       
-25.989	178.136	  0.347       
-25.945	176.121	 -2.873       
-23.704	176.157	 -5.981       
-24.303	174.454	 -9.290       
-21.306	173.667	-11.476       
-20.023	171.493	-14.328       
-17.458	168.937	-15.479       
-17.789	166.852	-12.279       
-19.601	163.840	-10.740       
-21.906	162.619	 -7.965       
-18.649	161.761	 -6.323       
-16.836	165.009	 -7.044       
-19.993	166.876	 -6.115       
-20.178	165.329	 -2.658       
-16.478	165.936	 -2.288       
-16.731	169.504	 -3.547       
-19.624	170.301	 -1.230       
-17.229	169.569	  1.618       
-15.027	172.435	  0.484       
-17.651	175.122	  1.125       
-18.696	174.491	  4.699       
-15.005	174.118	  5.351       
-14.184	177.420	  3.772       
-17.074	179.044	  5.650       
-15.853	178.006	  9.119       
-13.277	179.598	 11.421       
-12.094	178.387	 14.826       
-14.144	175.190	 14.810       
-16.797	173.195	 12.848       
-19.124	170.151	 12.968       
-19.475	168.858	  9.434       
-22.004	166.322	  8.282       
-21.708	164.092	  5.209       
-23.321	160.937	  3.905       
-20.562	160.170	  1.379       
-18.061	157.652	  2.680       
-15.777	158.370	 -0.289       
-14.876	161.947	  0.428       
-15.298	161.144	  4.091       
-12.634	158.582	  3.728       
-10.313	160.528	  1.462       
-10.164	163.009	  4.302       
 -9.864	160.703	  7.344       
 -6.569	159.304	  5.973       
 -5.078	162.651	  6.745       
 -3.735	163.399	  3.175       
 -0.661	165.600	  2.692       
 -1.277	165.952	 -1.034       
 -3.189	164.680	 -4.079       
 -2.939	165.257	 -7.832       
 -6.467	166.613	 -7.434       
 -6.736	170.315	 -6.691       
-10.110	170.153	 -4.952       
 -9.176	167.582	 -2.314       
 -5.729	169.085	 -2.155       
 -7.491	172.334	 -1.339       
 -9.799	170.669	  1.206       
 -6.608	169.816	  3.012       
 -5.266	173.356	  3.435       
 -8.483	174.500	  5.109       
 -8.176	171.662	  7.556       
 -4.557	172.768	  7.627       
 -5.765	176.266	  8.444       
 -8.727	175.727	 10.845       
 -8.394	175.402	 14.632       
-10.651	172.416	 14.905       
-12.648	170.235	 12.575       
-14.575	167.094	 13.031       
-16.784	165.081	 10.749       
-19.531	162.464	 11.038       
-21.262	160.137	  8.641       
-24.964	159.644	  8.092       
-26.819	157.440	  5.605       
-28.724	159.205	  2.812       
-32.121	157.826	  1.613       
-33.192	156.895	  5.138       
-34.069	160.601	  5.623       
-32.081	161.338	  8.775       
-31.309	164.521	 10.667       
-31.697	167.742	  8.705       
-30.396	165.666	  5.771       
-33.859	165.205	  4.201       
-33.890	168.993	  3.736       
-30.458	169.220	  2.031       
-31.365	166.662	 -0.645       
-34.472	168.459	 -1.918       
-32.450	171.648	 -1.433       
-29.994	170.212	 -3.951       
-32.765	168.820	 -6.166       
-36.543	169.216	 -6.550       
-36.717	165.572	 -7.655       
-33.905	166.910	 -9.837       
-31.805	170.107	 -9.866       
-31.390	173.080	-12.247       
BRIEF 1J5O L 214              
 21.129	133.597	 39.076       
 19.240	136.486	 40.644       
 20.101	138.426	 43.810       
 17.212	137.914	 46.170       
 16.625	140.135	 49.146       
 14.389	140.212	 52.213       
 15.499	143.427	 53.953       
 13.577	143.344	 57.213       
 15.073	140.090	 58.373       
 12.591	139.821	 61.232       
  9.980	141.900	 63.020       
  7.715	141.694	 66.019       
  4.027	142.473	 65.729       
  0.968	141.621	 67.784       
 -2.288	139.792	 67.346       
 -4.453	141.462	 64.756       
 -1.653	143.607	 63.348       
 -1.591	143.846	 59.561       
  1.847	143.037	 58.232       
  3.626	143.674	 55.022       
  6.807	142.176	 53.691       
  9.162	143.605	 51.096       
 10.731	141.242	 48.567       
 13.447	142.477	 46.218       
 15.065	140.994	 43.117       
 17.907	142.189	 40.911       
 15.878	142.642	 37.737       
 12.365	142.517	 36.391       
 11.032	139.024	 37.072       
  7.471	139.562	 35.827       
  5.200	138.290	 38.603       
  7.450	135.269	 38.782       
  7.633	134.909	 42.512       
  6.280	132.633	 45.245       
  5.677	132.819	 48.983       
  6.437	129.966	 51.339       
  6.149	130.016	 55.124       
  8.368	127.815	 57.190       
  6.904	126.707	 60.504       
  9.360	126.680	 63.498       
  8.531	123.018	 63.653       
 10.626	122.911	 60.435       
  7.802	122.351	 57.989       
  7.548	124.426	 54.806       
  4.286	125.314	 53.070       
  3.282	127.097	 49.847       
  1.106	130.168	 50.197       
  1.129	131.919	 46.846       
  2.412	131.648	 43.325       
  2.629	134.033	 40.444       
  3.256	136.722	 43.034       
 -0.433	136.939	 43.900       
 -2.295	133.815	 42.961       
 -3.403	132.263	 46.202       
 -2.580	128.677	 46.845       
 -5.756	126.681	 47.362       
 -5.627	126.092	 51.098       
 -4.017	129.258	 52.382       
 -6.276	131.512	 54.547       
 -7.704	134.499	 52.696       
 -5.898	136.639	 55.281       
 -2.888	136.313	 52.991       
 -2.575	138.574	 49.958       
 -0.358	138.914	 46.939       
  1.016	142.027	 45.259       
  4.240	143.361	 43.782       
  5.968	143.921	 40.443       
  9.075	144.680	 38.435       
 11.850	143.853	 40.817       
 10.076	144.810	 44.026       
  7.283	142.644	 45.437       
  5.192	142.326	 48.598       
  3.682	139.724	 50.957       
  1.030	140.671	 53.494       
 -1.538	139.412	 55.998       
 -4.488	141.245	 57.567       
 -4.874	140.420	 61.285       
 -2.599	138.219	 63.372       
 -3.473	134.769	 64.762       
 -0.589	132.819	 66.510       
 -0.137	130.339	 63.692       
  1.375	132.981	 61.479       
  4.300	134.046	 63.570       
  6.820	132.419	 61.282       
  9.701	132.899	 58.900       
  8.303	133.683	 55.479       
 10.359	133.024	 52.349       
 10.183	134.756	 48.959       
 10.846	132.686	 45.810       
 11.607	133.545	 42.164       
 11.325	131.150	 39.173       
 12.749	133.238	 36.353       
 16.371	132.612	 35.444       
 16.752	128.981	 36.449       
 19.203	129.590	 39.187       
 16.130	129.696	 41.367       
 16.944	131.730	 44.430       
 15.174	132.190	 47.810       
 15.747	135.501	 49.508       
 16.644	135.355	 53.205       
 13.270	134.728	 54.855       
 11.586	136.955	 57.408       
 10.860	135.887	 60.981       
  7.533	137.135	 62.302       
  7.889	137.176	 66.071       
  5.369	138.181	 68.729       
  5.651	141.547	 70.427       
  5.918	141.582	 74.261       
  6.490	144.410	 76.769       
 10.150	144.099	 77.467       
 11.887	142.942	 80.602       
 15.320	142.454	 82.172       
 16.894	138.974	 82.124       
 17.325	137.033	 85.296       
 21.012	136.344	 85.238       
 22.839	133.535	 86.961       
 26.482	132.641	 87.120       
 27.575	129.176	 88.153       
 30.971	128.095	 89.435       
 32.915	125.037	 88.233       
 32.191	121.695	 89.983       
 34.693	119.651	 91.981       
 33.354	116.747	 89.977       
 34.781	118.173	 86.744       
 37.655	120.249	 88.116       
 39.274	117.082	 89.460       
 39.585	115.873	 85.869       
 40.945	119.128	 84.501       
 37.689	120.520	 83.202       
 37.041	124.065	 84.373       
 33.880	125.179	 82.664       
 31.783	128.108	 83.820       
 28.297	129.070	 82.787       
 26.044	132.062	 83.101       
 22.330	131.751	 82.569       
 20.661	134.831	 81.154       
 16.962	134.178	 80.893       
 13.540	135.491	 80.036       
 14.260	138.906	 78.512       
 12.313	140.679	 75.834       
 14.200	141.941	 72.868       
 16.442	139.177	 71.618       
 18.883	142.108	 71.291       
 21.388	141.806	 74.105       
 24.903	141.001	 75.106       
 27.053	139.259	 77.549       
 30.601	140.006	 78.429       
 32.645	137.236	 79.919       
 35.531	138.934	 81.650       
 37.992	138.110	 84.376       
 39.830	140.658	 86.589       
 40.931	142.877	 83.770       
 37.739	143.130	 81.678       
 38.737	140.764	 78.874       
 36.409	138.551	 76.871       
 39.002	135.751	 77.001       
 39.139	132.869	 74.521       
 36.662	130.164	 75.579       
 33.267	131.762	 75.029       
 30.577	129.426	 73.827       
 26.940	130.493	 73.887       
 23.518	130.132	 72.218       
 20.038	131.591	 72.587       
 16.677	129.995	 72.328       
 13.685	130.823	 70.161       
 10.793	132.944	 71.291       
  9.302	130.754	 73.996       
  5.824	130.592	 72.482       
  4.681	131.004	 76.108       
  6.053	134.178	 77.698       
  7.443	135.272	 74.333       
 10.683	136.114	 76.087       
 14.073	134.535	 75.278       
 17.240	133.311	 76.993       
 20.873	132.594	 76.273       
 23.812	131.068	 77.998       
 27.523	131.479	 77.548       
 30.146	129.121	 78.855       
 33.653	129.983	 79.831       
 36.171	127.248	 79.320       
 39.601	127.521	 80.906       
 42.094	124.989	 82.245       
 42.118	124.259	 85.985       
 45.563	125.843	 85.879       
 43.764	129.047	 84.895       
 40.727	128.495	 87.157       
 43.408	128.485	 89.814       
 45.377	131.433	 88.376       
 42.724	134.102	 87.741       
 40.887	135.155	 90.861       
 37.367	136.349	 90.257       
 35.176	135.507	 87.293       
 32.382	137.645	 86.056       
 29.385	137.788	 83.783       
 28.334	141.122	 82.330       
 24.874	141.165	 80.870       
 23.745	144.414	 79.344       
 20.243	144.848	 78.112       
 17.818	147.588	 77.195       
 17.091	147.639	 80.916       
 18.084	150.889	 82.702       
 21.482	151.821	 81.213       
 22.495	149.092	 83.569       
 25.377	146.613	 83.160       
 23.788	143.673	 85.016       
 26.631	141.767	 86.497       
 27.159	138.698	 88.597       
 30.520	137.463	 89.730       
 32.367	135.030	 91.952       
 35.756	134.331	 93.427       
 37.021	130.840	 94.428       
 40.059	129.272	 92.690       
 39.890	126.215	 94.926       
 40.779	123.105	 92.916       
BRIEF 1J5O H 220              
 -3.188	113.742	 49.137       
  0.243	113.547	 47.473       
  3.218	113.481	 49.835       
  6.775	112.427	 50.089       
  9.430	111.507	 52.629       
 13.187	111.732	 52.228       
 15.862	109.517	 53.739       
 19.584	109.001	 54.069       
 22.605	108.670	 56.480       
 22.162	111.576	 58.883       
 25.884	111.197	 59.615       
 28.811	111.113	 57.222       
 32.545	111.486	 57.674       
 33.869	114.461	 55.692       
 35.228	114.123	 52.130       
 32.850	111.330	 51.243       
 29.723	111.057	 49.216       
 26.149	110.353	 50.240       
 22.813	109.359	 48.794       
 19.462	110.864	 49.717       
 16.238	109.326	 48.518       
 12.884	110.981	 48.244       
  9.902	108.664	 48.056       
  6.712	110.280	 46.857       
  3.094	109.202	 46.912       
  0.695	111.027	 44.623       
  1.875	112.323	 41.287       
  4.161	110.420	 38.991       
  7.463	111.446	 37.473       
  5.955	110.892	 34.061       
  3.516	113.783	 33.837       
  4.136	116.879	 31.734       
  4.560	119.460	 34.467       
  5.705	117.332	 37.379       
  9.196	117.342	 38.911       
 11.088	116.880	 42.150       
 13.302	119.412	 43.778       
 16.103	119.281	 46.251       
 16.793	121.975	 48.869       
 19.295	122.241	 51.682       
 18.704	124.278	 54.862       
 21.864	124.808	 56.914       
 22.554	125.693	 60.466       
 20.361	128.754	 60.798       
 20.951	129.805	 57.177       
 17.906	130.043	 54.870       
 16.825	128.088	 51.803       
 19.349	127.033	 49.181       
 18.376	125.296	 45.933       
 20.396	122.228	 45.128       
 18.500	121.216	 42.044       
 15.404	119.901	 40.289       
 14.770	116.659	 38.443       
 12.274	117.083	 35.599       
  9.795	114.624	 34.082       
 11.057	114.756	 30.506       
 14.524	114.048	 31.944       
 15.822	117.638	 31.693       
 17.779	118.118	 34.933       
 19.131	121.484	 36.114       
 21.835	121.574	 38.803       
 23.127	124.454	 40.873       
 26.013	126.212	 39.059       
 27.867	126.215	 42.309       
 27.233	122.495	 42.798       
 26.507	120.542	 39.628       
 30.162	119.686	 39.458       
 29.970	117.611	 42.643       
 26.224	117.151	 42.327       
 24.081	114.599	 40.552       
 20.473	113.513	 40.463       
 18.348	110.633	 39.302       
 14.964	109.084	 39.653       
 13.821	105.529	 39.461       
 10.656	106.685	 37.844       
  8.825	103.336	 38.063       
  8.826	103.391	 41.866       
  8.320	107.056	 42.587       
 11.827	107.594	 43.890       
 14.209	110.400	 43.041       
 17.591	110.885	 44.656       
 20.350	113.322	 45.356       
 24.030	112.568	 45.334       
 26.667	114.743	 46.871       
 30.346	113.743	 46.855       
 33.420	114.690	 48.834       
 31.066	116.234	 51.333       
 32.712	118.904	 53.457       
 31.335	120.274	 56.776       
 29.199	123.057	 55.324       
 27.197	120.524	 53.364       
 26.087	119.238	 56.765       
 22.402	120.197	 56.878       
 18.726	119.271	 56.533       
 17.929	118.465	 52.945       
 14.350	118.455	 51.669       
 12.689	117.139	 48.507       
  9.677	118.898	 47.070       
  7.159	118.185	 44.395       
  7.510	120.928	 41.874       
  4.926	121.237	 39.173       
  4.136	123.466	 36.344       
  0.614	124.455	 37.147       
 -0.037	126.494	 34.023       
  1.436	128.732	 31.281       
  2.482	131.134	 34.030       
  2.775	129.024	 37.141       
  5.280	126.613	 38.569       
  5.640	126.098	 42.351       
  6.731	123.713	 45.089       
  3.230	122.750	 45.958       
  4.285	120.058	 48.371       
  7.350	119.505	 50.615       
  8.253	117.201	 53.513       
 10.252	117.746	 56.738       
 13.857	117.644	 55.662       
 16.670	115.293	 56.555       
 19.569	115.894	 58.871       
 22.958	115.132	 57.529       
 25.969	115.833	 59.660       
 29.592	115.894	 58.550       
 32.193	114.794	 61.072       
 35.278	112.725	 61.604       
 34.237	112.330	 65.247       
 32.555	109.153	 66.573       
 29.905	107.946	 69.048       
 30.633	109.497	 72.460       
 29.012	109.324	 75.866       
 28.332	112.614	 77.582       
 30.188	114.231	 80.488       
 27.410	115.577	 82.702       
 28.016	118.064	 85.469       
 25.575	119.742	 87.881       
 25.226	123.524	 88.137       
 24.760	124.603	 91.737       
 24.342	128.050	 93.353       
 27.292	127.168	 95.575       
 29.109	130.102	 97.219       
 26.229	132.560	 96.881       
 23.855	130.328	 98.870       
 20.046	130.434	 98.759       
 19.038	134.095	 98.887       
 15.901	135.005	 96.881       
 12.783	133.002	 97.388       
 13.417	131.762	 93.759       
 16.434	129.793	 92.586       
 18.021	128.597	 89.403       
 19.741	125.258	 88.910       
 21.277	123.599	 85.857       
 23.342	120.894	 84.205       
 26.459	120.728	 82.102       
 26.444	118.236	 79.293       
 29.871	118.440	 77.743       
 31.502	115.766	 75.593       
 28.920	113.981	 73.457       
 29.038	113.490	 69.725       
 25.837	112.229	 68.091       
 23.539	115.267	 68.313       
 20.427	113.757	 69.961       
 20.483	113.894	 73.799       
 17.580	114.296	 76.128       
 17.486	115.464	 79.664       
 14.774	116.643	 82.018       
 14.397	117.457	 85.664       
 13.511	115.061	 88.385       
 12.204	112.477	 85.967       
 10.056	114.988	 84.070       
  8.419	116.268	 87.271       
  9.844	119.661	 86.545       
  8.457	121.152	 83.373       
  7.237	124.451	 84.771       
 10.326	126.725	 84.770       
 13.029	125.166	 82.573       
 15.297	126.315	 79.817       
 17.240	124.009	 77.592       
 19.677	125.127	 74.956       
 20.894	123.604	 71.693       
 24.553	122.536	 71.914       
 27.514	123.849	 69.932       
 30.402	122.202	 68.095       
 33.096	122.252	 70.779       
 36.167	120.317	 69.672       
 34.106	118.595	 67.002       
 31.837	117.573	 69.892       
 28.559	118.829	 71.369       
 28.437	120.635	 74.722       
 25.023	121.422	 76.194       
 23.586	122.848	 79.388       
 20.081	123.565	 80.625       
 18.704	125.249	 83.682       
 15.758	125.312	 86.036       
 14.354	127.625	 88.602       
 12.408	126.477	 91.545       
 10.965	128.288	 94.578       
 13.354	128.519	 97.542       
 11.445	126.255	 99.919       
 11.412	123.544	 97.251       
 15.143	122.958	 96.392       
 17.053	123.404	 99.646       
 14.346	121.009	100.791       
 13.105	118.396	 98.290       
 15.652	117.078	 95.817       
 16.132	118.193	 92.213       
 17.711	116.266	 89.405       
 19.028	116.825	 85.936       
 18.750	113.533	 84.091       
 20.451	113.165	 80.758       
 19.946	110.650	 78.002       
 22.106	109.883	 74.970       
 20.766	107.226	 72.589       
 23.923	106.533	 70.595       
 26.223	106.193	 73.595       
 23.257	104.440	 75.232       
 24.269	105.925	 78.492       
 21.730	107.042	 81.001       
 22.641	109.105	 84.003       
 21.223	110.954	 86.948       
 22.790	114.066	 88.464       
 21.255	115.415	 91.629       
 21.305	118.719	 93.548       
