BRIEF 1JHL A 129              
 86.116	-40.456	 37.056  1.177
 83.752	-37.571	 36.038 -0.423
 84.206	-35.973	 32.641 -0.938
 83.823	-32.433	 31.670 -1.774
 81.819	-32.537	 28.329  0.846
 84.562	-31.088	 26.158  1.458
 87.113	-33.497	 27.872  0.069
 84.628	-36.254	 26.904  0.788
 83.920	-34.923	 23.345  1.141
 87.620	-34.567	 22.340 -0.632
 88.327	-38.166	 23.401 -0.757
 85.354	-39.514	 21.519  0.914
 86.362	-37.484	 18.531 -1.061
 90.088	-38.469	 18.735 -2.370
 88.654	-42.119	 18.965 -2.286
 86.808	-41.578	 15.590  0.883
 83.133	-41.552	 16.767 -0.846
 82.137	-38.208	 15.186 -0.580
 79.806	-39.291	 12.388 -0.468
 80.691	-42.915	 12.721 -0.193
 77.488	-44.648	 11.372 -0.583
 75.946	-41.224	 10.663 -0.059
 75.844	-40.060	 14.215 -0.811
 77.638	-36.733	 14.710  0.178
 79.622	-35.925	 17.798  0.242
 76.791	-34.061	 19.611 -0.148
 74.898	-37.432	 19.708  0.470
 77.552	-39.462	 21.546  1.086
 78.142	-36.634	 24.073  0.272
 74.444	-36.019	 24.775  1.474
 73.828	-39.743	 25.325  0.947
 76.744	-40.157	 27.750  0.760
 75.334	-37.164	 29.744 -0.580
 71.842	-38.639	 30.145 -0.188
 73.015	-42.227	 30.252  1.101
 75.722	-41.875	 32.976  1.486
 76.024	-38.093	 33.574 -1.095
 79.662	-38.255	 32.541 -0.306
 80.739	-40.788	 35.091  0.487
 82.669	-43.742	 33.808  1.329
 81.953	-45.535	 37.161 -2.369
 78.083	-45.466	 36.762  1.016
 75.950	-48.692	 37.330 -0.312
 72.128	-49.494	 37.007 -0.333
 70.157	-52.623	 37.541 -0.861
 67.195	-53.288	 35.391  0.469
 64.173	-55.649	 35.875 -0.989
 65.848	-58.408	 33.804  0.438
 68.447	-58.875	 36.676 -0.238
 71.008	-57.129	 34.452  1.014
 73.336	-54.268	 34.770 -0.070
 74.430	-51.307	 32.727  0.974
 77.934	-50.258	 32.930  0.951
 79.717	-46.929	 32.913  1.479
 79.762	-43.852	 30.699  1.025
 77.527	-45.263	 27.927  1.185
 75.345	-47.612	 30.067  1.486
 76.203	-50.819	 28.268  1.410
 73.921	-53.671	 29.239  1.258
 75.059	-57.156	 30.297  0.768
 72.329	-59.456	 28.725 -0.499
 73.951	-58.914	 25.408 -0.535
 77.074	-56.853	 25.299  1.254
 79.338	-58.101	 27.916  1.474
 79.417	-60.807	 30.360 -0.699
 79.190	-59.459	 33.731 -0.573
 79.103	-62.929	 35.465 -1.959
 75.710	-62.160	 37.070 -1.193
 73.515	-62.375	 33.788 -0.571
 72.587	-65.956	 32.604 -0.619
 71.317	-64.757	 29.185 -2.360
 74.610	-63.212	 27.966  0.150
 75.883	-63.275	 24.454 -0.888
 78.759	-60.838	 25.498  1.137
 78.906	-59.361	 22.088 -0.859
 81.576	-56.795	 22.368  1.481
 83.439	-59.760	 24.041 -0.774
 84.796	-57.989	 27.100 -0.018
 84.400	-58.243	 30.944 -0.701
 81.700	-55.744	 31.792  1.459
 84.335	-54.542	 34.462 -0.166
 86.479	-53.116	 31.556 -0.905
 83.527	-50.886	 30.688  0.677
 84.018	-48.958	 33.990 -0.014
 87.560	-47.858	 33.439 -0.188
 88.512	-44.123	 33.846  0.215
 89.458	-44.324	 30.264  0.560
 86.557	-44.582	 27.622  1.078
 88.368	-46.768	 25.066 -0.979
 86.440	-50.003	 25.570 -0.283
 83.172	-48.245	 26.137  0.713
 83.705	-46.663	 22.712  0.341
 84.850	-49.777	 20.766 -2.370
 81.926	-51.597	 22.203  1.475
 79.455	-48.618	 21.708  1.038
 80.592	-48.997	 18.143  0.381
 79.565	-52.728	 18.054 -0.687
 76.198	-51.459	 19.331  0.916
 75.282	-48.590	 16.882 -0.412
 76.250	-50.657	 13.947 -0.961
 73.455	-53.261	 14.806  0.490
 70.047	-52.539	 13.319 -0.307
 68.606	-50.358	 15.942 -0.269
 71.182	-47.512	 15.690  1.121
 71.378	-45.005	 18.627  0.698
 67.844	-46.054	 19.724 -1.235
 69.533	-48.834	 21.706  0.978
 70.249	-45.907	 24.200  1.214
 67.041	-45.144	 26.078  0.031
 68.215	-41.729	 27.249  0.427
 69.213	-40.772	 23.708  0.948
 65.849	-41.533	 22.152 -2.227
 64.054	-39.831	 24.956 -1.102
 66.497	-36.884	 25.558 -0.710
 68.500	-36.399	 22.396  1.474
 66.460	-37.689	 19.387 -1.078
 64.911	-34.528	 17.948 -0.194
 66.804	-31.800	 19.871 -0.558
 69.863	-29.986	 18.443  0.297
 72.719	-32.117	 19.741 -1.211
 75.371	-29.559	 18.560 -0.341
 74.581	-27.678	 21.783 -0.455
 76.776	-30.304	 23.490 -0.044
 80.096	-29.513	 21.818 -0.158
 79.903	-25.761	 21.503 -0.915
 82.626	-23.864	 23.218 -0.874
 84.843	-26.902	 22.958  1.465
 87.814	-26.627	 20.603 -1.522
 87.870	-30.044	 19.138 -0.394
BRIEF 1JHL L 108              
 59.720	-24.666	 13.878       
 62.196	-24.637	 11.003       
 60.639	-23.207	  8.000       
 62.110	-24.490	  4.771       
 61.583	-22.479	  1.732       
 62.045	-24.594	 -1.413       
 62.920	-22.985	 -4.774       
 61.546	-22.818	 -7.343       
 58.104	-24.334	 -6.879       
 58.191	-25.086	-10.658       
 60.985	-26.143	-12.875       
 60.506	-27.568	-16.288       
 63.417	-29.272	-17.963       
 64.421	-31.396	-20.926       
 65.914	-34.911	-20.517       
 69.700	-34.798	-20.536       
 69.967	-31.439	-18.856       
 70.819	-30.636	-15.185       
 68.452	-28.999	-12.717       
 69.093	-27.616	 -9.077       
 66.533	-27.051	 -6.319       
 67.365	-25.036	 -3.285       
 66.115	-25.467	  0.216       
 66.455	-22.649	  2.762       
 65.960	-23.373	  6.571       
 64.799	-20.528	  9.104       
 67.730	-21.552	 11.280       
 70.933	-23.772	 10.808       
 69.940	-27.434	 10.776       
 73.580	-28.652	 10.965       
 73.576	-30.644	  7.628       
 70.354	-32.425	  8.784       
 68.249	-32.066	  5.586       
 66.670	-35.013	  3.646       
 65.216	-35.014	  0.120       
 62.275	-36.906	 -1.358       
 60.964	-37.727	 -4.790       
 57.150	-38.036	 -5.173       
 55.953	-39.557	 -8.470       
 52.230	-40.186	 -8.878       
 51.257	-43.864	 -8.474       
 54.210	-44.455	 -6.169       
 55.175	-44.484	 -2.536       
 57.481	-41.541	 -1.436       
 61.183	-42.099	 -2.195       
 63.985	-40.956	  0.155       
 66.813	-39.869	 -2.234       
 69.290	-38.209	  0.135       
 69.676	-37.840	  3.797       
 71.788	-35.629	  6.028       
 72.872	-32.949	  3.597       
 74.974	-35.233	  1.416       
 74.477	-39.040	  2.142       
 72.885	-41.220	 -0.483       
 70.108	-43.456	  0.356       
 70.999	-46.910	 -0.832       
 69.932	-47.870	 -4.265       
 69.636	-44.408	 -5.862       
 71.280	-43.283	 -9.138       
 74.431	-41.270	 -8.490       
 73.139	-38.407	-10.558       
 71.321	-37.355	 -7.393       
 73.334	-34.902	 -5.276       
 73.050	-32.686	 -2.250       
 75.093	-29.990	 -0.862       
 74.635	-27.539	  2.135       
 75.450	-27.093	  5.730       
 73.211	-24.822	  7.885       
 70.608	-22.826	  5.977       
 71.054	-23.349	  2.191       
 71.168	-26.868	  0.735       
 70.637	-27.998	 -2.865       
 69.577	-30.956	 -4.860       
 71.355	-31.363	 -8.108       
 69.925	-33.766	-10.564       
 72.047	-34.224	-13.784       
 70.860	-36.295	-16.813       
 67.284	-35.942	-16.739       
 65.552	-39.233	-17.442       
 61.982	-38.835	-18.507       
 60.836	-40.553	-15.319       
 62.648	-38.576	-12.767       
 60.033	-35.859	-13.311       
 58.141	-35.667	-10.058       
 57.664	-33.496	 -6.817       
 60.880	-33.133	 -4.723       
 60.476	-32.202	 -1.012       
 63.278	-31.289	  1.428       
 62.793	-32.093	  5.176       
 64.745	-31.054	  8.253       
 65.512	-33.744	 10.730       
 67.787	-31.802	 13.249       
 65.096	-31.146	 15.756       
 61.492	-31.454	 16.447       
 58.984	-30.950	 14.868       
 60.101	-32.614	 11.657       
 59.315	-30.053	  8.899       
 59.109	-30.202	  5.114       
 59.482	-27.697	  2.234       
 56.867	-26.777	 -0.182       
 57.790	-29.046	 -3.193       
 59.302	-28.300	 -6.669       
 56.974	-29.889	 -9.301       
 59.392	-30.959	-11.929       
 57.718	-31.309	-15.404       
 59.271	-32.997	-18.452       
 59.490	-30.398	-21.271       
 57.931	-30.246	-24.751       
BRIEF 1JHL H 116              
 60.744	-56.111	  1.974       
 59.940	-53.443	  4.527       
 56.367	-52.423	  3.856       
 53.897	-50.160	  5.547       
 50.432	-50.418	  4.211       
 47.641	-48.328	  5.500       
 43.893	-48.610	  5.622       
 41.365	-47.468	  3.023       
 39.594	-44.262	  2.425       
 37.335	-42.873	  4.968       
 34.316	-40.611	  4.893       
 33.490	-39.275	  8.157       
 30.706	-37.040	  9.289       
 32.077	-33.947	 11.179       
 33.062	-34.491	 14.641       
 32.687	-38.342	 14.535       
 36.039	-40.065	 15.331       
 38.092	-42.144	 12.787       
 41.012	-44.572	 13.559       
 43.626	-45.083	 10.810       
 45.888	-48.164	 10.812       
 49.268	-49.009	  9.251       
 50.306	-52.593	  9.237       
 54.099	-52.874	  9.217       
 56.156	-55.827	  7.701       
 59.567	-56.779	  6.408       
 61.395	-55.676	  9.658       
 61.154	-55.895	 13.426       
 58.541	-53.357	 14.068       
 59.092	-52.422	 17.703       
 62.619	-51.188	 16.850       
 61.675	-48.252	 14.522       
 59.890	-44.956	 15.099       
 56.693	-44.616	 13.205       
 55.521	-41.218	 12.203       
 52.394	-39.842	 10.808       
 52.372	-37.077	  8.099       
 49.452	-35.226	  6.445       
 48.986	-33.402	  3.225       
 46.254	-31.264	  1.873       
 46.636	-29.732	 -1.701       
 48.540	-26.504	 -1.580       
 49.836	-26.921	  1.923       
 53.157	-28.749	  2.211       
 53.470	-31.845	  4.428       
 52.918	-31.448	  8.101       
 54.194	-33.854	 10.805       
 51.657	-35.261	 13.315       
 54.178	-37.005	 15.585       
 55.890	-40.223	 16.210       
 55.851	-43.085	 18.598       
 58.589	-45.697	 19.452       
 56.812	-49.059	 19.581       
 58.536	-50.989	 22.449       
 57.348	-48.400	 24.904       
 54.717	-46.260	 23.167       
 56.940	-43.292	 23.900       
 55.209	-40.577	 21.840       
 56.373	-37.207	 20.546       
 53.559	-34.818	 19.253       
 53.743	-31.723	 16.970       
 52.314	-28.976	 19.359       
 49.791	-28.134	 16.600       
 48.329	-31.749	 16.480       
 48.503	-32.916	 20.110       
 45.006	-31.803	 20.789       
 43.413	-33.391	 17.831       
 45.201	-36.807	 17.247       
 46.257	-39.982	 19.238       
 49.181	-42.254	 18.189       
 48.931	-45.850	 19.393       
 50.518	-49.190	 18.428       
 49.521	-52.866	 18.902       
 52.966	-54.498	 19.344       
 51.607	-58.072	 18.747       
 49.900	-57.407	 15.425       
 52.594	-54.679	 14.328       
 49.992	-52.171	 13.555       
 50.487	-48.452	 14.153       
 47.296	-46.450	 14.706       
 46.362	-42.830	 14.572       
 42.941	-41.611	 15.685       
 41.309	-38.215	 15.263       
 39.032	-37.344	 17.994       
 36.406	-35.085	 16.317       
 37.574	-34.253	 12.655       
 36.474	-30.867	 11.390       
 36.450	-29.951	  7.614       
 40.151	-29.214	  7.280       
 41.317	-32.614	  8.491       
 40.119	-33.916	  5.039       
 43.574	-34.839	  3.653       
 45.841	-37.811	  2.979       
 47.560	-39.286	  6.033       
 50.910	-40.970	  5.669       
 52.644	-43.512	  8.035       
 56.434	-43.533	  7.307       
 59.176	-45.469	  9.226       
 62.068	-43.445	 10.663       
 65.403	-44.423	  9.122       
 67.119	-44.093	 12.606       
 68.269	-40.507	 11.709       
 65.030	-38.586	 11.468       
 64.468	-39.046	  7.740       
 61.718	-41.422	  6.547       
 62.983	-44.296	  4.440       
 59.793	-46.239	  3.764       
 56.284	-44.756	  3.357       
 52.699	-46.135	  3.463       
 50.453	-45.751	  0.391       
 48.379	-42.999	  2.136       
 44.796	-42.610	  3.424       
 42.194	-40.081	  2.209       
 40.046	-39.066	  5.035       
 37.145	-37.159	  3.695       
 35.337	-35.289	  6.502       
