BRIEF 1JPS T 200              
  6.149	 36.293	-31.476  0.306
  3.922	 35.335	-28.558  1.154
  4.062	 36.328	-24.908  1.117
  4.623	 33.618	-22.303  0.290
  1.880	 33.745	-19.668  1.701
  3.052	 34.988	-16.275 -0.196
  1.769	 35.615	-12.747  1.275
 -0.133	 32.301	-12.812  0.910
 -2.175	 32.155	 -9.615  0.453
 -4.764	 29.810	 -8.111  0.821
 -8.052	 31.386	 -6.959 -0.746
-10.033	 28.922	 -4.888  1.375
-12.854	 29.146	 -2.328 -0.106
-14.680	 26.091	 -0.964  1.362
-12.986	 24.082	 -3.752  0.725
-14.373	 26.271	 -6.594  0.453
-10.979	 26.505	 -8.329  1.088
 -9.798	 28.797	-11.140  0.444
 -6.300	 29.355	-12.530  1.233
 -5.631	 32.992	-13.503  0.006
 -2.778	 34.608	-15.395  1.690
 -1.506	 37.518	-17.455  0.064
 -1.465	 39.104	-20.000  0.788
 -4.690	 40.034	-21.768 -0.541
 -3.988	 38.348	-25.134 -0.847
 -2.873	 40.321	-28.172 -0.442
 -3.034	 38.283	-31.376  0.482
 -2.637	 35.024	-29.418  0.704
 -4.602	 32.345	-27.579  0.280
 -4.008	 30.075	-24.591  1.502
 -4.436	 26.422	-23.745  0.905
 -4.242	 25.326	-20.120  1.501
 -3.279	 21.810	-19.061  0.584
 -3.486	 20.136	-15.633  0.477
 -1.927	 16.975	-14.156  0.184
 -1.120	 15.235	-10.867 -1.943
  2.187	 13.785	-12.088 -0.689
  4.584	 13.912	-15.055 -0.431
  2.710	 12.720	-18.145 -1.595
 -0.789	 13.019	-16.706 -0.758
 -1.331	 16.269	-18.625  1.337
 -4.857	 17.002	-19.835 -0.410
 -5.873	 20.119	-21.757 -0.463
 -9.005	 21.741	-20.318  0.465
 -9.350	 25.212	-21.838  1.408
 -8.549	 25.174	-25.563 -0.006
 -7.288	 28.196	-27.477  0.454
 -9.126	 30.748	-25.358  0.844
 -8.593	 34.499	-25.246  0.342
 -9.673	 34.442	-21.558 -0.919
 -7.024	 34.863	-18.848  0.760
 -8.556	 32.323	-16.471 -0.468
 -9.590	 28.699	-16.627  1.305
-12.019	 26.997	-14.250  1.112
-10.442	 23.711	-13.149  0.750
-12.968	 22.681	-10.506  1.422
-14.207	 19.505	-12.240 -0.331
-10.619	 18.238	-12.229 -0.849
 -9.492	 19.075	 -8.723 -1.074
-12.689	 17.824	 -7.040 -0.617
-11.978	 14.330	 -8.336 -0.434
 -9.506	 14.233	 -5.438 -0.013
 -9.114	 17.313	 -3.237 -1.327
 -6.051	 15.950	 -1.398 -1.422
 -3.917	 15.386	 -4.488 -0.291
 -1.338	 18.010	 -5.524 -0.228
 -2.006	 19.519	 -8.951  1.115
  0.326	 21.121	-11.480 -0.574
 -0.839	 23.372	-14.317  0.686
  0.808	 24.821	-17.418  1.094
 -0.389	 27.594	-19.717  1.515
  0.618	 27.517	-23.417  0.703
  0.626	 30.621	-25.661  1.303
 -0.292	 30.255	-29.406 -0.392
 -0.559	 32.795	-32.266 -0.225
 -4.131	 33.755	-33.237 -0.211
 -6.100	 33.230	-36.443 -0.209
 -4.443	 36.148	-38.232 -0.782
 -1.102	 35.951	-40.078 -0.232
  7.463	 26.600	-31.116  1.508
  4.742	 27.270	-28.523 -0.674
  5.812	 29.007	-25.326 -0.058
  4.471	 27.757	-21.986  0.490
  4.867	 28.347	-18.263 -1.007
  4.270	 26.128	-15.237 -0.471
  1.974	 27.273	-12.435  0.351
  2.594	 26.883	 -8.692 -0.860
  1.601	 23.521	 -7.192 -0.337
 -1.902	 23.473	 -5.689  0.863
 -3.281	 21.087	 -3.062 -0.465
 -7.064	 21.819	 -2.675  0.639
 -7.627	 20.352	  0.787 -0.872
 -4.716	 22.308	  2.259 -1.139
 -5.151	 25.541	  0.291  0.377
 -8.716	 26.304	 -0.792  1.208
-10.134	 29.296	  1.058  0.175
-12.919	 28.818	  3.537  0.922
-15.930	 30.858	  2.480  0.707
-17.885	 33.117	  4.838  1.210
-20.057	 31.047	  7.211  1.667
-23.738	 31.782	  7.851 -0.697
-25.633	 31.218	 11.076  0.943
-28.725	 29.136	 10.288 -0.475
-30.544	 29.695	 13.610  0.312
-30.079	 30.864	 17.189  0.143
-33.091	 29.617	 19.125 -0.059
-33.338	 30.294	 22.848 -0.841
-35.169	 27.583	 24.776  0.350
-35.143	 28.020	 28.537  0.032
-31.712	 29.205	 29.714  0.489
-29.878	 28.041	 26.591  0.842
-29.438	 29.247	 23.015  1.183
-28.746	 26.766	 20.251 -0.199
-26.599	 28.369	 17.555  1.131
-26.630	 26.294	 14.353 -0.196
-24.204	 26.959	 11.472  0.964
-25.555	 26.357	  7.953 -0.115
-23.645	 23.498	  6.390  0.678
-22.271	 24.675	  3.054  1.293
-22.566	 22.511	 -0.042 -0.948
-19.524	 22.302	 -2.288  0.207
-18.904	 21.150	 -5.822 -1.756
-17.045	 18.142	 -4.467 -2.347
-19.325	 15.194	 -4.998 -2.357
-19.363	 11.562	 -3.972 -2.341
-21.874	  8.735	 -4.514 -2.304
-23.788	 10.953	 -6.934 -2.374
-24.290	 13.735	 -4.373 -2.359
-22.564	 16.995	 -3.555 -0.829
-20.651	 17.118	 -0.293 -1.970
-20.924	 19.750	  2.382 -0.074
-17.839	 21.506	  3.747 -0.369
-18.341	 19.497	  6.927 -1.028
-18.487	 16.294	  4.857 -0.753
-15.129	 17.062	  3.253 -0.586
-13.195	 18.273	  6.290 -0.421
-14.792	 16.190	  9.028 -0.858
-13.208	 16.995	 12.409 -0.688
-10.421	 18.997	 10.721 -0.196
-12.890	 21.893	 10.669  0.265
-13.704	 23.953	 13.744 -0.609
-16.200	 26.767	 14.233  1.353
-15.372	 29.584	 16.641 -0.677
-18.392	 31.404	 18.122  0.938
-18.211	 34.958	 19.472 -1.014
-21.194	 36.102	 21.504  0.683
-22.070	 39.066	 23.670 -0.592
-24.966	 40.847	 25.370  0.216
-26.298	 43.565	 23.060  0.078
-26.608	 45.462	 26.350  0.090
-22.899	 45.254	 27.297  0.487
-19.343	 45.343	 25.952 -0.405
-17.298	 42.206	 26.759 -0.967
-17.411	 39.321	 24.258 -1.742
-17.329	 35.595	 25.121 -1.264
-16.200	 32.695	 22.921 -2.338
-16.569	 28.920	 22.427 -2.374
-15.550	 26.342	 19.814 -2.298
-17.045	 23.147	 18.383 -1.947
-16.068	 20.562	 15.816 -0.538
-19.707	 20.040	 14.805  0.152
-22.152	 22.574	 13.418  0.067
-23.826	 23.657	 16.612 -0.375
-23.241	 25.423	 19.907 -0.820
-25.476	 25.105	 22.977  0.719
-24.701	 28.035	 25.271 -1.055
-26.046	 29.321	 28.591 -0.205
-27.524	 32.787	 28.618  1.473
-28.857	 35.065	 31.352 -0.039
-32.675	 35.278	 31.191  0.514
-34.302	 38.377	 29.745  0.097
-31.064	 39.274	 27.979  0.661
-30.478	 39.646	 24.251  0.114
-27.242	 38.342	 22.805  1.493
-25.557	 38.797	 19.452  1.275
-23.617	 36.000	 17.683  0.976
-21.115	 35.572	 14.825  0.722
-19.145	 32.467	 13.785  1.438
-15.838	 31.863	 12.046  0.325
-14.424	 28.711	 10.485  1.151
-10.873	 27.622	 11.147 -0.989
 -8.794	 24.566	 10.104  0.023
 -6.320	 24.236	 12.986 -2.221
 -3.918	 22.023	 11.033 -0.506
 -3.158	 24.648	  8.373 -0.500
 -0.380	 27.251	  8.475 -0.575
 -1.884	 29.730	  5.926 -1.419
 -5.478	 30.522	  4.819 -0.068
 -6.470	 29.150	  8.231  0.581
 -9.690	 31.096	  8.830 -0.937
-12.747	 32.306	  6.981  1.242
-14.033	 35.827	  7.407 -0.712
-16.703	 36.341	 10.070 -0.387
-20.322	 35.439	  9.479  1.701
-22.889	 38.237	  9.515 -0.692
-23.843	 39.144	 13.101 -0.293
-27.192	 37.817	 14.326  0.069
-28.875	 39.319	 17.409  1.681
-31.796	 38.261	 19.595  0.993
-34.796	 40.509	 18.936  0.602
BRIEF 1JPS L 213              
-16.400	 29.586	 34.805       
-15.278	 25.957	 34.658       
-12.999	 25.066	 37.572       
-10.178	 22.594	 36.766       
 -8.862	 20.515	 39.673       
 -5.506	 18.896	 39.077       
 -4.229	 16.025	 41.227       
 -1.721	 15.542	 42.830       
  0.012	 18.915	 43.390       
  3.381	 17.137	 43.312       
  4.800	 13.636	 43.107       
  8.163	 11.912	 43.347       
  8.954	  8.960	 41.092       
 12.039	  7.029	 39.998       
 13.393	  6.889	 36.447       
 11.418	  4.145	 34.728       
  8.278	  4.490	 36.878       
  4.836	  4.935	 35.327       
  3.328	  8.314	 36.337       
 -0.321	  9.418	 36.278       
 -1.664	 12.968	 36.645       
 -5.369	 13.790	 36.599       
 -7.542	 16.812	 35.978       
-11.306	 17.035	 36.711       
-13.522	 19.847	 35.390       
-16.543	 21.150	 37.270       
-18.650	 20.335	 34.183       
-18.346	 18.641	 30.774       
-15.541	 20.242	 28.714       
-16.008	 18.155	 25.596       
-12.395	 17.052	 25.293       
-11.028	 20.609	 24.735       
 -8.388	 19.811	 27.333       
 -4.658	 20.119	 26.649       
 -1.562	 19.149	 28.651       
  1.508	 21.416	 28.759       
  4.938	 20.735	 30.258       
  7.004	 23.557	 31.805       
 10.657	 23.315	 32.723       
 12.566	 25.764	 34.994       
 12.750	 29.211	 33.451       
 11.107	 28.287	 30.156       
  7.713	 28.838	 28.590       
  5.259	 25.851	 28.713       
  5.365	 23.354	 25.811       
  2.390	 21.388	 24.436       
  2.395	 17.612	 24.994       
 -1.230	 16.559	 24.391       
 -4.116	 18.368	 22.669       
 -7.843	 17.639	 22.354       
 -7.519	 15.259	 25.358       
 -5.813	 12.390	 23.514       
 -3.707	 13.672	 20.585       
  0.076	 13.644	 20.902       
  1.644	 16.828	 19.489       
  4.250	 16.520	 16.768       
  7.665	 15.535	 18.042       
  6.486	 14.626	 21.555       
  7.903	 11.249	 22.838       
  5.420	  8.368	 22.775       
  5.766	  7.777	 26.518       
  3.342	 10.681	 27.032       
 -0.351	  9.999	 26.470       
 -3.680	 11.533	 27.305       
 -7.065	  9.925	 27.974       
-10.457	 10.974	 29.181       
-13.667	 12.664	 28.151       
-16.479	 14.549	 29.847       
-15.107	 15.947	 33.111       
-12.258	 13.501	 33.805       
 -8.826	 13.519	 32.134       
 -5.486	 11.829	 32.705       
 -1.924	 12.428	 31.487       
  0.276	  9.337	 31.690       
  4.059	  9.042	 31.362       
  4.660	  5.306	 30.803       
  8.376	  5.296	 31.752       
  9.713	  8.419	 33.493       
 13.000	  9.851	 32.167       
 15.298	 12.342	 33.974       
 14.492	 15.046	 31.462       
 10.803	 14.771	 32.395       
 11.443	 16.730	 35.597       
  8.926	 19.586	 35.169       
  5.634	 21.066	 36.222       
  2.704	 19.822	 34.187       
 -0.545	 21.777	 33.574       
 -3.922	 20.923	 32.057       
 -5.870	 23.622	 30.168       
 -9.639	 23.802	 29.404       
-10.108	 25.843	 26.172       
-13.477	 24.843	 24.721       
-15.082	 28.025	 26.106       
-14.018	 31.290	 27.763       
-12.643	 31.913	 30.229       
 -9.902	 29.360	 29.462       
 -8.826	 27.724	 32.733       
 -5.517	 26.091	 33.783       
 -5.239	 23.331	 36.383       
 -2.998	 24.302	 39.350       
 -0.159	 22.144	 38.078       
  1.673	 19.013	 39.203       
  5.364	 19.229	 40.020       
  7.165	 15.963	 39.104       
 10.280	 15.267	 41.166       
 12.744	 12.505	 40.248       
 13.854	 10.043	 42.960       
 17.401	  8.749	 42.528       
 20.320	  7.335	 44.525       
 22.221	  9.355	 47.128       
 25.020	 11.536	 45.749       
 27.351	 13.390	 48.091       
 28.056	 17.026	 47.244       
 31.441	 18.259	 46.004       
 32.332	 21.384	 48.022       
 34.247	 24.510	 46.936       
 34.974	 27.754	 48.740       
 35.719	 31.121	 47.157       
 37.295	 34.170	 48.833       
 35.945	 37.655	 48.121       
 37.626	 39.315	 45.089       
 40.113	 42.164	 45.503       
 37.863	 44.270	 43.303       
 34.897	 43.851	 45.657       
 37.134	 44.473	 48.673       
 37.947	 47.935	 47.244       
 34.311	 48.675	 48.054       
 33.479	 48.201	 51.717       
 32.096	 44.650	 51.483       
 33.301	 41.044	 51.369       
 31.221	 38.147	 49.987       
 32.532	 34.639	 50.721       
 30.871	 31.896	 48.682       
 30.499	 28.190	 49.274       
 29.278	 25.809	 46.536       
 27.749	 22.352	 47.172       
 27.677	 20.738	 43.728       
 25.562	 17.912	 42.307       
 24.062	 16.248	 45.355       
 20.939	 14.278	 46.252       
 18.644	 14.346	 48.217       
 18.085	 18.115	 48.606       
 18.462	 18.176	 52.441       
 21.839	 19.767	 53.255       
 23.351	 21.886	 55.990       
 25.939	 24.639	 55.532       
 27.664	 26.013	 58.618       
 29.946	 29.014	 58.140       
 32.903	 29.493	 60.524       
 35.234	 32.498	 60.918       
 38.335	 31.692	 63.018       
 36.375	 28.547	 64.075       
 33.416	 30.570	 65.457       
 29.932	 29.547	 64.303       
 28.273	 32.220	 62.176       
 24.569	 32.948	 62.312       
 22.360	 35.535	 60.638       
 24.886	 36.697	 58.071       
 24.396	 34.221	 55.250       
 21.837	 33.416	 52.545       
 21.639	 30.455	 50.224       
 19.805	 29.342	 47.108       
 19.355	 25.974	 45.421       
 18.937	 24.982	 41.785       
 16.025	 22.849	 40.537       
 16.791	 19.174	 39.800       
 19.211	 18.702	 36.883       
 17.508	 17.441	 33.699       
 20.303	 14.886	 33.174       
 21.472	 13.547	 36.576       
 18.611	 14.739	 38.733       
 20.926	 16.338	 41.307       
 20.752	 19.714	 43.071       
 23.449	 22.308	 43.644       
 23.507	 24.952	 46.396       
 25.316	 28.265	 46.834       
 25.683	 29.937	 50.245       
 27.081	 33.484	 50.593       
 28.544	 34.868	 53.821       
 28.555	 38.703	 53.814       
 30.792	 40.817	 56.083       
 31.973	 44.420	 55.955       
 35.567	 44.719	 54.728       
 36.518	 45.878	 58.230       
 35.256	 42.683	 59.820       
 36.653	 40.464	 57.051       
 40.156	 41.841	 57.771       
 39.929	 40.989	 61.479       
 39.995	 37.258	 60.883       
 42.132	 34.684	 59.179       
 40.313	 31.409	 58.658       
 37.104	 31.251	 56.634       
 35.400	 27.882	 56.320       
 32.156	 26.225	 55.332       
 31.280	 22.941	 56.876       
 28.861	 20.756	 54.938       
 26.616	 18.004	 56.321       
 24.749	 15.693	 53.949       
 23.406	 12.112	 53.941       
 25.978	 11.165	 51.325       
 28.888	 12.181	 53.574       
 30.120	  9.817	 56.323       
 31.243	 12.894	 58.290       
 30.935	 16.684	 57.623       
 33.236	 18.101	 54.930       
 34.983	 21.428	 55.458       
 36.636	 23.618	 52.839       
 38.490	 26.720	 53.942       
 41.090	 29.344	 53.158       
 43.263	 31.721	 55.171       
 42.714	 35.388	 54.294       
 45.732	 36.598	 52.355       
 47.489	 33.245	 51.879       
BRIEF 1JPS H 213              
 10.851	 30.564	 11.241       
  8.213	 31.670	 13.741       
  9.192	 33.868	 16.634       
  7.369	 35.824	 19.381       
  9.382	 38.441	 21.192       
  7.986	 40.299	 24.125       
  9.076	 43.681	 25.496       
  7.899	 46.330	 27.924       
  8.880	 44.432	 31.069       
 10.447	 45.798	 34.228       
  9.392	 48.089	 37.041       
  5.845	 49.395	 37.490       
  4.797	 51.438	 40.524       
  1.929	 50.191	 42.709       
 -1.245	 51.618	 41.156       
  0.552	 51.983	 37.818       
  0.024	 50.160	 34.489       
  2.105	 47.492	 32.785       
  2.237	 47.953	 29.015       
  3.636	 45.064	 27.064       
  4.110	 44.193	 23.418       
  4.532	 40.899	 21.588       
  6.341	 41.282	 18.246       
  5.696	 38.357	 15.896       
  7.798	 37.384	 12.898       
  7.627	 34.594	 10.338       
  3.843	 34.648	 10.046       
  0.847	 36.976	 10.017       
 -0.979	 37.264	 13.359       
 -4.320	 37.622	 11.531       
 -4.024	 33.902	 10.732       
 -4.229	 32.958	 14.429       
 -5.576	 34.006	 17.825       
 -3.018	 35.645	 20.096       
 -3.134	 35.109	 23.867       
 -1.587	 36.489	 27.054       
 -0.831	 34.085	 29.947       
  0.889	 35.077	 33.194       
  2.724	 33.348	 36.048       
  3.458	 34.864	 39.466       
  6.828	 33.793	 41.035       
  6.662	 30.134	 42.025       
  2.951	 29.971	 41.110       
  0.814	 28.453	 38.359       
 -0.166	 29.561	 34.870       
 -3.049	 32.052	 34.713       
 -4.968	 32.907	 31.528       
 -5.442	 36.657	 30.904       
 -7.140	 36.967	 27.507       
 -6.976	 36.627	 23.695       
 -7.372	 38.884	 20.654       
 -8.458	 37.701	 17.161       
 -6.563	 40.008	 14.751       
 -9.013	 39.125	 11.980       
-11.450	 41.712	 13.399       
-10.066	 42.813	 16.764       
-12.400	 40.728	 18.937       
-10.963	 40.417	 22.442       
-11.954	 38.050	 25.236       
-10.834	 38.750	 28.826       
-10.834	 36.502	 31.844       
-13.503	 38.077	 34.131       
-10.733	 38.826	 36.667       
 -9.117	 41.293	 34.222       
-12.078	 42.557	 32.138       
-12.357	 45.939	 33.816       
 -8.619	 46.647	 34.304       
 -6.983	 45.427	 31.083       
 -6.794	 46.120	 27.403       
 -5.495	 43.712	 24.784       
 -4.964	 45.052	 21.269       
 -3.283	 44.182	 17.969       
 -1.767	 45.986	 14.981       
 -1.688	 43.837	 11.836       
  0.621	 46.293	 10.041       
  3.225	 45.937	 12.846       
  2.302	 42.249	 13.300       
  2.293	 42.939	 17.029       
 -0.095	 42.230	 19.906       
 -0.284	 44.229	 23.153       
 -1.383	 43.937	 26.758       
 -1.996	 46.790	 29.179       
 -3.181	 46.131	 32.744       
 -4.022	 48.955	 35.188       
 -4.086	 49.661	 38.945       
 -1.349	 47.087	 39.608       
 -0.903	 45.521	 43.077       
  1.775	 43.125	 44.379       
 -0.131	 40.107	 43.091       
  0.329	 41.408	 39.537       
  4.106	 40.903	 39.726       
  4.621	 38.026	 37.317       
  6.169	 36.788	 34.106       
  3.826	 37.598	 31.216       
  3.845	 35.376	 28.091       
  2.424	 35.980	 24.625       
  1.227	 32.708	 22.924       
  0.088	 31.727	 19.421       
 -3.131	 29.698	 19.469       
 -3.916	 27.402	 16.505       
 -7.430	 26.697	 17.922       
 -6.139	 23.193	 18.824       
 -3.218	 24.332	 21.076       
 -0.572	 26.984	 21.776       
  2.235	 26.064	 19.328       
  4.597	 29.030	 19.900       
  5.368	 31.210	 22.933       
  7.377	 34.357	 23.618       
 10.255	 34.105	 26.074       
  8.222	 35.797	 28.763       
  8.828	 39.166	 30.412       
  8.795	 39.921	 34.134       
  6.791	 42.800	 35.533       
  7.796	 43.778	 39.059       
  5.312	 45.973	 40.931       
  7.457	 48.132	 43.227       
  8.169	 51.690	 44.390       
 11.957	 51.110	 44.355       
 14.258	 52.210	 41.531       
 16.457	 50.247	 39.146       
 20.058	 49.480	 40.061       
 22.746	 47.852	 37.954       
 24.922	 45.007	 39.309       
 28.638	 44.724	 39.918       
 30.178	 41.488	 38.651       
 32.950	 39.788	 40.615       
 34.912	 36.624	 39.803       
 34.642	 33.425	 41.878       
 38.238	 32.344	 41.246       
 39.177	 28.690	 40.935       
 41.216	 27.389	 43.875       
 42.738	 24.947	 41.353       
 41.844	 18.182	 42.869       
 40.670	 16.809	 39.520       
 37.646	 19.050	 39.051       
 37.769	 22.801	 39.631       
 34.890	 25.226	 40.066       
 34.840	 28.870	 39.023       
 32.134	 31.459	 38.507       
 30.826	 34.969	 38.723       
 29.021	 36.750	 41.539       
 26.429	 39.265	 40.233       
 25.748	 41.554	 43.141       
 23.318	 44.317	 44.141       
 20.800	 44.811	 41.353       
 17.100	 45.567	 41.102       
 14.688	 44.488	 39.866       
 15.012	 40.928	 38.559       
 16.073	 39.415	 36.281       
 19.665	 39.006	 35.258       
 20.879	 36.501	 32.672       
 24.273	 34.851	 32.612       
 25.962	 32.814	 29.944       
 29.495	 31.464	 29.642       
 31.800	 32.109	 26.682       
 28.929	 33.695	 24.798       
 26.859	 30.550	 25.185       
 29.417	 28.078	 23.856       
 30.005	 26.612	 27.339       
 26.815	 25.158	 28.901       
 27.618	 21.751	 30.423       
 28.422	 21.951	 34.134       
 26.936	 25.455	 34.443       
 24.660	 26.234	 37.395       
 23.171	 29.723	 37.571       
 21.446	 30.008	 40.935       
 18.104	 31.648	 41.828       
 18.743	 35.197	 43.039       
 18.554	 36.024	 46.728       
 16.902	 39.211	 47.979       
 19.294	 40.837	 50.471       
 18.296	 42.836	 53.554       
 19.196	 45.919	 51.537       
 16.388	 45.251	 49.078       
 18.771	 44.395	 46.275       
 19.297	 40.990	 44.655       
 22.520	 39.008	 44.329       
 23.065	 35.900	 42.215       
 25.934	 33.553	 41.484       
 26.733	 31.450	 38.379       
 29.325	 28.679	 38.442       
 30.753	 25.992	 36.204       
 32.938	 22.956	 36.955       
 35.813	 22.099	 34.605       
 38.935	 19.901	 34.606       
 41.640	 21.487	 36.811       
 44.194	 20.929	 34.016       
 42.272	 23.396	 31.819       
 42.904	 26.359	 34.152       
 45.364	 28.733	 32.511       
 44.831	 27.120	 29.089       
 41.092	 27.600	 28.408       
 39.676	 31.114	 28.803       
 36.427	 31.475	 30.786       
 34.208	 34.534	 30.546       
 30.816	 35.083	 32.107       
 28.465	 37.299	 30.107       
 26.092	 39.136	 32.410       
 23.074	 41.142	 31.315       
 20.698	 43.297	 33.339       
 18.225	 44.933	 30.973       
 16.488	 47.267	 33.455       
 19.737	 49.179	 33.929       
 21.106	 48.504	 30.440       
 24.051	 46.747	 32.064       
 26.092	 44.335	 29.948       
 29.314	 42.935	 31.353       
 31.776	 40.288	 30.197       
 34.074	 39.210	 33.009       
 37.090	 36.979	 32.385       
 37.633	 34.598	 35.337       
 41.221	 33.510	 35.957       
 42.826	 31.659	 38.820       
