BRIEF 1JRH I 95               
 -5.467	 68.443	 40.445  1.011
 -3.575	 68.179	 37.095  1.124
 -5.430	 67.364	 33.806  1.137
 -5.155	 63.863	 32.410 -0.280
 -4.017	 63.405	 28.785  1.529
 -6.566	 62.110	 26.199 -0.481
 -6.857	 60.307	 22.859  1.054
 -3.919	 57.939	 23.288  0.722
 -3.155	 56.680	 19.760  0.272
 -0.538	 54.047	 18.795  0.558
  0.789	 54.169	 15.213 -0.897
  3.222	 52.200	 13.099  1.400
  3.704	 52.361	  9.306 -0.266
  6.582	 49.863	  8.852  1.325
  8.087	 48.674	 12.221  0.470
  8.443	 52.195	 13.689 -0.042
  5.921	 52.555	 16.574  0.907
  5.167	 56.059	 17.803  0.333
  2.556	 57.163	 20.326  1.127
  0.417	 60.275	 19.851 -0.252
 -1.929	 61.840	 22.357  1.467
 -3.944	 64.930	 22.966 -0.307
 -3.692	 67.609	 25.547  0.509
 -5.218	 71.019	 26.215 -0.719
 -3.500	 74.369	 26.028 -1.337
 -2.069	 75.595	 29.306 -0.738
 -0.406	 78.857	 30.305 -0.381
  2.594	 76.720	 31.513 -0.803
  4.508	 74.020	 29.624  0.159
  2.900	 70.550	 30.094  0.399
  5.670	 67.987	 30.063 -0.018
  4.613	 64.366	 29.574  1.265
  6.132	 60.991	 30.419  0.881
  5.422	 57.851	 28.344  1.350
  5.644	 54.238	 29.551  0.464
  5.310	 50.943	 27.654  0.432
  4.996	 47.326	 28.917 -0.063
  4.786	 44.077	 26.920 -1.976
  2.669	 41.091	 27.861 -2.161
  1.867	 37.613	 26.675 -0.902
  4.935	 35.471	 26.619 -2.156
  6.587	 37.754	 29.212 -2.071
  5.269	 40.223	 31.887 -1.793
  7.617	 43.147	 32.221  0.022
  7.404	 46.184	 34.515  0.177
  6.422	 49.546	 33.069  1.313
  9.565	 50.988	 31.496  0.020
 10.062	 54.678	 30.579 -0.822
 10.172	 55.427	 26.835 -0.933
 10.015	 59.241	 26.737  1.342
 10.693	 61.097	 29.920 -0.357
  9.504	 64.677	 30.356  0.236
  9.061	 65.851	 26.749  0.641
  6.921	 68.792	 25.581 -0.084
  5.521	 67.473	 22.312 -1.706
  2.483	 65.176	 21.818  0.388
  4.357	 62.085	 20.445 -0.814
  6.912	 59.447	 21.440  1.433
  8.786	 56.952	 19.260  1.072
  8.980	 53.544	 20.921  0.857
 10.791	 51.464	 18.281  1.227
 13.524	 50.453	 20.737 -0.739
 10.885	 48.887	 23.072 -1.554
  9.331	 46.491	 20.556 -0.739
 10.563	 42.910	 20.791 -2.140
  9.114	 39.461	 20.193 -1.191
  6.032	 39.965	 17.932 -0.868
  4.236	 37.399	 20.132 -1.176
  3.819	 39.877	 23.027 -0.584
  1.358	 42.718	 22.895 -0.534
  2.367	 46.209	 23.976  0.788
  0.315	 48.523	 26.183 -0.846
  1.010	 52.181	 26.852  0.773
  0.229	 54.765	 29.448  1.051
  0.996	 58.472	 29.624  1.330
  0.883	 61.053	 32.425  0.528
  1.305	 64.826	 32.482  1.297
  3.354	 67.138	 34.704 -0.346
  3.203	 70.896	 35.320 -1.209
  5.443	 72.110	 38.123 -0.172
  5.784	 69.508	 40.917 -0.222
  2.271	 68.078	 40.415 -1.105
  1.398	 65.178	 38.064 -0.178
 -1.621	 63.714	 36.360  1.524
 -3.075	 60.245	 36.486 -1.094
 -2.196	 57.852	 33.749  0.367
 -4.033	 57.752	 30.497  0.446
 -3.969	 53.971	 29.996 -0.871
 -3.972	 52.905	 26.314  0.791
 -5.575	 49.884	 24.664 -1.591
 -3.688	 46.869	 23.228 -0.367
 -1.243	 46.765	 20.290  1.262
 -0.250	 43.519	 18.533  0.203
  0.762	 43.608	 14.828 -0.018
  1.971	 46.522	 12.600  0.919
BRIEF 1JRH L 167              
  5.612	 48.312	 41.825       
  1.941	 47.183	 42.086       
  0.404	 46.587	 45.586       
 -2.335	 44.105	 46.469       
 -4.394	 44.626	 49.561       
 -6.270	 41.746	 51.049       
 -8.356	 42.694	 54.008       
 -8.187	 41.329	 56.460       
 -5.583	 38.846	 57.601       
 -8.347	 36.568	 58.887       
-12.130	 36.143	 58.724       
-14.315	 34.307	 61.248       
-16.718	 32.083	 59.338       
-18.847	 28.940	 59.882       
-19.085	 25.880	 57.615       
-21.916	 26.011	 55.182       
-21.583	 29.769	 54.834       
-20.724	 31.401	 51.527       
-17.469	 33.222	 51.851       
-16.153	 36.056	 49.792       
-12.563	 37.237	 50.125       
-11.589	 40.634	 48.820       
 -8.420	 41.572	 46.914       
 -7.704	 45.122	 45.678       
 -4.848	 46.090	 43.287       
 -3.218	 49.575	 43.175       
 -3.751	 49.897	 39.398       
 -5.576	 48.049	 36.604       
 -3.940	 44.564	 36.441       
 -6.145	 43.553	 33.503       
 -7.559	 40.314	 35.000       
 -4.100	 38.718	 35.380       
 -5.000	 37.474	 38.837       
 -4.345	 34.186	 40.498       
 -5.730	 32.754	 43.683       
 -3.851	 30.319	 45.942       
 -4.934	 28.266	 48.968       
 -2.492	 27.190	 51.613       
 -2.974	 24.829	 54.526       
 -0.343	 24.979	 57.317       
  3.096	 23.486	 56.490       
  2.350	 22.949	 52.812       
  3.115	 24.699	 49.554       
  0.317	 26.986	 48.172       
 -2.137	 25.333	 45.777       
 -3.110	 27.394	 42.716       
 -6.903	 27.637	 42.589       
 -7.757	 30.321	 40.096       
 -5.913	 31.967	 37.280       
 -6.929	 34.811	 35.020       
 -9.247	 36.053	 37.758       
-11.941	 33.520	 36.839       
-10.342	 30.329	 35.500       
-10.454	 27.436	 37.963       
 -7.671	 24.936	 37.923       
 -8.801	 21.451	 37.094       
 -9.725	 19.356	 40.130       
-10.890	 22.372	 42.082       
-14.432	 21.943	 43.503       
-17.228	 23.913	 41.793       
-18.190	 25.608	 45.053       
-15.238	 27.987	 44.357       
-15.327	 30.970	 41.952       
-13.434	 34.176	 41.366       
-14.444	 37.443	 39.731       
-13.964	 41.179	 39.473       
-12.074	 43.550	 37.192       
 -9.869	 46.603	 36.958       
 -8.537	 46.582	 40.494       
-11.267	 44.646	 42.323       
-11.365	 40.865	 42.459       
-12.996	 38.428	 44.856       
-13.051	 34.790	 45.603       
-16.243	 33.028	 46.674       
-16.786	 29.560	 48.167       
-20.494	 28.665	 48.181       
-20.460	 26.101	 50.961       
-17.533	 26.294	 53.292       
-16.359	 22.814	 54.181       
-13.462	 21.840	 56.475       
-11.251	 21.094	 53.428       
-11.629	 24.809	 52.613       
-10.280	 26.187	 55.898       
 -6.941	 27.656	 54.846       
 -5.258	 30.940	 54.097       
 -6.111	 32.371	 50.709       
 -3.744	 34.584	 48.722       
 -4.408	 36.568	 45.577       
 -1.688	 37.407	 43.134       
 -1.176	 39.874	 40.378       
  1.007	 38.566	 37.550       
  0.574	 41.476	 35.095       
  3.907	 43.148	 35.936       
  6.176	 40.464	 37.430       
  4.590	 39.145	 40.692       
  2.881	 40.388	 43.842       
  1.014	 38.508	 46.530       
 -1.748	 39.872	 48.735       
 -1.341	 39.809	 52.526       
 -3.512	 36.703	 52.836       
 -6.794	 35.935	 54.537       
 -6.877	 33.038	 56.958       
-10.254	 31.401	 57.530       
-11.090	 30.800	 61.173       
-14.308	 29.192	 62.323       
-16.881	 30.713	 64.661       
-18.100	 28.935	 67.783       
-19.399	 29.672	 71.292       
-17.442	 32.180	 73.389       
-15.451	 29.983	 75.741       
-13.603	 30.878	 78.913       
 -9.834	 30.018	 79.258       
 -8.700	 27.483	 81.889       
 -5.671	 29.040	 83.640       
 -3.171	 26.771	 85.414       
 -0.055	 28.508	 86.830       
  3.296	 26.917	 87.750       
  6.301	 27.981	 89.941       
  1.155	 30.063	 83.217       
 -1.131	 28.254	 80.713       
 -4.128	 29.977	 79.065       
 -5.833	 27.013	 77.391       
 -8.917	 26.484	 75.197       
-10.760	 29.772	 74.664       
-12.815	 31.767	 72.140       
-12.849	 34.312	 70.536       
 -9.117	 34.526	 69.849       
 -8.134	 38.042	 71.036       
 -6.495	 38.284	 74.457       
 -4.094	 40.433	 76.582       
 -2.174	 39.206	 79.649       
 -0.446	 41.019	 82.628       
 10.679	 39.653	 81.243       
  8.253	 37.054	 79.805       
  7.253	 35.655	 76.397       
  4.077	 34.339	 74.708       
  3.282	 31.890	 71.905       
 -0.270	 31.148	 70.746       
 -1.657	 27.999	 69.210       
 -3.645	 27.676	 66.005       
 -7.423	 27.197	 66.367       
 -7.916	 23.627	 67.562       
 -9.432	 21.372	 64.964       
-11.500	 19.233	 67.363       
-13.260	 22.101	 69.184       
-12.454	 25.391	 67.559       
-10.737	 26.827	 70.614       
 -7.439	 28.616	 71.118       
 -4.620	 28.384	 73.587       
 -1.684	 30.532	 74.666       
  1.514	 30.313	 76.808       
  3.508	 32.822	 78.882       
  0.483	 36.241	 89.893       
 -0.918	 35.671	 86.306       
 -3.932	 37.570	 84.845       
 -5.845	 38.118	 81.591       
 -8.569	 40.276	 79.990       
-11.046	 38.407	 77.738       
-14.570	 39.265	 76.514       
-16.061	 36.175	 78.250       
-16.092	 38.399	 81.358       
-14.821	 41.822	 82.461       
-13.496	 40.774	 85.884       
 -9.935	 39.825	 84.763       
 -9.162	 36.254	 85.751       
 -6.105	 36.405	 88.013       
 -4.513	 33.106	 89.089       
BRIEF 1JRH H 180              
  5.395	 13.896	 35.811       
  6.199	 17.609	 36.521       
  8.031	 17.867	 39.888       
 10.097	 20.620	 41.587       
 12.336	 20.411	 44.633       
 14.225	 23.057	 46.583       
 17.512	 22.275	 48.326       
 19.029	 24.526	 50.931       
 21.834	 24.680	 53.560       
 19.431	 24.240	 56.495       
 21.061	 26.595	 59.040       
 23.368	 29.441	 57.897       
 25.158	 32.345	 59.605       
 24.726	 36.114	 59.161       
 26.731	 38.033	 56.489       
 27.212	 34.832	 54.544       
 25.719	 33.991	 51.161       
 22.803	 31.627	 50.577       
 22.918	 28.978	 47.837       
 19.439	 27.687	 46.907       
 18.727	 25.001	 44.347       
 15.582	 24.186	 42.439       
 15.779	 20.766	 40.816       
 12.929	 19.873	 38.485       
 11.818	 17.186	 36.033       
  8.775	 16.757	 33.846       
  9.455	 19.723	 31.591       
 12.273	 21.759	 30.058       
 13.453	 25.259	 30.691       
 14.730	 25.414	 27.090       
 11.155	 25.329	 25.780       
  9.927	 28.726	 24.588       
  7.975	 30.736	 27.167       
  9.053	 28.578	 30.108       
 10.138	 30.140	 33.377       
 10.792	 29.428	 37.088       
 10.822	 31.751	 40.130       
 11.504	 31.971	 43.873       
  9.170	 32.981	 46.690       
  9.947	 33.038	 50.416       
  7.742	 33.038	 53.492       
  8.438	 33.386	 57.220       
  6.307	 31.934	 60.071       
  2.787	 33.345	 60.112       
  3.701	 35.792	 57.371       
  2.706	 36.185	 53.765       
  4.393	 35.219	 50.546       
  7.244	 37.257	 49.093       
  8.277	 37.005	 45.459       
 12.074	 37.057	 45.057       
 13.185	 36.497	 41.466       
 12.223	 34.706	 38.245       
 14.202	 33.385	 35.263       
 13.123	 32.751	 31.732       
 14.076	 30.161	 29.179       
 16.147	 32.806	 27.260       
 18.086	 33.770	 30.370       
 16.151	 37.008	 30.760       
 16.011	 37.457	 34.583       
 13.569	 39.391	 36.888       
 14.261	 40.439	 40.461       
 12.113	 41.912	 43.175       
 13.422	 45.544	 43.415       
 13.550	 45.584	 47.246       
 16.128	 42.773	 47.086       
 17.654	 42.984	 43.549       
 21.073	 44.021	 44.908       
 21.418	 40.763	 46.923       
 19.936	 38.269	 44.473       
 21.435	 36.511	 41.502       
 19.399	 33.914	 39.624       
 20.801	 31.515	 37.066       
 19.780	 28.316	 35.293       
 21.536	 25.201	 34.025       
 19.555	 23.277	 31.453       
 22.208	 20.502	 31.310       
 21.371	 19.747	 34.956       
 17.738	 20.923	 35.119       
 18.256	 23.246	 38.019       
 17.590	 26.878	 38.646       
 19.781	 28.523	 41.269       
 19.410	 31.579	 43.546       
 22.197	 33.350	 45.486       
 21.522	 35.696	 48.419       
 24.421	 37.655	 49.883       
 24.677	 39.572	 53.188       
 22.304	 37.048	 54.764       
 20.358	 38.632	 57.736       
 18.169	 37.081	 60.494       
 14.995	 38.572	 58.905       
 15.770	 36.271	 55.981       
 15.001	 33.127	 58.030       
 12.170	 31.609	 56.090       
 11.041	 28.817	 53.792       
 12.065	 29.016	 50.153       
  9.972	 27.895	 47.271       
 10.594	 27.758	 43.594       
  7.643	 27.403	 41.156       
  7.171	 27.401	 37.385       
  5.103	 29.650	 35.150       
  1.835	 27.938	 33.968       
  2.708	 26.991	 30.334       
 -0.091	 29.017	 28.739       
  0.151	 32.345	 26.854       
 -1.028	 35.386	 28.799       
 -0.854	 33.197	 31.947       
  1.931	 33.668	 34.503       
  0.236	 32.079	 37.493       
  2.476	 29.546	 39.259       
  1.006	 26.069	 38.751       
  3.606	 23.654	 40.171       
  5.496	 24.344	 43.435       
  8.206	 22.473	 45.272       
  7.643	 21.528	 48.922       
 10.114	 24.221	 49.971       
 13.219	 24.317	 52.181       
 13.436	 26.175	 55.534       
 16.595	 28.081	 56.187       
 17.334	 29.518	 59.565       
 19.826	 32.414	 59.716       
 21.623	 32.281	 63.095       
 25.030	 32.143	 64.823       
 24.401	 29.377	 67.377       
 25.068	 25.671	 68.073       
 23.178	 22.406	 68.650       
 22.251	 22.970	 72.333       
 20.130	 20.046	 73.678       
  6.420	 20.409	 81.122       
  8.867	 23.087	 79.865       
 11.632	 22.997	 77.225       
 17.669	 24.541	 72.796       
 18.702	 24.601	 69.092       
 17.917	 23.937	 66.399       
 14.230	 23.391	 65.949       
 12.503	 20.913	 65.934       
 11.791	 19.087	 69.164       
  9.007	 16.538	 69.915       
  7.139	 16.469	 73.203       
  5.044	 13.313	 73.688       
  3.316	 12.167	 76.919       
  3.727	  8.613	 78.282       
  4.897	  7.674	 74.783       
  1.530	  8.770	 73.372       
 -3.562	 12.192	 72.721       
 -6.301	 14.670	 73.763       
 -5.980	 17.798	 75.941       
 -2.295	 18.105	 74.978       
 -1.077	 21.581	 74.112       
  2.407	 21.557	 72.711       
  2.933	 25.233	 71.936       
  4.943	 26.892	 69.153       
  8.524	 27.685	 70.055       
  9.698	 31.240	 70.556       
 13.393	 32.183	 70.667       
 14.926	 34.032	 73.603       
 18.575	 34.871	 73.140       
 19.115	 32.641	 70.100       
 17.772	 29.485	 71.670       
 14.376	 27.880	 71.170       
 12.103	 27.110	 74.093       
  8.435	 25.997	 74.025       
  5.781	 24.570	 76.373       
  3.512	 21.491	 76.425       
  0.547	 21.361	 78.781       
 -1.803	 18.454	 79.388       
 -5.076	 17.998	 81.323       
  6.609	 13.999	 78.793       
  8.971	 12.238	 76.406       
 11.008	 15.174	 74.918       
 13.359	 14.428	 71.951       
 15.779	 16.619	 69.910       
 17.135	 14.905	 66.679       
 19.989	 17.394	 66.171       
 21.804	 16.644	 69.454       
 20.303	 13.141	 69.676       
 18.790	 14.062	 73.074       
 15.984	 11.818	 74.452       
 14.652	 12.976	 77.858       
 11.961	 10.433	 78.857       
 10.938	 12.442	 82.008       
