BRIEF 1KIP C 129              
 47.667	-21.510	 20.153  1.155
 44.960	-21.628	 17.530 -0.513
 43.891	-18.187	 16.461 -0.534
 40.550	-16.829	 15.516 -1.231
 40.372	-15.220	 12.068  0.829
 39.676	-11.763	 13.465  1.459
 42.267	-11.988	 16.181  0.040
 44.924	-13.198	 13.831  0.828
 43.983	-10.262	 11.481  1.137
 44.235	 -7.656	 14.237 -0.717
 47.648	 -8.952	 15.267 -0.757
 48.829	 -8.942	 11.627  0.862
 47.579	 -5.453	 11.036 -1.024
 49.274	 -4.291	 14.289 -2.375
 52.512	 -5.675	 12.896 -2.319
 52.396	 -3.926	  9.495  0.904
 51.191	 -6.651	  7.107 -0.935
 48.145	 -4.747	  5.917 -0.390
 49.196	 -3.653	  2.452 -0.417
 52.802	 -4.699	  2.957 -0.343
 54.363	 -4.789	 -0.539 -0.556
 50.829	 -4.066	 -1.836 -0.052
 49.337	 -7.302	 -0.503 -0.848
 46.041	 -6.549	  1.232  0.109
 45.468	 -7.999	  4.741  0.172
 43.173	-10.869	  3.754 -0.134
 46.062	-12.572	  1.872  0.435
 48.023	-13.091	  5.065  1.086
 44.993	-14.397	  6.970  0.261
 44.177	-16.754	  4.077  1.476
 47.748	-17.964	  3.831  0.971
 47.751	-18.807	  7.588  0.744
 44.440	-20.628	  7.261 -0.657
 45.899	-22.931	  4.576 -0.130
 49.456	-23.246	  5.885  1.125
 48.837	-24.000	  9.553  1.488
 45.099	-23.688	  9.941 -1.077
 45.769	-20.790	 12.343 -0.398
 47.982	-22.933	 14.619  0.463
 51.161	-21.446	 16.065  1.330
 52.491	-24.917	 16.902 -2.369
 52.080	-26.263	 13.362  0.976
 54.999	-28.224	 11.950 -0.355
 55.511	-30.328	  8.835  0.698
 58.361	-32.571	  7.749 -1.015
 59.318	-32.533	  4.094  0.373
 60.693	-35.261	  1.816 -0.927
 64.073	-33.750	  2.699  0.448
 65.456	-32.915	  6.133 -0.271
 63.554	-29.641	  6.168  1.159
 60.501	-28.999	  8.340 -0.055
 58.159	-25.969	  8.161  0.975
 57.462	-24.239	 11.474  0.841
 54.603	-22.184	 12.960  1.481
 51.688	-19.986	 11.952  1.047
 53.118	-19.177	  8.446  1.142
 55.174	-22.370	  8.139  1.488
 58.712	-21.044	  7.688  1.439
 61.196	-23.538	  6.157  1.255
 64.198	-24.856	  8.071  0.839
 66.633	-25.152	  5.162 -0.545
 66.361	-21.490	  4.195 -0.613
 64.879	-19.239	  6.872  1.177
 65.258	-20.443	 10.441  1.483
 67.890	-22.796	 11.780 -0.208
 66.605	-25.938	 13.506 -0.243
 70.174	-27.258	 13.881 -2.014
 69.024	-30.509	 12.327 -1.880
 68.399	-29.600	  8.675 -1.052
 71.220	-30.224	  6.162 -1.001
 72.244	-27.068	  4.292 -1.911
 70.330	-24.605	  6.519 -0.214
 70.772	-20.981	  5.331 -1.289
 69.031	-19.264	  8.282  1.122
 68.228	-16.141	  6.255 -0.809
 65.939	-14.815	  8.951  1.483
 68.760	-15.372	 11.421 -0.620
 66.417	-16.955	 13.941 -0.146
 65.938	-20.377	 15.514 -0.602
 62.951	-22.312	 14.175  1.460
 61.746	-22.836	 17.753 -0.291
 61.351	-19.065	 18.013 -0.841
 58.786	-19.313	 15.234  0.670
 56.730	-21.750	 17.326 -0.077
 55.428	-19.174	 19.796 -0.180
 52.010	-17.628	 20.558  0.256
 53.349	-14.117	 19.885  0.497
 53.489	-13.898	 16.049  1.069
 56.216	-11.206	 16.017 -1.018
 59.153	-13.388	 15.032 -0.345
 57.031	-15.044	 12.365  0.665
 55.828	-11.689	 10.949  0.328
 59.346	-10.316	 10.858 -2.374
 60.759	-13.257	  8.939  1.476
 57.837	-13.222	  6.508  1.006
 58.459	 -9.525	  5.929  0.305
 61.998	-10.586	  5.052 -0.662
 60.739	-13.296	  2.713  0.918
 58.243	-11.069	  0.839 -0.507
 60.734	 -8.783	 -0.809 -1.004
 58.191	 -7.614	 -3.368 -0.141
 54.788	 -7.738	 -4.989 -0.350
 55.146	-11.355	 -5.998 -0.259
 56.749	-12.546	 -2.772  1.122
 53.715	-14.294	 -1.295  0.679
 54.410	-17.015	 -3.815 -1.120
 56.785	-18.114	 -1.055  0.970
 53.646	-19.913	  0.181  1.212
 52.292	-22.476	 -2.300  0.066
 48.997	-22.634	 -0.335  0.472
 48.448	-18.950	 -0.801  0.945
 49.351	-19.263	 -4.431 -2.233
 47.050	-22.214	 -4.987 -1.089
 44.276	-21.649	 -2.499 -0.715
 44.110	-17.860	 -1.886  1.475
 45.441	-15.939	 -4.867 -1.075
 42.636	-15.037	 -7.219 -0.137
 39.871	-15.446	 -4.651 -0.503
 38.047	-12.952	 -2.384 -0.741
 40.659	-13.106	  0.385  0.566
 39.009	 -9.959	  1.909 -0.069
 36.145	-12.262	  2.996 -0.965
 38.475	-13.380	  5.796  0.052
 38.615	 -9.949	  7.489 -0.204
 35.093	 -8.605	  6.762 -0.998
 33.162	 -8.152	 10.046 -0.656
 36.396	 -8.067	 12.132  1.479
 37.206	 -5.062	 14.385 -1.690
 40.197	 -4.113	 12.184 -0.199
BRIEF 1KIP A 107              
 24.897	 -0.728	 -1.885       
 27.626	  1.733	 -0.974       
 27.260	  4.797	 -3.158       
 30.139	  7.198	 -3.736       
 29.555	 10.968	 -3.913       
 32.419	 12.634	 -5.809       
 33.032	 16.424	 -6.003       
 33.467	 18.557	 -7.676       
 31.935	 17.686	-11.089       
 34.566	 19.860	-12.915       
 37.575	 21.908	-11.897       
 39.460	 24.461	-14.065       
 43.056	 24.943	-13.116       
 46.314	 26.184	-14.429       
 49.548	 24.237	-14.673       
 51.478	 24.450	-11.424       
 48.376	 24.590	 -9.248       
 47.414	 22.078	 -6.578       
 43.914	 20.612	 -6.660       
 41.877	 18.221	 -4.599       
 39.075	 15.828	 -5.611       
 36.949	 14.137	 -2.975       
 34.799	 11.040	 -2.765       
 32.597	 10.356	  0.202       
 31.319	  6.815	  0.766       
 27.801	  6.105	  2.006       
 29.262	  3.390	  4.257       
 32.678	  2.528	  5.715       
 34.794	  1.083	  2.889       
 37.724	  0.570	  5.163       
 40.327	  2.121	  2.833       
 39.414	 -0.067	 -0.167       
 39.372	  2.865	 -2.485       
 41.142	  3.384	 -5.786       
 41.521	  6.364	 -8.115       
 41.694	  6.288	-11.887       
 42.710	  8.762	-14.538       
 40.894	  8.729	-17.901       
 42.302	 11.021	-20.676       
 40.229	 11.973	-23.735       
 39.510	  8.778	-25.707       
 41.528	  6.327	-23.563       
 40.522	  3.668	-21.101       
 40.773	  4.269	-17.342       
 44.257	  4.085	-15.796       
 45.008	  3.108	-12.236       
 46.622	  5.851	-10.181       
 46.166	  4.981	 -6.528       
 44.911	  1.964	 -4.665       
 44.197	  1.216	 -0.998       
 43.653	  4.932	 -0.448       
 47.233	  6.101	 -0.533       
 49.248	  3.653	 -2.590       
 50.551	  4.917	 -5.927       
 50.540	  2.620	 -8.891       
 53.947	  1.892	-10.380       
 55.067	  4.559	-12.750       
 52.658	  7.146	-11.266       
 54.415	 10.380	-10.166       
 54.700	 11.527	 -6.607       
 52.734	 14.617	 -7.347       
 49.698	 12.405	 -6.723       
 48.697	 11.385	 -3.219       
 45.523	 10.019	 -1.748       
 44.204	 10.114	  1.794       
 41.165	  9.501	  3.987       
 39.663	  6.821	  6.168       
 36.261	  5.521	  7.056       
 34.118	  7.479	  4.554       
 35.762	 10.625	  3.102       
 38.640	 10.157	  0.653       
 40.732	 12.729	 -1.265       
 43.004	 12.776	 -4.260       
 45.470	 15.629	 -4.234       
 47.474	 16.663	 -7.256       
 50.412	 18.977	 -6.567       
 51.892	 21.188	 -9.336       
 49.504	 19.823	-11.846       
 51.177	 19.331	-15.238       
 49.717	 19.542	-18.795       
 49.212	 15.747	-18.942       
 47.104	 15.627	-15.763       
 44.125	 17.072	-17.469       
 41.247	 14.610	-17.968       
 38.597	 12.892	-15.910       
 39.086	 11.272	-12.520       
 37.010	  8.578	-10.840       
 37.115	  6.801	 -7.494       
 35.958	  3.221	 -6.978       
 35.419	  1.263	 -3.744       
 36.366	 -2.434	 -3.250       
 34.578	 -3.244	 -0.008       
 32.592	 -6.375	 -0.716       
 30.174	 -6.300	 -3.685       
 28.717	 -4.648	 -5.692       
 31.578	 -2.216	 -6.367       
 30.563	  1.338	 -7.467       
 32.360	  4.335	 -8.962       
 32.216	  7.972	 -8.042       
 30.454	 10.124	-10.608       
 33.670	 11.593	-12.007       
 35.476	 14.885	-11.919       
 36.609	 16.700	-15.079       
 39.849	 18.545	-14.528       
 40.327	 21.177	-17.176       
 42.564	 23.954	-18.385       
 42.034	 27.425	-17.014       
BRIEF 1KIP B 116              
 52.763	 -8.226	-21.141       
 49.288	 -8.137	-19.668       
 46.747	 -7.530	-22.489       
 42.946	 -7.480	-22.477       
 40.982	 -7.042	-25.742       
 37.188	 -6.831	-26.087       
 35.211	 -8.054	-29.162       
 31.474	 -7.501	-29.702       
 28.560	 -7.050	-32.152       
 28.668	 -3.266	-32.471       
 24.949	 -2.881	-33.161       
 22.070	 -4.951	-31.681       
 18.280	 -4.744	-31.486       
 16.388	 -5.294	-28.205       
 15.255	 -8.393	-30.064       
 18.693	 -9.930	-29.536       
 20.912	-11.147	-26.732       
 24.293	 -9.473	-26.521       
 27.559	-11.329	-25.988       
 30.972	 -9.584	-25.628       
 34.300	-11.347	-25.330       
 37.383	-10.400	-23.390       
 40.551	-12.233	-24.501       
 43.423	-11.720	-22.136       
 47.060	-12.609	-22.213       
 50.174	-12.253	-20.091       
 48.417	-13.692	-17.048       
 46.326	-16.667	-15.954       
 42.552	-16.454	-15.457       
 42.818	-18.752	-12.404       
 44.910	-16.266	-10.426       
 43.137	-12.970	-11.143       
 39.585	-11.698	-11.330       
 38.165	 -9.969	-14.352       
 35.703	 -7.065	-13.999       
 33.265	 -5.688	-16.596       
 32.659	 -1.926	-16.706       
 30.787	  0.334	-19.160       
 30.686	  4.044	-19.833       
 27.647	  5.516	-21.630       
 28.357	  8.230	-24.194       
 29.640	 11.168	-22.225       
 28.760	  9.552	-18.903       
 30.809	  8.126	-16.042       
 31.929	  4.552	-15.279       
 29.372	  1.914	-14.358       
 30.374	 -1.415	-12.760       
 28.528	 -4.487	-14.126       
 30.013	 -7.496	-12.399       
 33.011	 -9.716	-12.080       
 34.230	-13.257	-12.164       
 36.858	-14.294	 -9.580       
 39.851	-16.549	-10.322       
 37.871	-19.313	 -8.698       
 34.911	-18.931	-11.034       
 32.537	-17.221	 -8.598       
 30.647	-14.269	 -9.960       
 29.266	-11.029	 -8.530       
 26.909	 -8.621	-10.156       
 25.566	 -5.092	-10.202       
 22.336	 -5.199	 -8.151       
 20.141	 -3.500	-10.755       
 21.530	 -5.416	-13.714       
 21.916	 -8.842	-12.086       
 18.925	-10.547	-13.790       
 20.089	 -9.554	-17.334       
 23.785	-10.368	-16.927       
 25.785	-13.540	-16.990       
 29.544	-13.630	-16.893       
 31.527	-16.839	-17.541       
 34.965	-17.821	-18.752       
 37.104	-20.467	-20.391       
 40.463	-20.680	-18.653       
 41.963	-22.673	-21.538       
 40.922	-20.226	-24.199       
 41.835	-17.301	-21.900       
 38.499	-15.680	-22.594       
 35.934	-14.138	-20.264       
 32.369	-13.557	-21.578       
 29.605	-11.084	-20.716       
 26.076	-11.981	-21.938       
 23.128	 -9.683	-21.545       
 19.439	 -9.850	-22.458       
 16.481	 -7.455	-22.289       
 18.588	 -4.818	-24.076       
 17.440	 -1.194	-23.889       
 18.682	  1.939	-25.581       
 20.214	  2.792	-22.211       
 22.665	 -0.150	-22.672       
 24.424	  1.806	-25.432       
 27.917	  2.345	-24.188       
 31.552	  1.400	-24.409       
 32.237	 -1.922	-22.673       
 35.517	 -2.656	-20.862       
 36.992	 -5.708	-19.221       
 39.743	 -5.138	-16.639       
 42.097	 -7.279	-14.622       
 41.567	 -7.128	-10.856       
 44.722	 -7.781	 -8.872       
 44.075	 -7.700	 -5.132       
 41.346	 -5.070	 -5.087       
 42.402	 -2.706	 -7.920       
 41.817	 -2.794	-11.686       
 45.320	 -2.484	-12.848       
 44.960	 -3.283	-16.567       
 42.125	 -2.376	-18.896       
 40.977	 -3.426	-22.282       
 40.513	 -0.748	-24.921       
 36.738	 -1.147	-24.815       
 34.200	 -2.080	-27.502       
 31.400	  0.324	-28.332       
 27.849	 -1.068	-28.424       
 24.728	  0.589	-29.791       
 21.260	 -0.647	-29.109       
 19.015	  0.078	-32.147       
 15.230	 -0.158	-32.346       
