BRIEF 1KIQ C 129              
 47.900	-21.474	 20.270  1.155
 45.179	-21.561	 17.632 -0.513
 44.043	-18.069	 16.708 -0.534
 40.628	-16.906	 15.666 -1.231
 40.615	-15.235	 12.211  0.829
 39.924	-11.726	 13.560  1.459
 42.364	-12.040	 16.452  0.040
 45.087	-13.075	 14.019  0.828
 44.091	-10.302	 11.536  1.137
 44.375	 -7.722	 14.280 -0.717
 47.789	 -8.944	 15.382 -0.757
 49.017	 -8.950	 11.782  0.862
 47.823	 -5.399	 11.074 -1.024
 49.419	 -4.457	 14.347 -2.375
 52.732	 -5.821	 13.070 -2.319
 52.788	 -4.028	  9.725  0.904
 51.398	 -6.658	  7.340 -0.935
 48.429	 -4.630	  6.052 -0.390
 49.453	 -3.607	  2.483 -0.417
 53.080	 -4.709	  3.047 -0.343
 54.660	 -4.696	 -0.410 -0.556
 51.176	 -4.081	 -1.763 -0.052
 49.528	 -7.218	 -0.283 -0.848
 46.127	 -6.590	  1.379  0.109
 45.753	 -7.959	  4.946  0.172
 43.393	-10.717	  3.651 -0.134
 46.293	-12.507	  1.868  0.435
 48.233	-13.064	  5.116  1.086
 45.225	-14.374	  7.050  0.261
 44.342	-16.687	  4.104  1.476
 47.950	-17.997	  3.935  0.971
 47.966	-18.853	  7.651  0.744
 44.619	-20.641	  7.329 -0.657
 45.942	-22.966	  4.590 -0.130
 49.512	-23.343	  5.957  1.125
 48.998	-23.962	  9.634  1.488
 45.223	-23.709	 10.062 -1.077
 45.993	-20.840	 12.498 -0.398
 48.176	-23.015	 14.712  0.463
 51.328	-21.367	 16.143  1.330
 52.942	-24.757	 16.786 -2.369
 52.306	-26.377	 13.412  0.976
 55.373	-28.176	 12.042 -0.355
 55.831	-30.290	  8.993  0.698
 58.733	-32.425	  7.981 -1.015
 59.414	-32.583	  4.240  0.373
 61.186	-35.587	  2.613 -0.927
 64.303	-33.415	  2.638  0.448
 65.467	-32.888	  6.207 -0.271
 63.809	-29.448	  6.064  1.159
 60.950	-28.755	  8.427 -0.055
 58.425	-25.859	  8.135  0.975
 57.713	-24.136	 11.433  0.841
 54.904	-22.102	 13.052  1.481
 51.926	-20.032	 11.995  1.047
 53.475	-19.307	  8.555  1.142
 55.371	-22.570	  8.104  1.488
 58.808	-21.109	  7.680  1.439
 61.462	-23.467	  6.275  1.255
 64.505	-24.685	  8.240  0.839
 66.808	-25.116	  5.220 -0.545
 66.599	-21.451	  4.164 -0.613
 65.103	-19.218	  6.834  1.177
 65.494	-20.432	 10.372  1.483
 67.891	-22.842	 11.968 -0.208
 66.579	-25.988	 13.647 -0.243
 70.148	-27.332	 13.809 -2.014
 69.133	-30.628	 12.249 -1.880
 68.744	-29.606	  8.626 -1.052
 71.660	-30.300	  6.251 -1.001
 72.977	-27.075	  4.734 -1.911
 70.781	-24.488	  6.470 -0.214
 71.217	-20.906	  5.247 -1.289
 69.271	-19.311	  8.114  1.122
 68.515	-16.134	  6.110 -0.809
 66.261	-14.790	  8.871  1.483
 69.001	-15.359	 11.421 -0.620
 66.635	-17.025	 13.931 -0.146
 66.291	-20.490	 15.510 -0.602
 63.232	-22.378	 14.248  1.460
 62.071	-22.895	 17.831 -0.291
 61.193	-19.193	 18.268 -0.841
 58.859	-19.382	 15.281  0.670
 56.733	-21.662	 17.459 -0.077
 55.252	-19.057	 19.758 -0.180
 51.850	-17.560	 20.663  0.256
 53.375	-14.158	 19.979  0.497
 53.757	-13.844	 16.173  1.069
 56.500	-11.179	 16.139 -1.018
 59.405	-13.435	 15.163 -0.345
 57.287	-15.127	 12.534  0.665
 56.170	-11.810	 11.105  0.328
 59.637	-10.336	 11.073 -2.374
 60.981	-13.294	  9.129  1.476
 58.025	-13.250	  6.686  1.006
 58.879	 -9.585	  6.017  0.305
 62.426	-10.555	  5.012 -0.662
 61.086	-13.266	  2.784  0.918
 58.637	-10.968	  0.946 -0.507
 61.129	 -8.646	 -0.698 -1.004
 58.790	 -7.477	 -3.432 -0.141
 55.221	 -7.567	 -4.716 -0.350
 55.436	-11.219	 -5.822 -0.259
 57.144	-12.590	 -2.765  1.122
 53.995	-14.183	 -1.342  0.679
 54.689	-16.915	 -3.908 -1.120
 57.015	-18.136	 -1.134  0.970
 53.917	-19.908	  0.200  1.212
 52.589	-22.485	 -2.215  0.066
 49.262	-22.605	 -0.288  0.472
 48.699	-18.870	 -0.844  0.945
 49.585	-19.201	 -4.536 -2.233
 47.282	-22.155	 -4.966 -1.089
 44.430	-21.536	 -2.532 -0.715
 44.307	-17.734	 -1.917  1.475
 45.590	-15.908	 -4.957 -1.075
 42.732	-15.030	 -7.251 -0.137
 39.988	-15.384	 -4.660 -0.503
 38.238	-13.015	 -2.295 -0.741
 40.835	-12.920	  0.438  0.566
 39.071	 -9.861	  1.946 -0.069
 36.307	-12.280	  3.054 -0.965
 38.668	-13.438	  5.809  0.052
 38.638	-10.043	  7.476 -0.204
 35.198	 -8.493	  6.818 -0.998
 33.338	 -8.173	 10.132 -0.656
 36.627	 -8.113	 12.042  1.479
 37.397	 -5.203	 14.368 -1.690
 40.624	 -3.528	 13.225 -0.199
BRIEF 1KIQ A 107              
 25.124	 -0.725	 -1.956       
 27.872	  1.646	 -0.860       
 27.532	  4.735	 -3.078       
 30.370	  7.215	 -3.693       
 29.795	 11.036	 -3.899       
 32.658	 12.594	 -5.808       
 33.147	 16.353	 -6.082       
 33.621	 18.660	 -7.731       
 32.116	 17.638	-11.053       
 34.574	 19.910	-12.831       
 37.688	 21.852	-11.965       
 39.634	 24.514	-14.014       
 43.225	 24.950	-13.159       
 46.595	 26.114	-14.361       
 49.838	 24.194	-14.663       
 51.641	 24.510	-11.388       
 48.476	 24.675	 -9.292       
 47.584	 22.157	 -6.585       
 44.103	 20.639	 -6.685       
 42.039	 18.271	 -4.509       
 39.365	 15.797	 -5.605       
 37.093	 14.187	 -3.003       
 35.116	 10.966	 -2.646       
 32.756	 10.339	  0.235       
 31.340	  6.834	  0.710       
 27.824	  6.115	  2.027       
 29.411	  3.531	  4.333       
 32.816	  2.664	  5.763       
 34.944	  1.155	  3.011       
 37.925	  0.551	  5.257       
 40.529	  2.104	  2.963       
 39.652	 -0.045	 -0.073       
 39.669	  2.808	 -2.445       
 41.410	  3.393	 -5.789       
 41.710	  6.371	 -8.180       
 41.970	  6.224	-11.969       
 42.807	  8.841	-14.540       
 41.148	  8.750	-17.905       
 42.483	 10.807	-20.808       
 40.375	 11.746	-23.791       
 39.822	  8.691	-25.963       
 41.828	  6.285	-23.769       
 41.041	  3.671	-21.073       
 41.158	  4.457	-17.401       
 44.563	  3.983	-15.883       
 45.282	  3.150	-12.288       
 46.922	  5.864	-10.116       
 46.393	  5.021	 -6.456       
 45.134	  1.885	 -4.679       
 44.326	  1.143	 -1.006       
 43.896	  4.872	 -0.407       
 47.542	  6.035	 -0.387       
 49.558	  3.694	 -2.630       
 50.889	  4.898	 -5.899       
 50.753	  2.579	 -8.826       
 54.064	  1.789	-10.500       
 55.317	  4.578	-12.673       
 52.944	  7.190	-11.239       
 54.783	 10.416	-10.235       
 54.899	 11.454	 -6.627       
 53.031	 14.649	 -7.308       
 49.833	 12.543	 -6.858       
 48.933	 11.634	 -3.297       
 45.943	  9.991	 -1.696       
 44.331	 10.297	  1.712       
 41.352	  9.275	  3.755       
 39.952	  6.885	  6.348       
 36.517	  5.504	  7.045       
 34.245	  7.490	  4.661       
 35.981	 10.568	  3.263       
 38.783	 10.178	  0.697       
 40.928	 12.681	 -1.287       
 43.285	 12.711	 -4.208       
 45.671	 15.698	 -4.093       
 47.638	 16.647	 -7.251       
 50.640	 18.864	 -6.415       
 52.019	 21.135	 -9.202       
 49.728	 20.146	-12.014       
 51.483	 19.326	-15.341       
 50.057	 19.448	-18.846       
 49.576	 15.681	-18.914       
 47.427	 15.675	-15.750       
 44.350	 17.099	-17.442       
 41.503	 14.614	-18.097       
 38.884	 12.850	-15.921       
 39.366	 11.264	-12.530       
 37.349	  8.495	-10.852       
 37.377	  6.912	 -7.455       
 36.214	  3.290	 -7.025       
 35.684	  1.263	 -3.824       
 36.520	 -2.448	 -3.301       
 34.736	 -3.233	 -0.023       
 32.721	 -6.364	 -0.674       
 30.352	 -6.261	 -3.676       
 28.872	 -4.691	 -5.615       
 31.670	 -2.245	 -6.429       
 30.688	  1.293	 -7.536       
 32.514	  4.323	 -8.993       
 32.327	  7.981	 -7.976       
 30.702	 10.232	-10.540       
 33.915	 11.608	-11.964       
 35.719	 14.941	-12.004       
 36.748	 16.633	-15.245       
 40.045	 18.493	-14.621       
 40.547	 21.147	-17.208       
 42.905	 23.890	-18.310       
 42.303	 27.371	-16.945       
BRIEF 1KIQ B 116              
 53.292	 -8.319	-21.113       
 49.728	 -8.104	-19.847       
 47.052	 -7.379	-22.517       
 43.224	 -7.435	-22.657       
 41.098	 -6.892	-25.766       
 37.346	 -6.784	-26.154       
 35.380	 -7.896	-29.219       
 31.656	 -7.338	-29.611       
 28.876	 -7.005	-32.238       
 28.832	 -3.221	-32.554       
 25.084	 -2.717	-33.137       
 22.265	 -4.849	-31.632       
 18.439	 -4.839	-31.532       
 16.364	 -5.538	-28.359       
 15.377	 -8.891	-29.829       
 19.005	 -9.971	-29.789       
 21.096	-11.065	-26.852       
 24.559	 -9.665	-26.370       
 27.898	-11.368	-25.905       
 31.205	 -9.516	-25.642       
 34.527	-11.363	-25.369       
 37.635	-10.390	-23.449       
 40.809	-12.214	-24.636       
 43.714	-11.761	-22.330       
 47.376	-12.637	-22.439       
 50.411	-12.362	-20.206       
 48.654	-13.835	-17.130       
 46.509	-16.791	-16.083       
 42.749	-16.411	-15.505       
 43.053	-18.684	-12.472       
 45.218	-16.205	-10.577       
 43.225	-12.964	-11.196       
 39.701	-11.651	-11.362       
 38.371	 -9.906	-14.441       
 35.832	 -7.025	-14.053       
 33.453	 -5.699	-16.679       
 32.815	 -1.919	-16.690       
 30.855	  0.324	-19.039       
 30.880	  4.001	-20.029       
 27.876	  5.458	-21.786       
 28.694	  8.299	-24.278       
 29.912	 11.286	-22.360       
 29.032	  9.679	-18.984       
 30.942	  8.189	-16.023       
 32.137	  4.606	-15.362       
 29.582	  1.959	-14.368       
 30.533	 -1.384	-12.747       
 28.780	 -4.438	-14.334       
 30.242	 -7.382	-12.430       
 33.260	 -9.614	-12.104       
 34.524	-13.212	-12.159       
 37.110	-14.211	 -9.578       
 40.122	-16.441	-10.348       
 38.149	-19.296	 -8.777       
 35.137	-18.858	-10.996       
 32.774	-17.241	 -8.565       
 30.843	-14.250	-10.023       
 29.341	-11.020	 -8.547       
 27.084	 -8.549	-10.276       
 25.772	 -5.033	-10.250       
 22.588	 -5.262	 -8.097       
 20.345	 -3.417	-10.510       
 21.494	 -5.478	-13.500       
 22.136	 -8.978	-12.005       
 19.074	-10.565	-13.645       
 20.104	 -9.520	-17.225       
 23.747	-10.352	-16.855       
 25.823	-13.465	-17.035       
 29.642	-13.653	-16.889       
 31.714	-16.819	-17.604       
 35.250	-17.678	-18.663       
 37.301	-20.370	-20.422       
 40.688	-20.610	-18.652       
 42.136	-22.603	-21.568       
 41.129	-20.168	-24.261       
 42.172	-17.285	-21.984       
 38.793	-15.701	-22.651       
 36.079	-14.126	-20.415       
 32.543	-13.500	-21.690       
 29.824	-11.041	-20.782       
 26.306	-11.940	-21.890       
 23.386	 -9.471	-21.655       
 19.737	 -9.934	-22.500       
 16.639	 -7.710	-22.434       
 18.648	 -4.935	-24.119       
 17.547	 -1.334	-23.549       
 18.787	  1.736	-25.461       
 20.343	  2.844	-22.155       
 22.728	 -0.053	-22.745       
 24.538	  1.835	-25.545       
 28.035	  2.382	-24.189       
 31.711	  1.522	-24.386       
 32.342	 -1.817	-22.664       
 35.614	 -2.674	-20.952       
 37.164	 -5.679	-19.288       
 39.819	 -5.068	-16.685       
 42.156	 -7.259	-14.676       
 41.801	 -7.181	-10.916       
 44.900	 -7.751	 -8.889       
 44.381	 -7.713	 -5.064       
 41.602	 -5.086	 -5.076       
 42.603	 -2.642	 -7.872       
 42.026	 -2.765	-11.619       
 45.614	 -2.652	-12.831       
 45.280	 -3.289	-16.608       
 42.308	 -2.399	-18.867       
 41.409	 -3.366	-22.396       
 40.820	 -0.659	-24.993       
 37.078	 -1.190	-24.885       
 34.517	 -1.943	-27.545       
 31.577	  0.294	-28.476       
 28.017	 -1.078	-28.443       
 24.893	  0.651	-29.797       
 21.412	 -0.631	-29.006       
 19.185	  0.088	-32.029       
 15.403	 -0.007	-32.536       
