BRIEF 1KIR C 129              
 47.623	-21.578	 20.300  1.155
 44.951	-21.596	 17.646 -0.513
 43.818	-18.172	 16.522 -0.534
 40.497	-16.734	 15.572 -1.231
 40.465	-15.151	 12.108  0.829
 39.695	-11.717	 13.531  1.459
 42.177	-11.990	 16.364  0.040
 44.814	-13.037	 13.881  0.828
 43.760	-10.222	 11.421  1.137
 44.006	 -7.691	 14.244 -0.717
 47.430	 -8.898	 15.388 -0.757
 48.807	 -8.930	 11.782  0.862
 47.551	 -5.434	 11.190 -1.024
 49.229	 -4.432	 14.472 -2.375
 52.518	 -5.659	 13.000 -2.319
 52.350	 -3.877	  9.607  0.904
 51.074	 -6.597	  7.187 -0.935
 48.150	 -4.538	  5.900 -0.390
 49.122	 -3.494	  2.393 -0.417
 52.687	 -4.554	  2.985 -0.343
 54.282	 -4.553	 -0.435 -0.556
 50.834	 -4.060	 -1.975 -0.052
 49.163	 -7.089	 -0.333 -0.848
 45.820	 -6.536	  1.336  0.109
 45.443	 -7.893	  4.914  0.172
 43.174	-10.768	  3.790 -0.134
 46.033	-12.500	  1.884  0.435
 47.925	-13.076	  5.118  1.086
 44.959	-14.394	  6.999  0.261
 44.152	-16.694	  4.061  1.476
 47.754	-17.935	  3.844  0.971
 47.788	-18.817	  7.595  0.744
 44.411	-20.625	  7.341 -0.657
 45.776	-22.949	  4.665 -0.130
 49.321	-23.278	  5.981  1.125
 48.765	-24.086	  9.676  1.488
 45.063	-23.638	 10.179 -1.077
 45.792	-20.702	 12.517 -0.398
 48.028	-22.877	 14.761  0.463
 51.188	-21.299	 16.238  1.330
 52.468	-24.736	 17.190 -2.369
 52.046	-26.215	 13.684  0.976
 55.026	-28.069	 12.198 -0.355
 55.583	-29.976	  8.943  0.698
 58.540	-32.168	  7.982 -1.015
 59.118	-32.536	  4.211  0.373
 60.776	-35.176	  1.966 -0.927
 64.113	-33.449	  2.541  0.448
 65.586	-32.713	  5.958 -0.271
 63.512	-29.493	  6.083  1.159
 60.592	-28.733	  8.428 -0.055
 58.112	-25.824	  8.085  0.975
 57.387	-24.047	 11.356  0.841
 54.619	-22.049	 13.034  1.481
 51.595	-20.055	 11.930  1.047
 53.127	-19.165	  8.520  1.142
 55.187	-22.346	  8.178  1.488
 58.723	-21.031	  7.755  1.439
 61.209	-23.513	  6.209  1.255
 64.241	-24.678	  8.247  0.839
 66.599	-25.025	  5.291 -0.545
 66.280	-21.425	  4.173 -0.613
 64.892	-19.014	  6.746  1.177
 65.303	-20.221	 10.305  1.483
 67.727	-22.736	 11.871 -0.208
 66.278	-25.917	 13.318 -0.243
 69.723	-27.467	 13.890 -2.014
 68.705	-30.734	 12.176 -1.880
 68.374	-29.617	  8.567 -1.052
 71.216	-30.198	  6.081 -1.001
 72.102	-26.861	  4.460 -1.911
 70.306	-24.441	  6.765 -0.214
 70.643	-20.913	  5.370 -1.289
 69.028	-19.251	  8.344  1.122
 68.141	-16.082	  6.380 -0.809
 65.744	-14.643	  8.966  1.483
 68.606	-15.424	 11.280 -0.620
 66.272	-17.009	 13.819 -0.146
 66.000	-20.430	 15.486 -0.602
 62.924	-22.234	 14.128  1.460
 61.715	-22.652	 17.699 -0.291
 61.187	-18.909	 18.215 -0.841
 58.734	-19.061	 15.317  0.670
 56.725	-21.499	 17.426 -0.077
 55.459	-18.905	 19.914 -0.180
 51.948	-17.677	 20.695  0.256
 53.040	-14.117	 19.986  0.497
 53.405	-13.793	 16.177  1.069
 56.084	-11.063	 16.143 -1.018
 59.043	-13.204	 15.099 -0.345
 57.032	-15.099	 12.509  0.665
 55.891	-11.766	 11.130  0.328
 59.291	-10.207	 11.038 -2.374
 60.713	-13.166	  9.083  1.476
 57.772	-13.213	  6.627  1.006
 58.323	 -9.476	  5.945  0.305
 61.866	-10.509	  5.143 -0.662
 60.729	-13.247	  2.785  0.918
 58.352	-10.900	  0.817 -0.507
 60.944	 -8.584	 -0.693 -1.004
 58.521	 -7.487	 -3.394 -0.141
 54.960	 -7.426	 -4.756 -0.350
 55.140	-11.060	 -5.924 -0.259
 56.780	-12.563	 -2.839  1.122
 53.707	-14.174	 -1.264  0.679
 54.472	-16.838	 -3.858 -1.120
 56.900	-18.089	 -1.210  0.970
 53.765	-19.814	  0.166  1.212
 52.359	-22.523	 -2.046  0.066
 48.989	-22.620	 -0.198  0.472
 48.531	-18.894	 -0.913  0.945
 49.424	-19.094	 -4.539 -2.233
 47.129	-22.046	 -5.075 -1.089
 44.378	-21.463	 -2.620 -0.715
 44.256	-17.723	 -2.043  1.475
 45.426	-15.821	 -5.140 -1.075
 42.440	-14.979	 -7.378 -0.137
 39.743	-15.412	 -4.628 -0.503
 37.977	-12.963	 -2.351 -0.741
 40.544	-13.085	  0.481  0.566
 38.912	 -9.921	  1.864 -0.069
 36.113	-12.290	  2.927 -0.965
 38.387	-13.479	  5.817  0.052
 38.414	-10.093	  7.559 -0.204
 34.976	 -8.666	  6.674 -0.998
 33.112	 -8.132	  9.936 -0.656
 36.332	 -8.177	 12.080  1.479
 36.959	 -5.146	 14.391 -1.690
 38.887	 -3.277	 11.702 -0.199
BRIEF 1KIR A 107              
 25.072	 -0.631	 -2.084       
 27.688	  1.790	 -0.851       
 27.345	  4.799	 -3.116       
 30.251	  7.236	 -3.644       
 29.613	 11.020	 -3.834       
 32.523	 12.623	 -5.757       
 33.119	 16.349	 -5.965       
 33.439	 18.634	 -7.649       
 32.105	 17.836	-11.125       
 34.614	 20.115	-12.906       
 37.784	 21.870	-11.979       
 39.510	 24.584	-13.987       
 43.111	 24.948	-13.082       
 46.463	 26.084	-14.395       
 49.771	 24.222	-14.694       
 51.519	 24.585	-11.376       
 48.368	 24.619	 -9.231       
 47.577	 22.054	 -6.606       
 44.031	 20.612	 -6.592       
 41.919	 18.248	 -4.532       
 39.192	 15.817	 -5.511       
 37.067	 14.091	 -2.953       
 34.931	 10.991	 -2.654       
 32.578	 10.451	  0.254       
 31.377	  6.900	  0.792       
 27.849	  6.180	  2.071       
 29.295	  3.600	  4.445       
 32.765	  2.639	  5.694       
 34.876	  1.056	  2.935       
 37.912	  0.473	  5.120       
 40.489	  2.030	  2.778       
 39.587	 -0.182	 -0.186       
 39.481	  2.826	 -2.520       
 41.278	  3.388	 -5.848       
 41.619	  6.348	 -8.210       
 41.820	  6.301	-11.980       
 42.733	  8.832	-14.651       
 41.053	  8.758	-18.082       
 42.353	 10.968	-20.918       
 40.495	 11.995	-24.058       
 39.307	  8.742	-25.572       
 41.565	  6.403	-23.594       
 40.774	  3.599	-21.119       
 40.890	  4.400	-17.408       
 44.306	  4.096	-15.841       
 44.958	  3.168	-12.265       
 46.762	  5.845	-10.188       
 46.264	  4.934	 -6.569       
 44.921	  1.955	 -4.765       
 44.294	  1.150	 -1.132       
 43.788	  4.875	 -0.518       
 47.453	  5.923	 -0.486       
 49.460	  3.569	 -2.678       
 50.663	  4.847	 -6.010       
 50.607	  2.505	 -8.958       
 54.009	  1.910	-10.599       
 55.226	  4.634	-12.890       
 52.736	  7.124	-11.319       
 54.553	 10.370	-10.366       
 54.921	 11.551	 -6.818       
 52.890	 14.664	 -7.408       
 49.768	 12.500	 -6.877       
 48.902	 11.610	 -3.277       
 45.853	  9.938	 -1.746       
 44.464	 10.115	  1.737       
 41.287	  9.449	  3.728       
 39.905	  6.918	  6.152       
 36.505	  5.529	  7.057       
 34.191	  7.454	  4.645       
 35.983	 10.605	  3.350       
 38.676	 10.127	  0.690       
 40.952	 12.511	 -1.257       
 43.224	 12.728	 -4.244       
 45.671	 15.617	 -4.205       
 47.662	 16.721	 -7.257       
 50.660	 18.951	 -6.484       
 51.759	 21.306	 -9.280       
 49.558	 19.994	-12.094       
 51.365	 19.262	-15.297       
 49.731	 19.515	-18.791       
 49.292	 15.748	-18.987       
 47.228	 15.618	-15.773       
 44.175	 17.163	-17.375       
 41.400	 14.623	-17.990       
 38.738	 12.901	-15.919       
 39.213	 11.239	-12.535       
 37.186	  8.550	-10.838       
 37.168	  6.883	 -7.459       
 36.004	  3.228	 -7.006       
 35.352	  1.277	 -3.782       
 36.410	 -2.412	 -3.287       
 34.574	 -3.187	 -0.035       
 32.526	 -6.345	 -0.637       
 30.225	 -6.254	 -3.726       
 28.700	 -4.573	 -5.651       
 31.530	 -2.169	 -6.367       
 30.687	  1.409	 -7.497       
 32.422	  4.455	 -8.971       
 32.236	  8.088	 -8.097       
 30.555	 10.328	-10.648       
 33.871	 11.693	-11.894       
 35.659	 15.018	-12.008       
 36.731	 16.873	-15.190       
 40.010	 18.667	-14.624       
 40.443	 21.185	-17.405       
 42.886	 23.917	-18.141       
 42.238	 27.394	-16.821       
BRIEF 1KIR B 116              
 52.723	 -8.480	-21.425       
 49.247	 -8.386	-19.862       
 46.542	 -7.365	-22.298       
 42.777	 -7.605	-22.410       
 40.909	 -7.056	-25.689       
 37.161	 -6.835	-26.191       
 35.186	 -7.836	-29.167       
 31.492	 -7.368	-29.615       
 28.794	 -6.883	-32.276       
 28.698	 -3.025	-32.323       
 25.014	 -2.573	-33.123       
 22.226	 -4.779	-31.733       
 18.447	 -4.381	-31.442       
 16.484	 -4.979	-28.222       
 15.379	 -8.010	-30.213       
 18.675	 -9.701	-29.322       
 20.810	-11.060	-26.468       
 24.193	 -9.362	-26.321       
 27.468	-11.352	-26.117       
 30.871	 -9.617	-25.601       
 34.254	-11.341	-25.443       
 37.400	-10.423	-23.561       
 40.527	-12.204	-24.690       
 43.406	-11.800	-22.299       
 47.129	-12.619	-22.401       
 50.103	-12.402	-20.158       
 48.317	-13.902	-17.130       
 46.130	-16.782	-16.042       
 42.374	-16.479	-15.463       
 42.558	-18.672	-12.366       
 45.036	-16.306	-10.713       
 43.149	-13.003	-11.235       
 39.641	-11.625	-11.494       
 38.114	 -9.873	-14.459       
 35.664	 -6.981	-14.074       
 33.285	 -5.595	-16.625       
 32.707	 -1.825	-16.726       
 30.725	  0.384	-19.137       
 30.667	  4.087	-19.934       
 27.572	  5.597	-21.603       
 28.420	  8.233	-24.235       
 29.813	 11.199	-22.369       
 29.034	  9.716	-18.947       
 30.916	  8.144	-16.033       
 32.080	  4.552	-15.429       
 29.494	  1.960	-14.417       
 30.455	 -1.354	-12.731       
 28.588	 -4.379	-14.241       
 29.979	 -7.341	-12.407       
 32.900	 -9.685	-12.146       
 34.210	-13.229	-12.215       
 36.828	-14.158	 -9.576       
 39.799	-16.458	-10.358       
 37.898	-19.316	 -8.780       
 34.883	-18.955	-11.066       
 32.587	-17.167	 -8.657       
 30.616	-14.203	-10.069       
 29.171	-11.000	 -8.626       
 26.888	 -8.534	-10.157       
 25.662	 -5.001	-10.112       
 22.376	 -5.305	 -8.175       
 20.172	 -3.430	-10.637       
 21.536	 -5.303	-13.672       
 21.830	 -8.722	-11.928       
 18.859	-10.460	-13.693       
 19.937	 -9.648	-17.272       
 23.686	-10.293	-16.938       
 25.780	-13.393	-17.012       
 29.576	-13.683	-16.926       
 31.509	-16.827	-17.714       
 35.035	-17.709	-18.804       
 37.030	-20.431	-20.511       
 40.366	-20.626	-18.655       
 41.873	-22.646	-21.516       
 40.973	-20.276	-24.316       
 41.909	-17.316	-22.035       
 38.522	-15.722	-22.561       
 35.835	-14.129	-20.345       
 32.298	-13.530	-21.696       
 29.682	-10.971	-20.827       
 26.136	-11.977	-21.810       
 23.284	 -9.498	-21.511       
 19.532	 -9.797	-22.208       
 16.620	 -7.360	-22.597       
 18.716	 -4.684	-24.208       
 17.442	 -1.158	-23.640       
 18.621	  1.856	-25.637       
 20.191	  2.850	-22.286       
 22.694	 -0.029	-22.749       
 24.466	  1.868	-25.517       
 27.956	  2.419	-24.151       
 31.620	  1.517	-24.405       
 32.209	 -1.844	-22.646       
 35.499	 -2.618	-20.905       
 37.051	 -5.642	-19.334       
 39.711	 -5.104	-16.701       
 41.933	 -7.326	-14.641       
 41.510	 -7.221	-10.869       
 44.619	 -7.850	 -8.912       
 44.255	 -7.719	 -5.150       
 41.487	 -5.105	 -5.045       
 42.554	 -2.752	 -7.866       
 41.850	 -2.841	-11.640       
 45.302	 -2.634	-12.946       
 44.988	 -3.398	-16.683       
 42.129	 -2.459	-18.986       
 41.392	 -3.391	-22.560       
 40.625	 -0.624	-25.135       
 36.864	 -1.067	-24.888       
 34.315	 -1.919	-27.556       
 31.435	  0.365	-28.517       
 27.885	 -1.043	-28.583       
 24.681	  0.692	-29.769       
 21.178	 -0.607	-29.017       
 18.618	  0.228	-31.802       
 14.880	 -0.442	-32.304       
