BRIEF 1KXT A 496              
 -9.553	 -5.557	  3.745  1.031
 -7.043	 -3.724	  1.496 -0.134
 -8.213	 -0.168	  2.170 -0.776
 -6.519	  1.456	  5.176 -0.146
 -9.752	  3.108	  6.311 -0.161
 -7.811	  6.219	  7.297 -0.866
 -9.618	  9.537	  7.231 -1.091
 -9.672	 10.680	  3.573 -2.063
 -6.429	 12.325	  2.534 -1.107
 -4.374	 10.739	  5.309  0.323
 -1.777	  8.356	  3.861 -0.077
  0.493	  6.988	  6.607  0.262
  0.463	  5.305	  9.991  0.723
  3.123	  5.417	 12.711  0.988
  4.308	  2.664	 15.011  0.932
  4.315	  4.112	 18.524  0.911
  6.355	  1.138	 19.694  1.117
  5.495	  0.444	 23.353  1.049
  3.782	  3.768	 24.043  0.929
  1.232	  3.813	 26.885 -0.158
 -2.434	  4.297	 26.045  0.216
 -2.593	  7.593	 27.974 -1.879
  0.330	  9.049	 25.992  1.020
 -1.049	  7.964	 22.625  0.940
 -4.432	  9.520	 23.380  1.172
 -2.698	 12.842	 24.016 -2.083
 -0.313	 12.405	 21.107  1.062
 -3.356	 11.937	 18.859  1.252
 -4.952	 15.259	 19.835  0.771
 -1.792	 17.371	 20.242 -0.909
  0.029	 16.145	 17.165 -0.196
 -1.017	 13.175	 15.008  1.131
 -4.343	 14.847	 14.257  0.422
 -2.952	 18.316	 13.309  0.923
 -0.034	 16.824	 11.339 -0.827
 -2.140	 14.605	  9.077  1.122
 -1.094	 11.154	 10.301 -0.379
 -3.652	  8.551	  9.213  0.227
 -3.455	  6.297	 12.242  0.705
 -1.344	  4.482	 14.801  1.050
 -0.182	  0.880	 15.042  1.137
 -0.137	  0.009	 18.744  0.806
  1.746	 -2.788	 20.480  1.257
 -0.232	 -5.920	 21.529  1.235
 -3.027	 -4.720	 23.896  0.675
 -3.696	 -8.184	 25.276  0.368
 -2.235	 -9.584	 28.501  1.138
  1.139	-11.314	 28.193  0.777
  3.483	-13.321	 30.395 -0.382
  5.940	-11.297	 32.484 -0.521
  9.649	-11.927	 31.828 -0.961
 12.161	-10.946	 34.509 -2.080
 15.185	-12.492	 32.853 -2.074
 16.094	-10.434	 31.003 -2.083
 14.251	 -7.741	 32.958 -0.863
 11.037	 -6.875	 31.056  0.008
 12.192	 -7.151	 27.417  0.512
 10.077	 -5.576	 24.672  1.231
  9.404	 -9.012	 23.176  0.531
  7.593	-10.361	 26.234  0.758
  4.513	 -8.709	 24.700  0.998
  4.538	-11.284	 21.935  1.253
  3.766	-14.018	 24.425  1.257
 -0.002	-13.793	 25.108  1.174
 -1.455	-15.406	 28.221  0.616
 -5.041	-14.261	 27.660  1.134
 -7.013	-11.698	 25.677  1.089
 -7.800	 -9.401	 28.593 -0.858
 -7.069	 -5.841	 27.413  0.465
 -4.590	 -5.324	 30.223 -2.066
 -0.853	 -4.595	 29.792  0.844
  2.055	 -2.255	 30.658  1.136
  0.518	  0.113	 28.127  1.016
 -2.682	  0.336	 30.164  1.255
 -6.061	 -1.074	 31.258  0.104
 -9.116	 -1.551	 29.078  0.618
-10.878	  1.761	 29.823 -2.077
 -7.555	  3.529	 29.178  0.024
 -7.370	  1.631	 25.929  0.858
-11.003	  2.547	 25.181 -0.554
-10.438	  6.188	 26.028 -0.639
 -7.511	  6.188	 23.575  1.259
 -9.480	  4.745	 20.662  0.694
-12.308	  7.238	 21.227 -1.716
-10.002	 10.234	 21.508  0.808
 -7.911	  9.351	 18.438  1.239
-10.896	  8.549	 16.211  0.650
-12.591	 11.771	 17.301 -0.870
 -9.632	 13.662	 15.861  0.485
 -9.327	 11.635	 12.671  1.044
 -6.549	  9.248	 13.693  1.056
 -7.262	  5.511	 13.389  0.680
 -5.910	  2.818	 15.721  0.742
 -4.439	 -0.449	 14.460  0.657
 -3.830	 -3.302	 16.846  0.747
 -0.870	 -5.658	 16.638  1.254
 -2.693	 -9.005	 16.682  0.142
 -0.690	-11.860	 18.155  0.836
 -2.844	-14.895	 17.326  0.129
 -0.509	-17.621	 16.075  1.258
  0.650	-18.439	 19.569  1.188
  0.368	-18.059	 23.321  1.145
  3.450	-17.787	 25.542  0.333
  6.567	-19.939	 25.477  0.255
  5.973	-23.606	 26.245 -2.067
  8.776	-23.542	 28.795 -0.997
  7.447	-20.691	 30.922 -0.888
  6.888	-21.182	 34.651 -2.079
  3.392	-21.881	 35.973 -2.070
  1.621	-19.153	 37.920  1.127
  0.281	-15.623	 37.629  0.554
  3.460	-13.836	 36.581 -1.413
  1.385	-12.066	 33.949  0.337
  0.592	 -8.437	 33.113  0.158
 -2.928	 -8.862	 34.496 -0.146
 -2.465	-11.543	 37.122  1.068
 -4.088	-14.228	 35.008  0.453
 -2.934	-17.744	 35.778 -0.912
 -1.485	-20.092	 33.179  0.159
  0.498	-23.337	 32.999 -0.621
  2.496	-23.380	 29.740 -0.563
  3.850	-26.827	 30.469 -2.072
  0.261	-28.075	 30.443 -2.082
 -1.120	-25.691	 27.812 -0.699
 -3.366	-24.174	 30.503 -0.965
 -4.811	-20.704	 29.938  0.184
 -8.034	-20.642	 31.977  0.946
 -8.572	-16.915	 31.294 -0.102
 -9.253	-17.477	 27.585  0.590
 -9.894	-20.369	 28.131  0.520
 -7.562	-22.716	 26.199  0.117
 -6.713	-26.394	 26.836 -0.237
 -4.023	-28.681	 25.468 -2.083
 -6.349	-29.647	 22.627 -2.083
 -6.241	-26.043	 21.434  0.958
 -2.614	-26.367	 20.392  1.015
 -0.920	-28.147	 17.466  0.820
  1.499	-30.326	 19.475 -0.745
  0.460	-33.520	 17.629 -1.920
  0.233	-31.920	 14.192 -1.129
  3.942	-31.010	 14.116  1.110
  6.205	-33.701	 12.632 -1.469
  9.733	-32.431	 13.281  0.444
 11.651	-34.382	 15.901 -2.050
 12.153	-31.403	 18.232 -0.493
  8.608	-30.125	 17.827 -0.771
 10.187	-26.868	 16.727 -2.083
 10.847	-25.263	 13.352  0.983
 13.991	-26.803	 11.886 -1.974
 13.672	-25.880	  8.213  0.199
 11.994	-22.972	  6.466  0.691
 11.964	-24.943	  3.209 -0.918
  8.975	-26.922	  4.462  0.257
  5.747	-24.907	  4.787 -0.344
  4.174	-27.495	  7.076 -2.083
  6.624	-27.244	  9.982  0.100
  6.865	-23.449	  9.866  0.960
  3.078	-23.354	 10.309  0.989
  2.470	-26.367	 12.535  0.506
  5.532	-26.345	 14.790  1.048
  6.693	-24.038	 17.614  0.366
  8.396	-20.754	 16.691  1.054
 11.287	-20.441	 19.168  0.096
  9.388	-22.524	 21.714 -0.075
  6.125	-20.542	 21.486  1.034
  3.064	-22.753	 22.067  0.081
  1.589	-22.881	 18.537  1.258
 -2.194	-22.384	 18.505  1.200
 -4.335	-24.932	 16.602 -0.200
 -5.847	-22.363	 14.233  0.974
 -7.617	-24.980	 12.138 -0.452
-10.141	-25.571	 14.948 -0.757
-13.339	-23.531	 14.913 -1.070
-13.157	-23.160	 18.681 -0.773
 -9.777	-21.451	 18.293  1.243
-10.702	-19.291	 15.328  0.697
-13.897	-18.227	 17.098 -2.083
-11.990	-17.330	 20.272 -0.600
 -9.537	-15.213	 18.321  0.308
-12.337	-13.536	 16.344  0.426
-14.022	-12.751	 19.688 -2.038
-10.872	-10.894	 20.775  0.391
-10.491	 -9.013	 17.494  0.089
-14.214	 -8.249	 17.327  0.772
-14.209	 -6.695	 20.785 -0.809
-11.376	 -4.505	 19.532  0.677
-13.377	 -3.621	 16.397  0.014
-16.434	 -2.757	 18.470 -0.378
-14.228	 -0.552	 20.664 -0.598
-13.260	  1.440	 17.564  1.255
-10.080	 -0.114	 16.154  1.165
 -9.770	  0.306	 12.378  0.911
 -7.651	 -2.717	 11.586  1.246
 -4.898	 -5.101	 12.520  0.901
 -1.337	 -6.124	 11.877  1.242
 -1.362	 -9.909	 11.739  0.366
  1.712	-10.876	 13.703  1.258
  3.754	-13.799	 12.412  1.203
  1.397	-14.544	  9.486  0.723
  4.147	-16.639	  7.917  1.207
  3.553	-19.164	 10.678  1.250
 -0.147	-19.622	  9.927  0.835
 -1.987	-21.105	  6.962 -0.284
 -3.566	-18.456	  4.715  0.635
 -6.791	-20.440	  4.976 -2.081
 -6.970	-20.278	  8.757  1.125
 -6.381	-16.520	  8.540  0.460
 -9.245	-16.173	  6.082 -1.272
-11.399	-18.270	  8.390 -0.245
-10.783	-15.918	 11.302  0.921
-11.063	-12.735	  9.222 -0.036
-14.426	-13.698	  7.737 -1.265
-15.763	-13.876	 11.292 -0.236
-14.923	-10.216	 11.896 -0.381
-17.636	 -7.569	 12.363 -0.906
-17.980	 -4.419	 10.280 -0.375
-16.342	 -1.276	 11.665  0.869
-17.955	  0.868	 14.360  0.371
-20.469	  3.106	 12.562 -0.010
-19.741	  5.882	 15.062 -2.083
-16.708	  6.773	 12.942 -0.506
-17.013	  4.638	  9.827  0.576
-19.716	  4.227	  7.186 -1.287
-21.832	  1.071	  7.438 -2.074
-20.198	 -2.077	  6.100 -0.523
-16.624	 -0.915	  6.403 -0.399
-14.151	 -3.764	  6.452 -0.296
-11.216	 -3.661	  8.839  0.588
 -7.767	 -2.943	  7.429  0.435
 -5.650	 -6.079	  7.268  0.395
 -1.875	 -6.086	  6.913 -0.869
 -0.255	 -9.434	  7.606  0.694
  3.311	 -9.631	  8.867  1.234
  5.126	-11.953	  6.464  1.073
  8.891	-11.799	  6.227  1.068
  9.543	-12.837	  2.659  0.619
 12.932	-11.794	  1.263 -0.703
 12.781	-14.703	 -1.126  0.237
 14.692	-17.949	 -0.910 -0.165
 12.033	-19.717	  1.163  0.663
  9.123	-22.095	  0.735 -0.014
  6.540	-19.506	  1.819  0.492
  5.878	-16.420	 -0.329 -0.165
  3.848	-13.294	  0.465 -0.142
  1.647	-13.775	 -2.618 -2.083
 -0.070	-16.611	 -0.729  0.651
 -1.707	-14.144	  1.693  1.154
 -2.816	-11.483	 -0.805 -0.206
 -6.288	-12.964	 -0.540 -2.065
 -6.573	-11.938	  3.121 -0.837
 -5.344	 -8.384	  2.891  0.885
 -2.102	 -6.500	  2.421  0.113
  1.339	 -7.719	  3.433  0.867
  4.540	 -6.191	  4.869  0.992
  7.028	 -5.940	  2.004  1.004
 10.356	 -6.465	  3.745  1.038
 12.101	 -6.460	  0.340 -0.272
 11.479	 -2.699	  0.351 -0.209
 13.446	 -1.617	  3.414  0.450
 16.261	 -4.025	  2.564 -0.998
 16.726	 -2.808	 -1.021 -0.818
 16.359	  0.878	 -0.143  0.240
 18.747	  0.739	  2.780  0.237
 21.428	 -0.703	  0.512 -0.940
 20.777	  1.889	 -2.176 -0.350
 20.838	  4.918	  0.108  0.596
 23.883	  3.565	  1.936 -0.060
 25.569	  3.198	 -1.480  0.429
 26.867	 -0.291	 -0.621 -1.313
 27.577	 -3.031	 -3.167 -0.737
 27.790	 -0.462	 -5.944 -0.899
 24.179	  0.681	 -5.670  0.108
 23.303	  4.142	 -6.976 -0.877
 20.195	  6.162	 -6.244  0.315
 19.821	  6.878	 -9.960 -0.837
 18.879	  3.187	-10.277 -1.514
 15.691	  3.985	 -8.324  0.832
 13.997	  5.323	-11.458 -2.083
 11.936	  2.135	-11.820  0.052
 11.454	  1.726	 -8.065 -0.581
  8.372	 -0.367	 -7.303  0.474
  7.045	 -3.624	 -8.739 -0.832
  9.832	 -3.327	-11.299 -2.083
 12.291	 -4.184	 -8.543  0.121
 10.613	 -7.510	 -7.855  0.171
  8.303	 -6.113	 -5.189 -0.641
  4.742	 -7.319	 -4.666 -0.716
  1.811	 -5.385	 -6.214 -0.885
  1.669	 -1.860	 -4.810  0.765
 -1.986	 -2.185	 -3.794 -2.083
 -1.096	 -5.111	 -1.539 -0.898
  1.987	 -3.606	  0.041  0.711
  2.481	 -2.035	  3.435 -0.136
  5.889	 -0.363	  3.255  0.695
  8.384	  0.947	  5.775  1.076
 12.088	  1.722	  6.025  0.769
 12.566	 -0.250	  9.224  0.760
 10.413	 -1.983	 11.829  1.229
 10.697	 -2.612	 15.565  1.177
 12.395	 -5.923	 14.815  1.225
 14.975	 -5.220	 12.105  0.970
 16.006	 -1.850	 13.484  1.024
 17.746	 -3.945	 16.124  1.253
 20.043	 -5.312	 13.448  0.307
 19.732	 -9.069	 13.015  0.576
 16.262	 -8.652	 11.593  0.388
 15.025	 -8.885	  8.022  0.495
 17.739	 -7.123	  6.029  0.857
 20.774	 -7.321	  8.277  0.452
 22.776	 -4.119	  8.666 -0.890
 21.582	 -2.704	  5.360 -0.861
 18.422	 -1.487	  7.134  0.348
 18.616	  2.212	  8.025  0.453
 17.351	  3.487	 11.388  0.662
 17.271	  6.608	 13.560 -0.182
 20.803	  5.674	 14.685  0.303
 21.799	  6.612	 11.142 -0.891
 19.793	  9.886	 11.306 -0.811
 21.019	 11.764	  8.221 -0.524
 20.715	  8.903	  5.731 -1.793
 17.626	  7.684	  7.585  0.927
 15.721	 10.860	  6.823  0.081
 16.599	 10.641	  3.115  0.731
 15.249	  7.092	  2.814  1.152
 12.096	  7.852	  4.754  0.118
 11.647	 10.905	  2.535  0.566
 12.067	  8.953	 -0.685  1.045
  9.570	  6.328	  0.427  0.779
  7.143	  9.033	  1.489  1.087
  7.328	 10.935	 -1.813  1.030
  7.128	  7.778	 -3.899 -0.013
  3.694	  6.319	 -4.812  0.626
  4.574	  2.676	 -4.203  0.879
  2.627	  1.075	 -1.349  1.106
  0.967	  2.249	  1.864 -0.275
  3.485	  3.781	  4.260  0.322
  4.253	  3.151	  7.929  0.518
  6.748	  5.377	  9.759  0.269
  8.682	  4.068	 12.754  0.793
  8.670	  5.728	 16.155  1.252
 10.924	  4.058	 18.685  1.126
 12.904	  4.383	 21.870  0.298
 16.583	  4.660	 22.664 -1.442
 18.577	  1.898	 24.387  0.438
 22.238	  1.060	 25.052 -2.057
 23.493	 -1.065	 22.160 -0.798
 26.267	 -3.578	 22.708 -1.866
 27.448	 -5.527	 19.688 -0.552
 29.427	 -8.617	 20.591 -1.885
 30.558	-10.717	 17.649 -0.528
 28.154	 -8.921	 15.325  0.144
 25.075	 -9.046	 17.530 -2.069
 23.581	 -6.526	 19.959  0.902
 23.107	 -8.449	 23.195 -0.315
 21.162	 -5.507	 24.658  0.950
 18.670	 -5.517	 21.804  0.673
 16.209	 -7.127	 24.233  0.054
 15.961	 -3.968	 26.352 -1.749
 12.432	 -2.739	 26.837  0.929
 10.856	  0.759	 26.727  1.067
 11.955	  3.599	 29.058  1.123
 10.911	  2.613	 32.547  0.022
 11.189	  3.057	 36.292 -2.034
 11.367	 -0.491	 37.635 -2.073
  9.144	 -2.050	 34.995 -0.491
  6.728	  0.886	 34.811 -0.881
  6.854	  2.553	 31.368  0.264
  7.693	  6.261	 31.287 -0.805
  5.343	  8.947	 30.034  0.216
  6.314	 10.683	 26.792  0.579
  7.414	 14.237	 27.652 -2.080
  7.335	 16.937	 24.983 -0.028
  9.991	 19.628	 24.859  0.108
  9.351	 23.140	 23.579 -2.083
 11.293	 22.315	 20.431  0.440
  8.758	 19.521	 19.872 -2.059
 11.281	 16.707	 20.444 -0.433
 10.457	 14.081	 23.102  1.071
 12.128	 13.319	 26.414 -1.178
 12.514	 10.232	 28.613  0.064
 14.446	  8.387	 25.861 -0.031
 11.601	  8.306	 23.337  0.909
 13.116	  9.112	 19.919  0.068
  9.876	 10.244	 18.314  1.136
 11.128	 10.109	 14.715  0.746
  7.543	 10.854	 13.759  1.100
  8.251	 14.364	 15.047  1.026
 11.411	 15.171	 13.123 -0.137
 10.481	 18.052	 10.824 -0.062
 12.064	 16.107	  7.963 -0.162
  9.755	 13.151	  8.432  0.750
  6.730	 14.996	  9.739 -0.731
  6.652	 17.280	  6.704  0.430
  7.067	 14.361	  4.345  1.127
  3.998	 12.638	  5.800  0.765
  2.236	 15.905	  4.999 -2.081
  3.887	 15.765	  1.562  0.914
  2.361	 12.316	  0.903  0.724
 -1.086	 13.513	  1.952  0.894
 -0.772	 16.510	 -0.394 -0.641
  0.321	 14.568	 -3.507  0.674
 -2.092	 11.664	 -2.988 -1.760
 -3.392	 10.241	 -6.250 -0.802
 -0.832	 12.181	 -8.328 -0.089
  1.336	 10.222	-10.824 -2.083
  5.100	  9.727	-10.551 -0.727
  6.606	 12.202	-12.998 -0.876
  9.522	 14.419	-14.006  0.227
 12.330	 12.059	-13.025  0.152
 15.862	 13.464	-13.231 -0.537
 19.229	 12.007	-12.278  0.209
 22.857	 13.002	-12.771  0.564
 23.902	  9.465	-13.693 -0.097
 25.242	  8.975	-10.164 -0.908
 23.636	  9.691	 -6.783  0.270
 21.705	 12.888	 -7.475  0.420
 18.038	 12.351	 -8.250  0.791
 14.633	 14.074	 -8.313  0.813
 10.996	 13.481	 -9.248  1.119
  7.443	 14.768	 -9.034  0.283
  3.904	 13.827	 -8.159  1.252
  1.763	 15.382	-10.854  0.614
  1.468	 19.138	-10.383 -0.971
  1.300	 19.087	 -6.596 -0.617
  4.776	 18.196	 -5.392  0.781
  8.451	 17.813	 -6.250  0.729
 11.476	 16.432	 -4.379  0.432
 15.239	 16.525	 -5.007  0.855
 18.082	 14.445	 -3.511  0.443
 21.883	 14.821	 -3.564  1.150
 23.522	 11.630	 -2.277  0.041
 26.798	 12.146	 -4.146 -0.334
 29.984	 13.449	 -2.518 -2.073
 29.804	 16.693	 -4.473 -2.083
 27.665	 19.785	 -4.978 -1.107
 24.295	 19.612	 -6.687 -0.797
 23.467	 22.479	 -9.013 -0.444
 20.723	 22.134	-11.582 -0.892
 17.648	 23.779	-12.974 -0.409
 14.867	 21.197	-12.859 -0.146
 11.281	 21.082	-14.117 -0.624
  9.122	 20.550	-11.029  1.167
  5.706	 20.200	-12.652  0.300
  4.600	 22.739	-10.067  0.861
  2.695	 26.011	-10.699  0.380
  4.914	 29.101	-10.761 -0.054
  5.551	 30.608	 -7.347  1.222
  7.626	 30.689	 -4.172 -0.885
  7.702	 27.483	 -2.117  1.241
  8.968	 26.693	  1.369  1.094
 11.455	 23.813	  1.496  0.839
  9.647	 21.490	  3.975  0.625
 12.884	 19.687	  4.852  0.548
 14.980	 22.656	  6.062  0.433
 12.058	 24.605	  7.495  0.401
  8.318	 25.166	  7.737 -2.078
  5.737	 27.491	  6.319 -1.887
  4.536	 29.588	  9.261 -2.083
  2.081	 32.365	  8.562 -1.033
  3.261	 34.101	  5.380 -0.896
  6.871	 32.997	  5.688 -2.029
  9.284	 30.093	  5.438  1.118
 11.745	 29.360	  8.222  0.321
 14.129	 27.582	  5.849  1.114
 15.161	 27.362	  2.200 -1.221
 12.859	 29.055	 -0.307 -0.329
 12.572	 27.598	 -3.823  0.249
 11.381	 29.809	 -6.688 -0.893
  9.609	 28.124	 -9.582  1.214
  9.175	 30.316	-12.626 -1.088
  6.090	 30.370	-14.816 -2.083
  7.425	 27.448	-16.852 -0.633
  7.676	 25.226	-13.781  0.824
 11.472	 25.131	-13.609 -2.083
 13.536	 26.109	-10.607  0.508
 17.186	 26.342	 -9.616 -1.332
 18.287	 23.845	 -6.953  0.540
 21.589	 23.908	 -5.057 -1.412
 22.440	 21.299	 -2.433  0.282
 25.894	 20.904	 -0.976 -1.022
 26.851	 17.322	 -0.226 -0.682
 27.685	 18.754	  3.204 -2.070
 24.198	 20.191	  3.838 -0.864
 22.539	 19.119	  7.096 -1.400
 19.792	 17.391	  5.100  0.554
 20.871	 16.743	  1.425  0.051
 17.397	 16.911	 -0.046  0.603
 14.709	 19.520	 -0.661 -0.761
 10.977	 19.103	 -1.010  1.164
  8.091	 21.406	 -1.890  0.427
  4.408	 20.929	 -2.506  0.882
  1.095	 22.654	 -3.207 -0.778
  0.499	 23.520	  0.440 -0.922
  4.028	 24.786	  1.159  0.685
  3.619	 27.494	 -1.443  0.334
  3.919	 30.974	 -0.047 -0.352
BRIEF 1KXT C 496              
 15.760	 95.433	 -5.321       
 16.052	 97.062	 -1.886       
 13.423	 99.717	 -2.575       
 10.031	 98.622	 -1.178       
  8.521	100.582	 -4.066       
  5.599	101.627	 -1.870       
  3.848	104.882	 -2.697       
  5.985	107.725	 -1.270       
  5.443	108.292	  2.440       
  3.996	104.847	  3.152       
  6.413	102.967	  5.377       
  4.854	 99.637	  6.291       
  3.307	 96.494	  4.859       
  0.903	 94.093	  6.535       
  0.807	 90.339	  6.297       
 -2.853	 89.525	  5.834       
 -2.197	 85.888	  6.648       
 -4.493	 83.509	  4.740       
 -6.768	 86.370	  3.731       
 -8.855	 85.735	  0.638       
 -8.245	 87.832	 -2.480       
-11.713	 89.440	 -2.431       
-11.437	 90.449	  1.233       
 -8.063	 92.091	  0.677       
 -9.444	 93.936	 -2.337       
-12.081	 95.494	 -0.074       
 -9.701	 96.037	  2.846       
 -7.445	 98.112	  0.570       
-10.237	100.464	 -0.445       
-12.128	100.690	  2.838       
 -9.032	100.843	  5.055       
 -5.452	100.196	  3.897       
 -5.350	102.955	  1.318       
 -7.059	105.493	  3.647       
 -4.857	104.650	  6.658       
 -1.584	104.994	  4.737       
 -0.463	101.357	  4.756       
  2.277	100.829	  2.165       
  1.575	 97.271	  1.096       
  0.200	 93.815	  1.688       
  2.145	 90.600	  1.864       
 -0.157	 87.873	  0.560       
  0.008	 84.123	  1.220       
  1.245	 81.903	 -1.666       
 -1.050	 82.457	 -4.702       
  0.110	 79.331	 -6.563       
 -1.701	 75.980	 -6.467       
 -0.814	 73.812	 -3.464       
 -1.499	 70.225	 -2.391       
 -4.581	 69.572	 -0.282       
 -3.891	 68.206	  3.198       
 -6.821	 66.273	  4.671       
 -5.126	 65.148	  7.890       
 -4.945	 67.266	  9.801       
 -7.823	 68.962	  7.985       
 -6.637	 71.865	  5.796       
 -3.774	 73.257	  7.942       
 -2.250	 76.597	  6.929       
  1.160	 75.099	  6.172       
 -0.319	 73.122	  3.293       
  0.083	 76.318	  1.262       
  3.829	 75.777	  1.330       
  3.579	 72.580	 -0.694       
  3.280	 73.697	 -4.356       
  1.822	 71.414	 -7.019       
  1.944	 74.015	 -9.810       
  2.138	 77.747	-10.499       
 -1.481	 78.321	-11.487       
 -2.901	 81.174	 -9.413       
 -5.605	 79.036	 -7.858       
 -5.948	 78.441	 -4.097       
 -8.210	 78.755	 -1.057       
 -7.644	 82.506	 -1.313       
 -9.145	 82.548	 -4.784       
 -8.761	 82.084	 -8.520       
 -6.535	 84.023	-10.934       
 -9.385	 86.440	-11.653       
 -9.879	 87.332	 -7.987       
 -6.109	 87.787	 -7.738       
 -5.950	 90.139	-10.715       
 -8.900	 92.124	 -9.378       
 -7.334	 92.485	 -5.943       
 -3.974	 93.648	 -7.308       
 -5.597	 96.200	 -9.606       
 -7.986	 97.584	 -7.002       
 -5.311	 97.738	 -4.310       
 -2.808	 99.544	 -6.578       
 -5.526	102.046	 -7.458       
 -5.605	103.268	 -3.851       
 -1.837	103.260	 -3.511       
 -1.322	 99.955	 -1.703       
  1.243	 97.476	 -3.037       
  0.981	 93.669	 -3.010       
  4.002	 91.482	 -2.314       
  3.748	 87.764	 -3.060       
  5.161	 85.043	 -0.810       
  7.064	 83.015	 -3.414       
  7.550	 79.351	 -2.480       
 10.264	 78.349	 -4.950       
 12.741	 76.055	 -3.157       
 10.479	 73.057	 -3.529       
  7.192	 71.388	 -4.433       
  4.882	 69.335	 -2.183       
  6.030	 66.580	  0.174       
  7.842	 63.615	 -1.371       
  5.401	 61.351	  0.435       
  2.118	 62.937	 -0.671       
 -0.301	 60.628	 -2.503       
 -0.592	 61.007	 -6.278       
 -3.794	 62.325	 -7.795       
 -5.816	 65.494	 -8.267       
 -6.131	 66.292	 -4.566       
 -4.938	 69.849	 -5.152       
 -6.288	 73.388	 -4.704       
 -7.045	 73.414	 -8.421       
 -7.566	 69.755	 -9.284       
 -4.310	 69.405	-11.186       
 -2.652	 65.982	-11.168       
  0.712	 65.294	 -9.555       
  2.727	 62.217	 -8.578       
  5.024	 63.276	 -5.690       
  6.301	 59.717	 -5.640       
  7.820	 59.988	 -9.121       
  8.686	 63.701	 -9.002       
  5.832	 64.309	-11.468       
  4.223	 67.724	-11.875       
  2.762	 67.892	-15.427       
  1.131	 71.224	-14.620       
  4.463	 73.035	-14.393       
  5.791	 70.757	-15.770       
  8.550	 69.213	-13.632       
 10.233	 65.817	-13.956       
 12.573	 63.901	-11.673       
 15.471	 65.660	-13.387       
 14.106	 68.933	-12.053       
 14.887	 67.926	 -8.462       
 18.034	 67.514	 -6.331       
 17.464	 63.867	 -5.419       
 21.001	 62.893	 -6.493       
 22.898	 66.011	 -5.346       
 22.173	 65.669	 -1.614       
 24.948	 63.792	  0.165       
 23.218	 62.659	  3.355       
 22.087	 59.068	  3.819       
 18.546	 60.224	  4.655       
 18.370	 62.693	  1.784       
 17.148	 65.318	  4.236       
 19.007	 67.891	  6.347       
 20.693	 66.419	  9.436       
 22.931	 69.340	 10.382       
 22.546	 73.081	  9.797       
 26.303	 73.452	 10.065       
 26.873	 72.183	  6.517       
 25.810	 74.695	  3.820       
 25.583	 72.013	  1.150       
 22.892	 69.887	  2.733       
 20.619	 72.685	  3.950       
 20.452	 73.682	  0.270       
 20.710	 70.507	 -1.830       
 18.771	 68.284	  0.579       
 15.070	 68.089	  1.421       
 13.479	 70.398	  4.008       
 11.150	 68.312	  6.204       
 10.659	 66.001	  3.212       
  9.809	 68.616	  0.576       
 10.937	 67.782	 -2.959       
 13.967	 70.058	 -3.329       
 13.805	 71.738	 -6.738       
 16.968	 71.705	 -8.892       
 17.643	 75.448	 -8.763       
 20.917	 75.025	-10.628       
 19.204	 74.168	-13.912       
 18.260	 76.999	-16.239       
 15.035	 75.189	-17.076       
 14.027	 75.475	-13.417       
 15.354	 79.011	-12.962       
 13.354	 80.030	-16.034       
 10.199	 78.160	-15.031       
 10.111	 79.889	-11.660       
 10.892	 83.243	-13.282       
  7.920	 82.714	-15.609       
  5.696	 82.372	-12.561       
  7.157	 85.500	-10.977       
  7.093	 87.474	-14.216       
  3.440	 86.594	-14.626       
  3.026	 88.170	-11.187       
  5.049	 91.294	-12.008       
  3.093	 91.763	-15.202       
 -0.092	 91.429	-13.134       
  1.136	 94.356	-11.049       
  2.849	 92.831	 -8.003       
  5.406	 95.153	 -6.384       
  7.776	 92.499	 -5.054       
  8.274	 89.214	 -3.242       
  9.151	 87.378	 -0.053       
 11.565	 84.647	 -1.071       
 10.467	 81.740	  1.092       
 13.079	 79.323	  2.472       
 15.886	 81.433	  1.011       
 18.020	 79.729	  3.639       
 17.742	 76.428	  1.789       
 18.817	 77.871	 -1.550       
 22.106	 79.133	 -2.987       
 22.431	 82.953	 -3.258       
 23.768	 82.638	 -6.792       
 20.806	 80.594	 -7.948       
 18.467	 83.184	 -6.441       
 20.382	 85.890	 -8.326       
 19.876	 83.883	-11.517       
 16.085	 83.853	-11.095       
 15.958	 87.497	-10.022       
 17.907	 88.566	-13.111       
 15.089	 87.224	-15.305       
 12.460	 89.409	-13.645       
 10.855	 92.212	-15.651       
 10.680	 95.842	-14.554       
  7.568	 96.825	-12.685       
  4.308	 97.423	-14.555       
  4.704	101.112	-15.502       
  0.915	101.599	-15.324       
  1.504	101.994	-11.576       
  5.275	102.444	-11.223       
  7.941	104.407	-13.132       
 10.040	103.218	-16.096       
 12.873	101.369	-14.381       
 11.026	100.086	-11.313       
 12.765	 96.958	 -9.975       
 10.776	 94.512	 -7.839       
 11.227	 94.745	 -4.067       
 12.804	 91.541	 -2.796       
 12.973	 90.321	  0.791       
 14.475	 86.901	  1.459       
 13.268	 84.766	  4.353       
 16.550	 83.696	  5.983       
 16.218	 82.537	  9.602       
 19.664	 83.317	 10.998       
 19.848	 83.753	 14.755       
 23.558	 83.113	 14.440       
 25.374	 79.948	 15.443       
 24.876	 78.321	 12.043       
 26.842	 78.013	  8.841       
 24.405	 80.079	  6.780       
 24.809	 83.819	  7.373       
 22.147	 86.291	  6.229       
 24.790	 88.652	  4.821       
 25.282	 86.098	  2.040       
 22.013	 87.266	  0.497       
 22.442	 91.043	  0.542       
 23.329	 90.866	 -3.141       
 19.824	 89.771	 -4.099       
 17.931	 92.210	 -1.927       
 16.847	 92.753	  1.663       
 16.662	 89.971	  4.269       
 14.282	 89.189	  7.137       
 15.924	 90.014	 10.500       
 14.527	 87.368	 12.874       
 17.100	 88.543	 15.406       
 14.975	 91.670	 15.661       
 11.785	 90.048	 16.929       
 13.577	 87.531	 19.134       
 15.575	 90.276	 20.855       
 12.739	 92.808	 21.190       
 10.349	 90.192	 22.551       
 12.844	 89.238	 25.258       
 13.409	 92.825	 26.368       
  9.730	 93.814	 26.405       
  8.834	 90.666	 28.335       
 11.711	 91.792	 30.538       
 13.198	 88.293	 30.563       
 16.728	 87.249	 31.578       
 17.488	 90.613	 33.167       
 16.804	 92.695	 30.061       
 15.398	 96.212	 30.280       
 14.035	 98.770	 27.833       
 16.625	101.400	 28.724       
 19.126	 99.071	 27.035       
 17.473	 99.753	 23.679       
 19.307	103.061	 23.429       
 21.614	101.722	 20.676       
 18.943	 99.488	 19.120       
 19.830	 98.418	 15.575       
 23.161	 97.489	 13.981       
 24.620	 98.175	 17.414       
 22.878	 95.142	 18.869       
 24.364	 92.834	 16.265       
 21.783	 93.180	 13.496       
 22.354	 93.577	  9.746       
 22.387	 96.986	  7.946       
 19.175	 99.000	  8.220       
 18.927	 99.427	  4.452       
 19.101	 95.646	  4.147       
 16.674	 94.656	  6.874       
 12.999	 93.764	  6.977       
 11.752	 93.755	 10.560       
  8.708	 92.471	 12.418       
  7.797	 91.552	 15.986       
  6.419	 88.177	 14.926       
  5.602	 86.380	 11.687       
  3.153	 83.624	 10.730       
  5.653	 80.935	 11.730       
  7.112	 82.037	 15.078       
  3.877	 83.522	 16.446       
  3.035	 79.878	 17.079       
  5.645	 79.299	 19.775       
  8.534	 77.284	 18.349       
  9.938	 79.109	 15.357       
 12.853	 81.540	 15.143       
 12.796	 83.202	 18.558       
 11.018	 80.647	 20.695       
  8.632	 81.674	 23.450       
 10.181	 85.134	 23.666       
  8.248	 86.127	 20.539       
  5.327	 88.416	 21.294       
  1.959	 87.881	 19.607       
 -1.586	 89.187	 19.715       
 -1.957	 86.685	 22.580       
  0.119	 88.967	 24.831       
 -1.797	 91.985	 23.556       
 -0.696	 94.705	 25.992       
  3.035	 93.885	 25.681       
  2.528	 93.112	 22.002       
  1.263	 96.606	 21.209       
  4.172	 98.138	 23.112       
  6.829	 96.089	 21.295       
  5.184	 96.864	 17.972       
  4.922	100.450	 19.139       
  8.660	100.706	 19.637       
  9.258	 99.144	 16.209       
  7.114	101.538	 14.186       
  8.768	104.361	 16.138       
 12.350	103.246	 15.620       
 14.118	104.090	 12.304       
 15.847	100.701	 11.883       
 14.842	 98.632	  8.839       
 11.607	 98.229	  6.911       
  8.662	 97.278	  9.095       
  6.161	 94.479	  8.486       
  3.005	 94.304	 10.610       
  1.401	 90.938	 11.333       
 -2.358	 90.474	 10.962       
 -3.695	 87.040	 11.875       
 -6.492	 84.708	 12.933       
 -7.455	 83.363	 16.337       
 -7.142	 79.618	 17.067       
 -7.424	 77.222	 20.035       
 -3.933	 77.095	 21.530       
 -3.083	 74.011	 23.543       
  0.420	 73.762	 24.951       
  1.676	 70.284	 25.839       
  5.252	 69.968	 27.049       
  5.463	 73.648	 26.131       
  4.584	 72.973	 22.480       
  1.238	 74.039	 20.960       
 -0.351	 70.949	 19.402       
 -3.105	 72.941	 17.721       
 -0.523	 75.116	 15.991       
 -1.540	 73.605	 12.632       
 -5.146	 74.865	 12.692       
 -5.925	 76.643	  9.439       
 -7.735	 79.966	  8.834       
-11.338	 80.425	 10.102       
-13.553	 78.437	  7.770       
-16.655	 76.395	  7.069       
-16.034	 72.863	  5.778       
-12.742	 74.218	  4.491       
-14.091	 77.311	  2.767       
-12.284	 80.303	  4.258       
-14.760	 82.611	  6.026       
-14.950	 86.242	  4.902       
-13.487	 89.055	  6.976       
-16.324	 90.936	  8.672       
-15.969	 94.453	 10.082       
-17.462	 95.262	 13.484       
-18.842	 98.593	 14.741       
-15.733	 99.280	 16.807       
-13.906	 98.589	 13.512       
-12.347	 95.312	 14.758       
-13.010	 92.165	 12.674       
-15.279	 89.159	 13.080       
-15.116	 85.468	 12.133       
-12.073	 84.888	 14.336       
 -9.865	 87.281	 12.351       
 -7.823	 89.291	 14.885       
 -6.942	 92.206	 12.599       
 -4.083	 93.662	 14.644       
 -3.632	 96.178	 11.831       
 -6.970	 97.608	 12.968       
 -5.923	 98.024	 16.592       
 -5.903	101.784	 17.277       
 -2.496	101.574	 18.900       
 -1.250	 99.811	 15.753       
 -3.147	101.756	 13.101       
 -1.941	105.093	 14.444       
  1.674	104.052	 14.879       
  1.939	102.987	 11.237       
  0.630	106.480	 10.430       
  3.199	107.811	 12.895       
  5.909	106.038	 10.905       
  4.721	107.758	  7.716       
  4.689	111.140	  9.481       
  8.210	110.940	 10.928       
  9.567	109.418	  7.706       
 13.142	110.578	  7.200       
 13.522	112.289	 10.582       
 16.547	111.181	 12.622       
 16.439	109.304	 15.919       
 16.750	111.917	 18.687       
 16.261	112.998	 22.290       
 16.659	109.627	 23.899       
 15.782	109.427	 27.563       
 15.451	106.583	 30.038       
 15.302	106.195	 33.815       
 17.794	103.339	 33.941       
 15.057	100.729	 34.058       
 12.087	100.221	 31.743       
 10.967	103.792	 31.162       
 12.199	105.115	 27.862       
 11.487	107.865	 25.349       
 12.839	109.281	 22.073       
 11.794	111.198	 18.989       
 12.303	111.464	 15.254       
 13.431	114.896	 14.196       
 10.904	117.575	 15.044       
  7.891	115.526	 13.934       
  7.462	112.761	 16.479       
  8.010	111.655	 20.052       
  7.188	108.412	 21.821       
  7.500	107.471	 25.494       
  7.073	104.110	 27.267       
  6.753	102.828	 30.825       
  7.344	 99.116	 31.320       
  8.325	 99.404	 34.966       
  6.153	 98.294	 37.873       
  5.804	101.883	 39.053       
  4.300	105.172	 37.819       
  6.059	107.226	 35.112       
  6.181	110.989	 35.363       
  8.936	113.185	 34.028       
  9.244	116.408	 32.092       
 11.020	115.557	 28.851       
 12.411	117.360	 25.831       
 10.345	116.211	 22.853       
 12.200	118.135	 20.184       
  8.787	119.063	 18.809       
  7.199	122.480	 18.211       
  5.282	123.954	 21.130       
  1.568	123.280	 21.247       
 -1.023	120.801	 22.448       
 -0.913	117.289	 21.005       
 -3.300	114.350	 20.900       
 -1.892	110.973	 22.013       
 -2.657	108.545	 19.173       
 -2.187	105.487	 21.384       
 -5.042	106.253	 23.790       
 -7.147	108.002	 21.198       
 -7.269	110.173	 18.119       
 -7.623	113.803	 17.180       
-11.208	114.375	 16.136       
-12.248	117.841	 15.060       
-10.397	120.169	 17.410       
-10.089	117.773	 20.337       
 -8.361	114.636	 21.545       
-10.633	111.647	 22.144       
 -7.876	110.502	 24.468       
 -4.940	111.846	 26.445       
 -3.623	115.341	 25.614       
  0.022	116.411	 25.942       
  1.386	119.931	 26.162       
  4.815	120.762	 24.796       
  5.806	124.298	 25.780       
  7.816	126.389	 23.313       
 11.118	124.936	 24.554       
 10.097	121.411	 23.607       
  9.671	120.063	 27.140       
  6.467	118.255	 28.075       
  5.235	116.686	 31.285       
  4.298	113.008	 30.800       
  2.250	110.759	 33.083       
  1.954	107.003	 32.634       
  0.714	104.667	 35.344       
  2.260	101.202	 35.174       
 -1.304	 99.897	 35.384       
 -2.385	101.715	 32.216       
 -4.239	 99.914	 29.403       
 -1.355	100.867	 27.125       
  1.683	102.039	 29.119       
  3.023	104.272	 26.345       
  2.222	107.569	 24.644       
  2.940	108.869	 21.142       
  2.492	112.253	 19.480       
  3.513	113.668	 16.109       
  3.065	116.533	 13.655       
 -0.372	115.501	 12.438       
 -2.022	114.935	 15.804       
 -1.210	118.464	 16.988       
 -4.158	120.677	 17.899       
BRIEF 1KXT E 496              
 30.591	 41.581	 16.525       
 28.861	 39.635	 19.325       
 29.482	 36.090	 18.076       
 32.683	 34.603	 19.530       
 33.384	 32.836	 16.199       
 34.907	 29.901	 18.057       
 34.471	 26.472	 16.539       
 30.849	 25.492	 17.260       
 30.593	 23.574	 20.505       
 33.537	 25.480	 22.013       
 32.292	 27.893	 24.695       
 35.294	 29.399	 26.512       
 38.534	 31.295	 25.986       
 41.673	 31.430	 28.126       
 44.004	 34.291	 28.771       
 47.495	 32.893	 28.261       
 48.890	 35.994	 29.981       
 52.373	 36.903	 28.706       
 52.870	 33.561	 26.976       
 55.317	 33.397	 24.031       
 54.031	 32.659	 20.528       
 55.903	 29.341	 20.217       
 54.542	 28.021	 23.535       
 50.966	 28.970	 22.687       
 51.419	 27.313	 19.313       
 52.386	 24.084	 21.036       
 49.739	 24.412	 23.725       
 46.978	 24.702	 21.107       
 48.048	 21.421	 19.518       
 48.889	 19.448	 22.668       
 46.044	 20.591	 24.959       
 43.653	 23.434	 24.057       
 42.315	 21.717	 20.946       
 41.836	 18.215	 22.438       
 40.293	 19.758	 25.547       
 37.827	 21.821	 23.535       
 39.015	 25.283	 24.545       
 37.357	 27.778	 22.204       
 40.213	 30.239	 21.886       
 43.077	 32.189	 23.464       
 43.474	 35.819	 24.523       
 47.040	 36.842	 23.725       
 48.915	 39.700	 25.316       
 49.513	 42.723	 23.025       
 51.528	 41.575	 19.975       
 52.535	 45.066	 18.848       
 55.884	 46.621	 19.754       
 56.035	 48.292	 23.170       
 58.460	 50.469	 25.110       
 61.102	 48.776	 27.248       
 60.728	 49.693	 30.908       
 63.852	 49.269	 33.041       
 62.532	 50.893	 36.214       
 61.416	 48.419	 37.447       
 63.106	 45.747	 35.351       
 60.726	 44.660	 32.590       
 57.402	 44.811	 34.399       
 54.302	 43.175	 32.908       
 52.578	 46.488	 32.175       
 55.246	 47.780	 29.777       
 53.250	 45.817	 27.179       
 50.460	 48.409	 27.404       
 52.772	 51.171	 26.215       
 52.956	 50.833	 22.391       
 55.664	 52.406	 20.261       
 54.470	 50.996	 16.912       
 52.223	 48.375	 15.279       
 54.990	 45.974	 14.326       
 54.169	 42.448	 15.559       
 57.442	 42.137	 17.460       
 57.658	 41.667	 21.251       
 59.041	 39.473	 24.012       
 56.345	 36.962	 23.041       
 57.948	 36.690	 19.600       
 58.308	 38.065	 16.065       
 55.733	 38.370	 13.309       
 56.442	 35.009	 11.677       
 56.146	 33.242	 15.045       
 52.837	 35.052	 15.669       
 51.755	 33.891	 12.204       
 52.822	 30.300	 12.808       
 50.924	 30.329	 16.116       
 47.713	 31.631	 14.520       
 47.881	 29.241	 11.584       
 48.583	 26.261	 13.830       
 45.989	 27.128	 16.461       
 43.254	 27.713	 13.890       
 44.175	 24.378	 12.309       
 43.104	 22.479	 15.467       
 40.108	 24.700	 16.138       
 41.560	 27.092	 18.716       
 41.054	 30.823	 18.225       
 43.459	 33.714	 18.710       
 41.969	 36.915	 20.128       
 44.297	 39.897	 20.354       
 44.567	 42.355	 23.214       
 44.184	 45.561	 21.185       
 45.892	 48.536	 22.786       
 44.629	 51.356	 20.576       
 43.871	 54.179	 23.015       
 47.411	 55.379	 23.496       
 51.110	 54.957	 22.941       
 53.759	 54.788	 25.671       
 54.118	 57.101	 28.660       
 54.560	 60.783	 27.918       
 57.516	 60.691	 30.276       
 59.462	 57.889	 28.579       
 63.024	 58.686	 27.461       
 63.620	 58.998	 23.724       
 65.657	 56.386	 21.871       
 65.477	 52.864	 20.485       
 64.707	 51.244	 23.827       
 61.828	 49.218	 22.409       
 61.000	 45.530	 21.910       
 61.851	 45.823	 18.189       
 64.459	 48.590	 18.032       
 62.020	 51.151	 16.606       
 62.924	 54.728	 17.478       
 60.506	 57.017	 19.267       
 60.612	 60.367	 21.020       
 57.779	 60.369	 23.595       
 58.368	 63.900	 24.828       
 57.940	 65.181	 21.296       
 55.214	 62.656	 20.372       
 57.404	 61.180	 17.626       
 56.683	 57.561	 16.625       
 58.204	 57.164	 13.113       
 57.460	 53.427	 13.003       
 53.720	 54.076	 12.675       
 54.238	 56.936	 12.002       
 52.503	 59.288	 14.430       
 53.419	 62.884	 15.248       
 52.304	 65.439	 17.840       
 49.186	 66.391	 15.888       
 48.037	 62.780	 16.245       
 47.581	 63.194	 19.992       
 44.962	 64.820	 22.249       
 47.187	 67.264	 24.146       
 45.080	 70.234	 23.036       
 41.803	 68.369	 23.402       
 42.281	 67.657	 27.112       
 41.023	 70.500	 29.303       
 42.257	 69.536	 32.786       
 45.031	 71.542	 34.422       
 47.130	 68.400	 34.800       
 46.396	 67.023	 31.363       
 45.553	 63.783	 33.073       
 42.274	 62.353	 34.317       
 41.316	 64.045	 37.570       
 37.637	 63.081	 37.779       
 35.809	 60.037	 36.417       
 32.505	 61.886	 36.806       
 33.576	 63.868	 33.754       
 33.290	 61.780	 30.553       
 35.269	 64.332	 28.549       
 38.534	 64.169	 30.473       
 38.322	 60.427	 31.016       
 38.374	 59.984	 27.230       
 40.353	 63.047	 26.147       
 43.088	 63.218	 28.785       
 46.093	 61.038	 29.623       
 45.587	 57.776	 31.495       
 48.433	 57.351	 33.997       
 50.654	 59.526	 31.808       
 49.987	 57.528	 28.626       
 50.122	 59.673	 25.495       
 46.419	 59.774	 24.562       
 45.720	 59.149	 20.869       
 43.468	 61.468	 18.849       
 40.876	 58.903	 17.816       
 38.491	 61.415	 16.257       
 40.957	 61.572	 13.348       
 40.378	 59.386	 10.313       
 44.161	 59.195	 10.005       
 44.526	 57.697	 13.472       
 41.389	 55.646	 12.945       
 42.618	 54.197	  9.618       
 46.110	 53.545	 10.927       
 44.693	 51.620	 13.882       
 42.385	 49.786	 11.475       
 45.395	 48.907	  9.317       
 46.923	 47.197	 12.340       
 43.770	 45.266	 13.146       
 43.135	 44.196	  9.579       
 46.686	 42.844	  9.336       
 45.989	 40.582	 12.317       
 42.620	 39.642	 10.847       
 44.237	 38.737	  7.534       
 46.701	 36.584	  9.482       
 43.859	 34.575	 11.022       
 42.956	 36.383	 14.239       
 39.315	 35.807	 15.268       
 38.621	 38.925	 17.320       
 39.866	 41.435	 19.851       
 39.667	 42.759	 23.381       
 39.673	 46.534	 23.118       
 41.981	 47.624	 25.897       
 40.911	 50.657	 27.933       
 37.640	 51.187	 26.084       
 36.292	 53.441	 28.819       
 38.991	 55.926	 27.903       
 37.767	 56.137	 24.303       
 34.474	 57.359	 22.860       
 31.999	 54.652	 21.833       
 31.705	 56.561	 18.571       
 35.396	 56.547	 17.679       
 35.609	 52.857	 18.539       
 32.769	 52.305	 16.092       
 34.602	 54.244	 13.370       
 37.577	 51.897	 13.586       
 35.506	 48.746	 13.911       
 33.644	 49.679	 10.742       
 36.927	 49.616	  8.821       
 37.520	 45.957	  9.678       
 37.614	 43.179	  7.083       
 35.654	 39.962	  7.455       
 37.470	 36.987	  8.970       
 39.947	 34.862	  7.012       
 38.036	 32.363	  4.853       
 40.640	 29.630	  5.234       
 39.110	 29.066	  8.680       
 35.905	 31.100	  8.901       
 32.782	 31.309	  6.711       
 31.897	 33.995	  4.135       
 30.865	 37.168	  5.960       
 32.316	 36.641	  9.412       
 32.492	 39.674	 11.685       
 35.403	 39.714	 14.148       
 34.577	 38.962	 17.784       
 34.737	 42.178	 19.757       
 34.833	 42.564	 23.517       
 35.574	 45.985	 24.932       
 37.298	 46.252	 28.306       
 35.201	 48.630	 30.395       
 35.437	 48.769	 34.184       
 32.002	 49.817	 35.378       
 31.044	 48.780	 38.892       
 28.515	 51.567	 39.206       
 28.744	 55.049	 40.660       
 30.308	 56.645	 37.595       
 29.450	 58.759	 34.564       
 30.488	 56.158	 31.995       
 28.211	 53.126	 31.657       
 29.338	 49.962	 29.893       
 25.910	 50.072	 28.264       
 27.283	 52.952	 26.211       
 29.471	 50.446	 24.348       
 26.867	 47.823	 23.439       
 26.557	 48.863	 19.800       
 30.173	 47.921	 19.081       
 30.284	 44.440	 20.590       
 30.343	 42.606	 23.906       
 31.694	 44.185	 27.054       
 33.612	 42.815	 30.024       
 31.277	 42.568	 33.040       
 33.456	 43.355	 36.059       
 30.412	 43.293	 38.343       
 30.386	 39.524	 37.782       
 33.665	 38.538	 39.423       
 33.168	 41.162	 42.117       
 29.818	 39.922	 43.397       
 30.610	 36.243	 42.846       
 33.776	 36.667	 44.889       
 31.803	 38.196	 47.747       
 29.349	 35.287	 47.756       
 31.811	 32.328	 47.716       
 33.824	 34.010	 50.492       
 30.497	 34.611	 52.204       
 31.314	 38.192	 53.177       
 28.751	 40.716	 54.367       
 26.063	 38.071	 54.823       
 26.124	 36.707	 51.282       
 24.947	 33.107	 50.922       
 25.371	 30.948	 47.839       
 21.670	 29.987	 47.950       
 21.010	 33.588	 46.866       
 22.549	 32.771	 43.473       
 19.305	 31.134	 42.350       
 18.534	 34.141	 40.126       
 22.168	 34.831	 39.200       
 22.675	 36.872	 36.031       
 20.790	 39.943	 34.843       
 18.634	 39.625	 37.941       
 21.626	 40.966	 39.866       
 21.811	 44.122	 37.760       
 24.229	 42.576	 35.267       
 24.275	 43.571	 31.599       
 22.434	 41.452	 29.004       
 23.795	 37.924	 28.738       
 24.498	 38.411	 25.034       
 26.748	 41.457	 25.580       
 28.753	 40.035	 28.446       
 32.246	 38.540	 28.657       
 32.661	 37.043	 32.126       
 35.505	 35.830	 34.367       
 36.400	 35.428	 38.072       
 39.613	 37.434	 37.937       
 41.723	 38.987	 35.210       
 45.429	 39.695	 34.765       
 44.740	 43.089	 36.248       
 42.532	 42.685	 39.315       
 44.195	 39.443	 40.398       
 46.842	 41.919	 41.607       
 44.913	 43.597	 44.401       
 43.494	 47.071	 43.785       
 41.768	 45.982	 40.580       
 38.095	 46.019	 39.597       
 36.297	 44.318	 42.467       
 38.875	 44.840	 45.186       
 39.789	 42.173	 47.715       
 36.633	 40.157	 47.069       
 38.016	 38.931	 43.744       
 39.173	 35.316	 43.847       
 42.395	 34.110	 42.227       
 44.738	 31.127	 42.002       
 46.122	 32.375	 45.333       
 42.829	 31.094	 46.812       
 42.726	 27.844	 44.852       
 40.057	 25.978	 46.805       
 37.564	 28.853	 46.666       
 38.789	 29.958	 43.213       
 37.916	 26.556	 41.771       
 34.411	 26.699	 43.237       
 33.715	 30.170	 41.788       
 35.202	 29.270	 38.382       
 33.229	 26.040	 38.306       
 30.038	 27.892	 39.123       
 30.677	 30.405	 36.319       
 31.445	 27.642	 33.827       
 28.329	 25.712	 34.709       
 26.043	 28.745	 34.676       
 24.573	 29.869	 31.334       
 25.182	 33.612	 31.897       
 27.555	 35.234	 29.401       
 30.614	 34.052	 27.485       
 33.297	 32.718	 29.846       
 36.983	 33.631	 29.872       
 39.425	 31.696	 32.066       
 42.620	 33.095	 33.550       
 45.999	 31.353	 33.140       
 48.856	 33.133	 34.864       
 52.285	 33.044	 36.515       
 53.389	 33.174	 40.133       
 55.437	 35.988	 41.645       
 56.941	 36.924	 45.001       
 54.101	 38.966	 46.468       
 55.415	 41.442	 49.013       
 52.701	 43.340	 50.873       
 53.775	 46.612	 52.435       
 51.143	 48.864	 54.005       
 48.621	 46.374	 52.661       
 49.888	 46.747	 49.085       
 51.914	 44.270	 47.016       
 55.012	 46.219	 45.952       
 55.974	 43.290	 43.692       
 52.702	 43.200	 41.753       
 54.723	 44.661	 38.869       
 56.917	 41.606	 38.371       
 56.788	 40.340	 34.801       
 56.527	 36.707	 33.496       
 59.020	 33.930	 34.376       
 62.177	 35.086	 32.601       
 65.948	 34.779	 32.323       
 67.525	 38.229	 32.285       
 64.417	 39.527	 30.559       
 63.754	 36.726	 28.069       
 60.509	 34.896	 28.842       
 60.944	 31.349	 30.077       
 59.355	 28.444	 28.193       
 56.262	 26.767	 29.563       
 57.434	 23.305	 30.590       
 54.881	 20.515	 30.917       
 55.095	 17.961	 33.727       
 54.088	 14.301	 33.509       
 51.095	 14.982	 35.757       
 50.125	 17.710	 33.244       
 50.916	 20.680	 35.522       
 53.390	 23.356	 34.408       
 56.869	 24.327	 35.503       
 58.894	 27.551	 35.489       
 56.433	 29.281	 37.811       
 53.644	 29.210	 35.230       
 50.526	 28.304	 37.221       
 48.429	 27.060	 34.322       
 45.020	 27.207	 35.992       
 43.602	 26.254	 32.619       
 45.224	 22.874	 33.140       
 43.769	 22.286	 36.649       
 41.420	 19.275	 36.400       
 38.578	 21.124	 38.171       
 38.807	 24.002	 35.697       
 39.760	 21.839	 32.754       
 36.735	 19.578	 33.055       
 34.272	 22.406	 33.549       
 35.237	 24.127	 30.303       
 34.414	 20.759	 28.697       
 31.252	 20.791	 30.798       
 30.281	 24.132	 29.300       
 30.782	 22.675	 25.830       
 28.679	 19.628	 26.724       
 25.694	 21.599	 28.077       
 25.796	 24.327	 25.441       
 22.255	 25.360	 24.666       
 20.678	 23.415	 27.544       
 18.489	 25.615	 29.782       
 19.268	 26.240	 33.437       
 17.143	 23.876	 35.534       
 16.567	 21.717	 38.556       
 17.768	 24.343	 41.016       
 18.122	 23.304	 44.667       
 19.596	 24.762	 47.844       
 19.538	 23.936	 51.549       
 18.498	 27.489	 52.285       
 22.094	 28.155	 53.293       
 25.263	 27.609	 51.201       
 24.602	 24.209	 49.605       
 23.311	 24.594	 46.068       
 22.843	 22.621	 42.855       
 21.461	 23.103	 39.363       
 21.577	 21.601	 35.919       
 21.755	 22.369	 32.226       
 18.839	 20.633	 30.567       
 19.450	 16.909	 30.470       
 23.111	 17.181	 29.618       
 24.756	 18.263	 32.860       
 24.336	 18.610	 36.620       
 26.446	 20.328	 39.277       
 26.370	 20.308	 43.110       
 28.142	 22.653	 45.578       
 28.751	 22.476	 49.355       
 29.967	 25.814	 50.687       
 28.581	 25.451	 54.232       
 30.537	 24.450	 57.313       
 28.806	 21.091	 57.523       
 28.371	 17.807	 55.704       
 26.208	 17.868	 52.570       
 24.100	 14.784	 51.836       
 20.941	 14.686	 49.725       
 19.099	 12.852	 46.959       
 18.872	 15.280	 44.029       
 16.943	 15.388	 40.745       
 19.820	 15.717	 38.267       
 17.762	 15.877	 35.061       
 20.108	 13.269	 33.567       
 19.473	  9.791	 32.059       
 20.164	  6.930	 34.452       
 23.568	  5.312	 34.712       
 27.024	  5.712	 36.190       
 28.755	  9.047	 35.748       
 32.285	 10.125	 36.550       
 32.565	 13.162	 38.820       
 34.756	 15.415	 36.659       
 35.887	 17.532	 39.599       
 37.625	 14.701	 41.425       
 38.810	 12.752	 38.374       
 38.399	 11.766	 34.744       
 36.866	  9.127	 32.546       
 39.792	  7.164	 31.140       
 38.997	  4.282	 28.835       
 36.010	  2.709	 30.581       
 36.670	  3.843	 34.150       
 36.577	  6.869	 36.444       
 39.656	  7.896	 38.382       
 37.607	  9.587	 41.083       
 34.144	  9.729	 42.630       
 31.337	  7.969	 40.778       
 27.749	  9.226	 40.694       
 24.885	  6.767	 40.240       
 21.808	  8.440	 38.782       
 18.882	  6.059	 38.645       
 16.189	  5.797	 36.004       
 14.131	  8.584	 37.589       
 16.998	 11.070	 37.251       
 17.611	 11.356	 40.981       
 21.002	 10.579	 42.517       
 22.608	 10.760	 45.956       
 25.323	 13.279	 46.771       
 27.552	 13.367	 49.853       
 30.087	 16.162	 50.131       
 32.067	 16.747	 53.304       
 32.550	 20.450	 54.009       
 36.182	 19.439	 54.442       
 36.736	 17.809	 51.049       
 39.553	 19.143	 48.823       
 37.003	 20.354	 46.292       
 33.579	 20.713	 47.976       
 31.628	 20.252	 44.740       
 30.768	 17.549	 42.233       
 29.956	 17.774	 38.547       
 28.714	 15.272	 35.988       
 27.610	 15.535	 32.372       
 26.673	 13.562	 29.251       
 30.263	 12.796	 28.253       
 31.455	 11.710	 31.694       
 28.896	  8.910	 31.818       
 30.278	  5.358	 31.741       
BRIEF 1KXT B 123              
 17.321	-26.120	 -5.126       
 18.454	-23.255	 -7.343       
 21.968	-23.286	 -8.799       
 23.481	-20.449	-10.828       
 26.363	-21.606	-13.016       
 28.454	-18.885	-14.633       
 30.583	-19.439	-17.732       
 32.935	-17.440	-19.902       
 35.680	-15.529	-18.156       
 39.422	-15.879	-18.482       
 42.304	-13.617	-19.441       
 42.395	-11.193	-22.352       
 44.473	 -8.242	-23.538       
 43.333	 -4.637	-23.008       
 40.704	 -3.670	-25.568       
 39.701	 -7.303	-25.948       
 36.274	 -8.824	-25.387       
 34.692	-11.475	-23.172       
 31.151	-12.783	-22.853       
 30.004	-14.248	-19.571       
 27.099	-16.668	-19.364       
 24.917	-17.713	-16.476       
 22.655	-20.743	-16.478       
 19.973	-21.354	-13.862       
 18.175	-24.488	-12.763       
 14.787	-20.683	-10.823       
 13.125	-19.089	-13.854       
 13.743	-15.572	-15.212       
 11.002	-13.043	-14.377       
 12.812	-10.940	-11.764       
 16.000	 -8.870	-11.959       
 19.302	-10.636	-12.609       
 22.601	 -8.794	-12.324       
 26.364	 -9.142	-12.399       
 28.611	 -8.076	 -9.561       
 32.388	 -7.921	 -9.483       
 34.812	 -8.138	 -6.618       
 38.348	 -6.920	 -7.139       
 41.058	 -8.036	 -4.687       
 41.032	 -5.922	 -1.542       
 38.135	 -3.899	 -2.926       
 34.478	 -3.544	 -2.047       
 31.923	 -5.558	 -4.007       
 30.467	 -3.590	 -6.950       
 27.304	 -3.986	 -9.019       
 28.367	 -4.073	-12.690       
 25.025	 -4.252	-14.536       
 21.443	 -5.298	-13.848       
 18.566	 -6.363	-16.083       
 14.996	 -5.994	-14.896       
 12.012	 -8.128	-15.856       
 10.857	 -5.501	-18.361       
 14.307	 -5.552	-19.925       
 15.518	 -2.194	-18.665       
 19.026	 -2.195	-17.201       
 21.422	 -0.439	-14.819       
 25.112	  0.054	-15.727       
 28.108	  1.093	-13.628       
 29.186	  4.460	-15.052       
 32.616	  2.990	-15.754       
 31.182	  0.209	-17.934       
 28.259	  2.029	-19.509       
 28.736	  1.858	-23.279       
 31.267	 -0.986	-22.966       
 29.253	 -3.860	-21.466       
 25.847	 -5.134	-22.537       
 23.672	 -7.247	-20.285       
 20.913	 -9.394	-21.798       
 18.654	-12.372	-21.093       
 17.328	-15.111	-23.372       
 14.233	-16.456	-21.576       
 14.165	-19.163	-24.221       
 16.970	-20.906	-22.352       
 17.081	-19.284	-18.921       
 20.455	-17.734	-19.618       
 21.671	-14.255	-18.821       
 24.538	-12.657	-20.671       
 27.145	 -9.985	-20.080       
 29.131	 -8.882	-23.122       
 32.299	 -7.071	-22.170       
 33.917	 -5.034	-24.957       
 36.897	 -2.667	-24.745       
 38.011	 -4.446	-21.607       
 40.391	 -2.523	-19.371       
 42.873	 -3.754	-16.775       
 40.645	 -1.988	-14.234       
 37.939	 -4.513	-15.112       
 40.079	 -7.248	-13.579       
 38.174	 -9.024	-10.807       
 35.946	-11.978	-10.023       
 32.517	-11.610	-11.506       
 29.569	-13.264	 -9.801       
 26.251	-14.036	-11.447       
 23.404	-12.939	 -9.154       
 19.643	-13.438	 -9.303       
 16.362	-14.112	 -7.562       
 13.447	-12.282	 -5.948       
 14.030	-10.358	 -2.757       
 17.534	 -9.839	 -1.423       
 20.459	-11.852	 -0.123       
 24.200	-11.503	  0.586       
 27.582	-12.895	 -0.519       
 30.244	-13.208	  2.148       
 33.663	-13.217	  0.512       
 37.046	-12.233	  1.929       
 35.391	-10.923	  5.077       
 33.233	 -8.525	  3.044       
 29.515	 -9.051	  2.402       
 27.656	 -8.100	 -0.790       
 23.963	 -7.242	 -0.448       
 22.134	 -8.245	 -3.614       
 19.658	-10.746	 -5.314       
 19.435	-13.827	 -2.945       
 21.254	-16.290	 -5.212       
 24.879	-16.066	 -6.397       
 27.121	-18.033	 -8.713       
 30.544	-19.472	 -7.879       
 32.245	-16.494	 -9.510       
 34.377	-16.470	-12.645       
 37.816	-14.891	-12.863       
 38.349	-12.115	-15.417       
 41.814	-10.717	-16.101       
 42.909	 -7.821	-18.322       
BRIEF 1KXT D 123              
 34.013	 75.216	 17.021       
 33.538	 78.106	 19.465       
 34.326	 77.884	 23.180       
 34.127	 80.368	 26.064       
 36.119	 79.960	 29.279       
 35.356	 82.154	 32.286       
 38.138	 82.394	 34.886       
 38.473	 84.178	 38.225       
 35.723	 84.368	 40.795       
 35.362	 82.581	 44.107       
 34.480	 83.387	 47.710       
 35.081	 86.826	 49.191       
 33.790	 89.001	 52.000       
 31.329	 91.901	 51.687       
 32.847	 94.977	 50.098       
 35.562	 92.814	 48.587       
 36.671	 92.805	 44.952       
 37.123	 90.119	 42.299       
 37.812	 90.025	 38.575       
 36.106	 87.559	 36.260       
 37.852	 86.838	 32.966       
 36.604	 85.090	 29.838       
 38.978	 83.690	 27.207       
 37.772	 82.367	 23.851       
 38.645	 80.362	 20.748       
 35.615	 83.410	 18.066       
 36.255	 87.151	 18.163       
 35.317	 90.360	 19.991       
 33.042	 92.076	 17.435       
 29.563	 91.363	 18.732       
 27.978	 92.314	 22.004       
 29.578	 90.145	 24.693       
 28.024	 89.843	 28.128       
 27.942	 88.494	 31.657       
 24.908	 86.916	 33.324       
 24.439	 85.521	 36.819       
 22.258	 82.741	 38.169       
 21.377	 82.583	 41.859       
 19.958	 79.423	 43.513       
 16.234	 79.103	 42.935       
 16.519	 82.484	 41.186       
 15.863	 83.429	 37.565       
 18.675	 84.354	 35.159       
 19.820	 87.998	 35.087       
 21.960	 90.117	 32.747       
 24.858	 91.642	 34.698       
 26.591	 93.905	 32.189       
 27.122	 94.081	 28.458       
 29.752	 95.674	 26.248       
 28.682	 96.402	 22.679       
 31.033	 96.360	 19.716       
 31.179	100.165	 19.803       
 32.569	100.157	 23.323       
 29.364	101.232	 25.069       
 27.816	 99.028	 27.762       
 24.797	 98.110	 29.887       
 24.702	 97.515	 33.644       
 21.922	 96.134	 35.845       
 20.702	 98.869	 38.186       
 22.060	 96.938	 41.190       
 25.628	 96.527	 39.870       
 25.716	100.117	 38.648       
 28.782	102.001	 39.856       
 30.049	 98.745	 41.377       
 30.899	 96.517	 38.432       
 32.925	 97.570	 35.406       
 32.790	 95.525	 32.195       
 35.623	 95.704	 29.624       
 37.455	 94.124	 26.692       
 40.968	 93.740	 25.291       
 40.825	 93.299	 21.504       
 44.508	 92.446	 21.903       
 44.005	 89.110	 23.618       
 40.373	 88.338	 22.786       
 39.446	 88.539	 26.445       
 36.507	 90.023	 28.324       
 36.467	 91.110	 31.962       
 34.088	 92.038	 34.756       
 35.546	 93.877	 37.752       
 33.415	 93.336	 40.848       
 34.011	 95.990	 43.491       
 32.051	 96.523	 46.710       
 30.673	 93.009	 46.413       
 27.490	 92.258	 48.333       
 25.998	 88.988	 49.589       
 23.231	 89.639	 47.053       
 25.771	 89.205	 44.248       
 26.210	 85.512	 45.187       
 25.508	 83.387	 42.085       
 27.097	 81.512	 39.198       
 28.492	 83.940	 36.659       
 28.214	 82.765	 33.095       
 30.217	 84.375	 30.319       
 28.230	 84.787	 27.124       
 28.766	 86.251	 23.670       
 28.274	 85.828	 19.957       
 25.956	 87.291	 17.337       
 22.236	 86.690	 17.262       
 20.472	 84.975	 20.131       
 20.544	 81.774	 22.159       
 19.437	 80.138	 25.391       
 21.078	 78.860	 28.565       
 19.215	 76.090	 30.324       
 20.360	 75.912	 33.932       
 18.244	 74.039	 36.472       
 14.865	 73.875	 34.733       
 15.021	 77.517	 33.622       
 16.222	 79.082	 30.377       
 18.263	 82.224	 29.900       
 17.677	 84.133	 26.686       
 20.925	 85.659	 25.480       
 24.096	 85.822	 23.202       
 24.350	 82.390	 21.441       
 27.556	 81.047	 23.000       
 27.896	 80.510	 26.780       
 30.708	 79.594	 29.145       
 30.491	 76.903	 31.820       
 29.779	 79.549	 34.435       
 32.038	 80.369	 37.357       
 30.962	 80.648	 41.004       
 31.012	 83.747	 43.196       
 30.178	 83.986	 46.895       
 29.922	 86.901	 49.333       
BRIEF 1KXT F 123              
 22.737	 63.222	 42.703       
 21.324	 60.067	 44.311       
 20.427	 59.993	 48.000       
 18.799	 57.235	 50.048       
 16.981	 58.346	 53.184       
 16.011	 55.828	 55.837       
 13.131	 56.204	 58.308       
 11.377	 54.375	 61.109       
 13.458	 52.491	 63.620       
 14.190	 53.272	 67.232       
 13.887	 51.238	 70.413       
 11.258	 48.624	 71.246       
 10.792	 45.727	 73.655       
 11.511	 42.149	 72.563       
  8.390	 41.078	 70.709       
  7.626	 44.568	 69.453       
  7.585	 45.691	 65.842       
  9.263	 48.398	 63.788       
  8.962	 49.420	 60.159       
 12.002	 50.842	 58.393       
 11.529	 53.081	 55.382       
 13.803	 54.162	 52.589       
 13.168	 56.997	 50.173       
 15.443	 58.133	 47.363       
 16.083	 60.945	 44.899       
 17.447	 56.853	 41.656       
 14.438	 54.641	 40.953       
 13.328	 51.100	 41.761       
 14.595	 48.899	 38.918       
 17.683	 47.337	 40.461       
 18.073	 45.272	 43.599       
 17.608	 47.140	 46.887       
 18.510	 45.761	 50.296       
 18.899	 46.264	 54.023       
 22.175	 45.619	 55.814       
 22.814	 45.719	 59.544       
 25.963	 46.494	 61.512       
 25.887	 45.604	 65.215       
 28.836	 47.058	 67.235       
 32.078	 45.121	 66.957       
 30.416	 42.862	 64.432       
 30.707	 42.362	 60.711       
 28.181	 43.892	 58.342       
 25.295	 41.582	 57.329       
 22.705	 41.450	 54.542       
 19.336	 41.373	 56.304       
 17.093	 41.219	 53.243       
 17.222	 42.069	 49.558       
 14.575	 42.699	 46.933       
 15.250	 42.286	 43.216       
 13.553	 44.102	 40.359       
 11.215	 41.142	 39.756       
 10.185	 41.286	 43.396       
 11.778	 38.054	 44.553       
 13.744	 38.261	 47.789       
 16.520	 36.932	 50.028       
 16.514	 36.948	 53.840       
 19.127	 36.122	 56.477       
 18.070	 32.759	 57.885       
 17.781	 34.435	 61.328       
 15.104	 36.919	 60.218       
 13.409	 34.643	 57.719       
  9.682	 34.755	 58.378       
  9.997	 37.611	 60.855       
 11.061	 40.384	 58.447       
  9.216	 41.337	 55.268       
 10.848	 43.537	 52.619       
  8.736	 45.338	 50.015       
  8.736	 48.104	 47.411       
  5.994	 50.589	 46.541       
  7.285	 51.759	 43.143       
  4.550	 54.386	 43.140       
  6.064	 55.944	 46.240       
  9.577	 54.926	 45.214       
  9.982	 53.674	 48.755       
 11.408	 50.442	 50.099       
 10.176	 49.010	 53.403       
 11.384	 46.462	 55.915       
  8.718	 45.277	 58.331       
 10.341	 43.654	 61.347       
  8.044	 41.669	 63.652       
  8.863	 39.620	 66.750       
 12.092	 41.551	 67.344       
 14.832	 39.986	 69.459       
 17.663	 41.788	 71.267       
 19.996	 40.140	 68.748       
 18.340	 42.385	 66.155       
 19.951	 45.411	 67.849       
 22.135	 47.368	 65.451       
 22.358	 50.176	 62.967       
 20.501	 49.419	 59.765       
 21.504	 50.702	 56.359       
 19.409	 51.016	 53.243       
 21.357	 49.982	 50.117       
 20.622	 49.935	 46.401       
 21.889	 50.397	 42.902       
 23.233	 48.689	 39.820       
 26.817	 47.636	 40.406       
 28.821	 46.960	 43.554       
 30.228	 49.336	 46.123       
 31.372	 49.367	 49.747       
 30.270	 50.712	 53.133       
 33.121	 51.377	 55.535       
 31.864	 51.412	 59.093       
 33.967	 51.416	 62.247       
 37.024	 50.313	 60.301       
 35.061	 47.541	 58.580       
 34.005	 47.285	 54.939       
 30.652	 46.020	 53.608       
 30.411	 44.784	 50.012       
 27.068	 45.834	 48.530       
 25.060	 48.080	 46.068       
 27.044	 51.328	 45.426       
 24.713	 53.674	 47.388       
 23.938	 53.494	 51.127       
 21.871	 55.523	 53.556       
 23.068	 57.144	 56.782       
 22.011	 54.124	 58.810       
 19.148	 53.949	 61.278       
 19.442	 52.690	 64.855       
 17.272	 49.807	 66.026       
 17.254	 48.792	 69.668       
 15.532	 45.721	 71.082       
