BRIEF 1KXV A 496              
 -8.684	-25.301	-14.185  1.031
 -6.897	-26.970	-17.085 -0.134
 -9.930	-28.901	-18.434 -0.776
-11.986	-26.892	-20.939 -0.146
-15.302	-28.277	-19.653 -0.161
-16.737	-28.447	-23.167 -0.866
-19.319	-31.178	-23.826 -1.091
-17.515	-34.502	-24.404 -2.063
-15.988	-34.748	-27.847 -1.107
-16.021	-30.967	-28.619  0.323
-12.447	-29.611	-28.907 -0.077
-12.327	-25.924	-29.900  0.262
-13.594	-22.504	-28.867  0.723
-14.271	-19.489	-31.167  0.988
-13.754	-15.829	-30.209  0.932
-16.867	-13.961	-31.475  0.911
-15.104	-10.613	-31.138  1.117
-17.481	 -7.682	-30.258  1.049
-20.604	 -9.711	-31.128  0.929
-23.843	 -8.816	-29.318 -0.158
-25.348	-11.391	-26.948  0.216
-28.557	-11.924	-28.910 -1.879
-26.542	-12.709	-32.073  1.020
-24.334	-15.159	-30.204  0.940
-27.422	-16.961	-28.793  1.172
-28.848	-17.324	-32.285 -2.083
-25.514	-18.463	-33.644  1.062
-25.274	-21.226	-30.981  1.252
-28.670	-22.595	-32.046  0.771
-28.420	-22.321	-35.827 -0.909
-24.733	-23.102	-36.265 -0.196
-22.249	-23.617	-33.428  1.131
-24.206	-26.384	-31.685  0.422
-24.902	-28.458	-34.866  0.923
-21.399	-27.889	-36.227 -0.827
-19.659	-29.222	-33.129  1.122
-18.044	-26.098	-31.726 -0.379
-17.039	-26.409	-28.074  0.227
-17.607	-22.853	-26.929  0.705
-17.437	-19.163	-27.467  1.050
-15.043	-16.596	-25.950  1.137
-17.079	-13.410	-25.474  0.806
-15.896	 -9.793	-25.315  1.257
-15.803	 -8.291	-21.746  1.235
-19.374	 -8.321	-20.395  0.675
-18.802	 -5.727	-17.729  0.368
-19.513	 -1.982	-17.962  1.138
-16.758	  0.124	-19.569  0.777
-15.924	  3.811	-20.170 -0.382
-17.169	  5.397	-23.403 -0.521
-14.253	  6.703	-25.485 -0.961
-15.315	  9.419	-27.903 -2.080
-11.811	 10.375	-29.134 -2.074
-11.376	  8.291	-31.285 -2.083
-14.993	  7.260	-31.785 -0.863
-15.915	  4.076	-29.867  0.008
-12.654	  2.030	-30.412  0.512
-12.728	 -1.720	-29.775  1.231
-10.236	 -1.057	-26.956  0.531
-12.646	  0.929	-24.793  0.758
-13.947	 -2.541	-23.668  0.998
-10.731	 -3.126	-21.799  1.253
-11.322	 -0.104	-19.511  1.257
-13.799	 -1.211	-16.794  1.174
-15.905	  1.211	-14.740  0.616
-17.987	 -1.410	-12.803  1.134
-18.880	 -5.102	-12.837  1.089
-22.496	 -4.506	-13.972 -0.858
-23.259	 -6.709	-17.012  0.465
-24.188	 -3.854	-19.330 -2.066
-22.226	 -3.082	-22.557  0.844
-22.702	 -2.458	-26.253  1.136
-23.148	 -6.270	-26.543  1.016
-26.257	 -6.155	-24.344  1.255
-27.670	 -6.083	-20.842  0.104
-27.773	 -8.680	-18.076  0.618
-30.976	-10.271	-19.116 -2.077
-29.686	-10.691	-22.731  0.024
-26.349	-12.069	-21.355  0.858
-28.182	-14.634	-19.218 -0.554
-30.445	-15.623	-22.152 -0.639
-27.304	-16.205	-24.306  1.259
-25.521	-18.378	-21.700  0.694
-28.606	-20.547	-21.225 -1.716
-29.431	-20.956	-24.900  0.808
-25.858	-21.842	-25.774  1.239
-25.358	-24.331	-22.892  0.650
-28.614	-25.966	-23.982 -0.870
-27.243	-26.848	-27.392  0.485
-23.882	-27.969	-26.045  1.044
-21.875	-24.744	-26.601  1.056
-20.115	-23.269	-23.520  0.680
-19.465	-19.568	-22.832  0.742
-15.992	-18.295	-21.664  0.657
-15.728	-14.732	-20.381  0.747
-12.866	-12.250	-21.113  1.254
-12.218	-11.149	-17.478  0.142
-10.621	 -7.714	-17.248  0.836
 -9.383	 -7.674	-13.654  0.129
 -5.947	 -6.049	-13.665  1.258
 -7.209	 -2.446	-13.916  1.188
-10.116	 -0.074	-14.238  1.145
-10.285	  2.698	-16.886  0.333
 -7.697	  5.263	-18.048  0.255
 -6.350	  7.535	-15.285 -2.067
 -6.913	 10.447	-17.665 -0.997
-10.606	  9.798	-18.477 -0.888
-13.048	 12.535	-17.446 -2.079
-15.318	 12.182	-14.396 -2.070
-19.015	 11.642	-14.922  1.127
-21.535	  9.149	-16.389  0.554
-19.937	  8.671	-19.878 -1.413
-20.150	  4.876	-19.327  0.337
-22.001	  1.984	-20.963  0.158
-24.592	  1.603	-18.167 -0.146
-24.515	  5.232	-17.039  1.068
-22.631	  4.551	-13.784  0.453
-20.671	  7.418	-12.319 -0.912
-16.919	  7.363	-11.906  0.159
-14.116	  9.783	-11.158 -0.621
-10.935	  8.263	-12.640 -0.563
 -8.784	 11.209	-11.555 -2.072
 -9.747	 10.647	 -7.944 -2.082
 -9.763	  6.827	 -8.192 -0.699
-13.500	  6.738	 -7.466 -0.965
-15.657	  3.876	 -8.779  0.184
-18.783	  3.880	 -6.614  0.946
-20.626	  1.207	 -8.625 -0.102
-18.169	 -1.448	 -7.418  0.590
-17.217	  0.156	 -5.005  0.520
-13.479	  1.030	 -5.290  0.117
-11.509	  4.027	 -3.920 -0.237
 -7.961	  5.362	 -3.919 -2.083
 -6.552	  2.783	 -1.500 -2.083
 -7.672	  0.000	 -3.875  0.958
 -5.094	  0.998	 -6.517  1.015
 -1.279	  0.728	 -6.899  0.820
 -0.230	  4.356	 -7.200 -0.745
  1.770	  4.058	 -3.975 -1.920
  3.778	  1.033	 -5.205 -1.129
  4.992	  2.122	 -8.622  1.110
  8.676	  2.958	 -8.515 -1.469
  8.676	  4.780	-11.853  0.444
  8.547	  8.489	-12.484 -2.050
  5.850	  8.485	-15.171 -0.493
  3.691	  6.089	-13.146 -0.771
  3.844	  3.855	-16.222 -2.083
  5.831	  0.779	-17.258  0.983
  9.227	  1.913	-18.489 -1.974
 11.063	 -1.444	-18.727  0.199
  9.735	 -4.973	-19.337  0.691
 12.888	 -6.335	-17.833 -0.918
 11.632	 -5.176	-14.456  0.257
  8.809	 -7.418	-13.206 -0.344
  7.877	 -5.001	-10.437 -2.083
  7.011	 -2.217	-12.857  0.100
  5.215	 -4.548	-15.222  0.960
  2.937	 -5.696	-12.349  0.989
  2.602	 -2.527	-10.231  0.506
  2.702	  0.355	-12.692  1.048
  0.024	  1.428	-15.142  0.366
 -0.430	 -0.440	-18.417  1.054
 -1.034	  2.283	-21.070  0.096
 -2.278	  4.646	-18.398 -0.075
 -4.934	  2.289	-16.967  1.034
 -5.594	  2.573	-13.173  0.081
 -3.849	 -0.480	-11.726  1.258
 -5.766	 -2.452	 -9.090  1.200
 -4.067	 -3.443	 -5.792 -0.200
 -4.476	 -7.155	 -6.327  0.974
 -2.774	 -8.152	 -3.084 -0.452
 -5.725	 -6.781	 -1.091 -0.757
 -8.400	 -9.200	  0.027 -1.070
-11.101	 -6.546	 -0.474 -0.773
-10.106	 -6.197	 -4.113  1.243
 -9.588	 -9.964	 -4.611  0.697
-13.131	-10.390	 -3.212 -2.083
-14.857	 -7.849	 -5.406 -0.600
-13.332	 -9.530	 -8.436  0.308
-14.340	-12.986	 -7.193  0.426
-17.979	-11.932	 -6.536 -2.038
-18.137	-10.792	-10.183  0.391
-16.650	-14.039	-11.518  0.089
-18.855	-16.132	 -9.201  0.772
-21.984	-14.274	-10.488 -0.809
-20.958	-15.295	-13.995  0.677
-20.386	-18.925	-12.868  0.014
-23.904	-18.907	-11.346 -0.378
-25.253	-17.694	-14.739 -0.598
-23.624	-20.724	-16.351  1.255
-20.279	-19.566	-17.783  1.165
-17.685	-22.413	-18.095  0.911
-14.498	-20.457	-17.588  1.246
-12.458	-17.352	-18.205  0.901
 -9.694	-15.686	-20.200  1.242
 -7.730	-13.733	-17.572  0.366
 -6.783	-10.528	-19.453  1.258
 -3.327	 -8.969	-19.039  1.203
 -2.043	-11.749	-16.776  0.723
  1.610	-10.743	-17.181  1.207
  0.651	 -7.519	-15.353  1.250
 -0.474	 -9.434	-12.227  0.835
  1.559	-11.426	 -9.689 -0.284
  1.077	-15.224	-10.051  0.635
 -0.097	-15.566	 -6.427 -2.081
 -2.561	-12.704	 -6.657  1.125
 -4.322	-14.384	 -9.628  0.460
 -4.325	-17.714	 -7.672 -1.272
 -5.836	-15.945	 -4.596 -0.245
 -8.791	-14.851	 -6.758  0.921
 -9.108	-18.300	 -8.331 -0.036
 -9.179	-19.914	 -4.850 -1.265
-12.407	-17.962	 -4.187 -0.236
-14.242	-19.374	 -7.229 -0.381
-17.128	-21.819	 -6.926 -0.906
-17.481	-24.978	 -8.977 -0.375
-19.595	-24.776	-12.155  0.869
-23.437	-24.717	-12.165  0.371
-24.877	-28.208	-11.759 -0.010
-27.754	-27.674	-14.192 -2.083
-25.148	-27.901	-16.989 -0.506
-21.933	-29.423	-15.596  0.576
-21.120	-32.416	-13.351 -1.287
-20.731	-31.618	 -9.666 -2.074
-17.008	-31.688	 -9.319 -0.523
-16.250	-29.101	-12.051 -0.399
-13.652	-26.330	-11.765 -0.296
-13.911	-23.346	-14.198  0.588
-11.540	-23.542	-17.161  0.435
 -8.866	-20.799	-16.782  0.395
 -6.618	-19.507	-19.623 -0.869
 -4.278	-16.662	-18.727  0.694
 -3.258	-14.108	-21.315  1.234
  0.527	-13.855	-20.917  1.073
  2.450	-12.578	-23.881  1.068
  5.881	-14.314	-23.716  0.619
  7.830	-14.702	-26.910 -0.703
 11.078	-15.184	-25.025  0.237
 13.793	-12.654	-24.151 -0.165
 11.978	-10.822	-21.306  0.663
 12.011	-11.133	-17.525 -0.014
  8.524	-12.649	-17.053  0.492
  8.016	-16.219	-18.348 -0.165
  4.773	-18.008	-19.128 -0.142
  5.821	-20.835	-16.730 -2.083
  5.328	-18.554	-13.718  0.651
  1.576	-19.018	-14.234  1.154
  1.349	-22.786	-14.925 -0.206
  0.073	-23.623	-11.440 -2.065
 -3.026	-21.440	-11.974 -0.837
 -4.393	-22.847	-15.246  0.885
 -3.635	-22.758	-18.960  0.113
 -1.611	-19.922	-20.558  0.867
 -1.907	-18.406	-24.077  0.992
  1.095	-19.682	-26.090  1.004
  1.877	-16.608	-28.308  1.038
  5.033	-18.295	-29.607 -0.272
  2.655	-20.628	-31.541 -0.209
  1.104	-18.144	-33.976  0.450
  4.315	-16.143	-34.320 -0.998
  6.358	-19.177	-35.347 -0.818
  3.586	-20.829	-37.438  0.240
  2.950	-17.572	-39.348  0.237
  6.679	-17.204	-40.109 -0.940
  6.927	-20.827	-41.315 -0.350
  3.765	-20.681	-43.453  0.596
  4.876	-17.390	-45.041 -0.060
  8.319	-19.004	-45.650  0.429
 10.042	-16.073	-44.011 -1.313
 13.496	-16.070	-42.399 -0.737
 14.535	-19.318	-44.126 -0.899
 11.739	-21.303	-42.509  0.108
 10.135	-24.293	-44.349 -0.877
  7.045	-26.374	-43.601  0.315
  9.125	-29.561	-43.377 -0.837
 10.668	-28.137	-40.177 -1.514
  7.240	-28.654	-38.463  0.832
  7.845	-32.389	-38.053 -2.083
  8.675	-31.764	-34.370  0.052
  6.141	-28.989	-33.856 -0.581
  4.969	-28.468	-30.260  0.474
  7.317	-28.926	-27.286 -0.832
 10.142	-29.540	-29.744 -2.083
 10.032	-25.930	-30.813  0.121
 10.455	-24.890	-27.186  0.171
  6.765	-24.295	-26.401 -0.641
  5.072	-24.825	-23.045 -0.716
  3.571	-28.238	-22.203 -0.885
  0.584	-29.102	-24.450  0.765
 -1.637	-29.604	-21.383 -2.083
 -0.968	-26.004	-20.292 -0.898
 -1.450	-24.376	-23.708  0.711
 -4.281	-22.333	-25.304 -0.136
 -3.200	-21.974	-29.014  0.695
 -4.383	-19.843	-31.900  1.076
 -3.108	-18.380	-35.177  0.769
 -4.160	-14.771	-34.376  0.760
 -6.092	-12.858	-31.708  1.229
 -7.938	 -9.572	-31.693  1.177
 -4.847	 -7.536	-30.886  1.225
 -2.191	 -9.041	-33.044  0.970
 -4.414	 -9.383	-36.135  1.024
 -3.923	 -5.594	-36.307  1.253
 -0.225	 -6.170	-37.092  0.307
  1.809	 -4.658	-34.310  0.576
  1.128	 -7.086	-31.544  0.388
  2.848	-10.236	-30.424  0.495
  4.461	-11.611	-33.596  0.857
  4.305	 -8.405	-35.638  0.452
  3.791	 -8.768	-39.342 -0.890
  4.349	-12.547	-39.335 -0.861
  0.862	-13.086	-37.783  0.348
 -1.597	-14.476	-40.396  0.453
 -5.146	-13.042	-40.441  0.662
 -8.278	-13.168	-42.589 -0.182
 -6.663	-10.506	-44.853  0.303
 -4.194	-13.293	-45.869 -0.891
 -7.033	-15.840	-46.178 -0.811
 -5.272	-18.427	-48.363 -0.524
 -2.339	-18.854	-45.974 -1.793
 -4.526	-18.218	-42.852  0.927
 -6.598	-21.347	-43.840  0.081
 -3.513	-23.516	-44.133  0.731
 -2.168	-22.310	-40.764  1.152
 -5.567	-22.843	-39.026  0.118
 -5.888	-26.274	-40.728  0.566
 -2.410	-27.385	-39.551  1.045
 -3.236	-26.124	-36.019  0.779
 -6.601	-27.957	-35.880  1.087
 -5.049	-31.237	-37.190  1.030
 -2.017	-31.256	-34.843 -0.013
 -2.441	-32.601	-31.272  0.626
 -0.633	-29.778	-29.516  0.879
 -2.723	-27.559	-27.244  1.106
 -6.364	-26.603	-26.821 -0.275
 -7.452	-24.668	-29.914  0.322
 -9.115	-21.243	-30.268  0.518
-10.288	-19.956	-33.669  0.269
-10.899	-16.243	-34.373  0.793
-14.072	-14.582	-35.796  1.252
-13.559	-10.949	-36.878  1.126
-15.065	 -7.814	-38.362  0.298
-13.710	 -5.992	-41.379 -1.442
-12.752	 -2.372	-40.859  0.438
-11.922	  0.437	-43.217 -2.057
 -8.159	  0.313	-43.164 -0.798
 -6.315	  3.520	-44.088 -1.866
 -2.593	  3.212	-44.628 -0.552
 -0.318	  6.195	-44.109 -1.885
  3.422	  5.672	-44.453 -0.528
  2.696	  1.964	-44.339  0.144
  0.584	  1.993	-41.206 -2.069
 -3.095	  1.403	-40.695  0.902
 -4.137	  4.489	-38.772 -0.315
 -7.655	  3.092	-38.515  0.950
 -6.819	 -0.001	-36.423  0.673
 -8.629	  1.426	-33.449  0.054
-11.934	  1.186	-35.296 -1.749
-14.607	 -0.661	-33.333  0.929
-17.309	 -3.126	-34.530  1.067
-19.688	 -2.318	-37.405  1.123
-22.240	  0.102	-36.021  0.022
-25.118	  2.541	-36.736 -2.034
-24.484	  5.701	-34.624 -2.073
-22.724	  3.644	-32.029 -0.491
-25.118	  0.691	-31.778 -0.881
-23.380	 -2.510	-32.928  0.264
-24.969	 -4.050	-36.090 -0.805
-26.687	 -7.425	-35.980  0.216
-24.926	-10.366	-37.709  0.579
-26.947	-11.108	-40.846 -2.080
-26.743	-14.565	-42.420 -0.028
-26.957	-14.952	-46.261  0.108
-27.781	-18.203	-48.173 -2.083
-24.269	-19.219	-49.057  0.440
-24.035	-19.268	-45.287 -2.059
-21.656	-16.243	-45.314 -0.433
-22.246	-13.175	-43.100  1.071
-23.226	 -9.586	-43.922 -1.178
-22.917	 -6.217	-42.059  0.064
-19.061	 -6.238	-42.170 -0.031
-18.704	 -9.349	-39.988  0.909
-16.193	-11.749	-41.510  0.068
-17.306	-14.967	-39.833  1.136
-14.114	-17.004	-40.409  0.746
-15.704	-19.726	-38.292  1.100
-18.241	-20.263	-41.091  1.026
-15.625	-20.795	-43.816 -0.137
-15.992	-24.400	-45.004 -0.062
-12.285	-25.013	-44.638 -0.162
-12.232	-23.922	-40.993  0.750
-15.647	-25.355	-39.939 -0.731
-14.703	-28.738	-41.341  0.430
-11.345	-28.746	-39.580  1.127
-12.939	-28.021	-36.248  0.765
-15.120	-31.136	-36.965 -2.081
-11.893	-33.046	-37.970  0.914
-10.339	-32.220	-34.550  0.724
-13.425	-33.678	-32.790  0.894
-13.366	-36.864	-34.933 -0.641
 -9.712	-37.589	-34.202  0.674
 -9.729	-36.757	-30.480 -1.760
 -7.156	-38.852	-28.650 -0.802
 -5.456	-40.375	-31.688 -0.089
 -1.687	-39.938	-31.845 -2.083
  0.352	-37.921	-34.349 -0.727
  1.421	-40.454	-36.987 -0.876
  2.547	-41.079	-40.548  0.227
  4.499	-37.888	-41.039  0.152
  5.863	-37.295	-44.516 -0.537
  7.653	-34.365	-46.166  0.209
  9.413	-33.597	-49.466  0.564
 12.334	-31.844	-47.724 -0.097
 10.876	-28.432	-48.579 -0.908
  7.271	-27.182	-48.037  0.270
  5.110	-30.229	-48.778  0.420
  4.133	-32.191	-45.692  0.791
  1.479	-34.619	-44.433  0.813
  0.534	-36.429	-41.227  1.119
 -2.314	-38.300	-39.662  0.283
 -4.010	-38.873	-36.336  1.252
 -4.053	-42.618	-35.579  0.614
 -6.423	-44.300	-37.915 -0.971
 -9.085	-41.546	-37.847 -0.617
 -7.780	-38.660	-39.967  0.781
 -5.079	-37.520	-42.416  0.729
 -4.071	-34.152	-43.890  0.432
 -1.736	-33.154	-46.709  0.855
 -0.298	-29.726	-47.524  0.443
  1.400	-28.227	-50.544  1.150
  3.128	-24.959	-49.633  0.041
  5.789	-25.159	-52.418 -0.334
  5.673	-23.372	-55.763 -2.073
  5.115	-26.537	-57.774 -2.083
  2.702	-29.501	-57.981 -1.107
  2.376	-32.036	-55.155 -0.797
  2.096	-35.561	-56.686 -0.444
  2.799	-38.344	-54.226 -0.892
  1.565	-41.753	-53.062 -0.409
  1.149	-41.398	-49.256 -0.146
  0.396	-43.769	-46.366 -0.624
 -2.712	-42.233	-44.666  1.167
 -3.140	-44.712	-41.823  0.300
 -6.858	-44.896	-42.639  0.861
 -9.035	-47.950	-43.563  0.380
 -9.594	-48.347	-47.316 -0.054
-12.567	-46.603	-48.867  1.222
-13.683	-43.512	-50.733 -0.885
-13.294	-40.376	-48.603  1.241
-14.615	-36.871	-49.164  1.094
-11.987	-34.102	-48.885  0.839
-13.516	-31.786	-46.263  0.625
-11.486	-28.771	-47.388  0.548
-12.990	-28.645	-50.935  0.433
-16.415	-30.033	-50.103  0.401
-18.579	-32.080	-47.757 -2.078
-20.016	-35.576	-47.475 -1.887
-23.754	-35.189	-48.168 -2.083
-25.806	-38.339	-47.984 -1.033
-23.741	-40.957	-49.675 -0.896
-21.946	-38.545	-52.051 -2.029
-19.158	-35.895	-51.922  1.118
-19.534	-32.293	-53.040  0.321
-15.797	-31.766	-53.590  1.114
-12.705	-33.838	-54.281 -1.221
-12.864	-37.580	-53.562 -0.329
 -9.796	-39.405	-52.224  0.249
 -9.540	-43.104	-52.955 -0.893
 -7.662	-44.875	-50.184  1.214
 -6.665	-48.475	-50.908 -1.088
 -6.854	-51.203	-48.287 -2.083
 -3.209	-50.853	-47.208 -0.633
 -3.915	-47.186	-46.394  0.824
 -2.137	-45.616	-49.390 -2.083
 -3.726	-42.953	-51.627  0.508
 -2.651	-40.883	-54.599 -1.332
 -2.532	-37.127	-53.828  0.540
 -2.273	-34.464	-56.473 -1.412
 -2.544	-30.803	-55.360  0.282
 -1.682	-27.802	-57.559 -1.022
  0.216	-24.982	-55.894 -0.682
 -2.560	-22.811	-57.463 -2.070
 -5.570	-24.871	-56.161 -0.864
 -8.389	-22.999	-54.338 -1.400
 -6.917	-24.424	-51.136  0.554
 -3.509	-26.169	-51.350  0.051
 -4.283	-28.841	-48.790  0.603
 -6.638	-31.833	-48.440 -0.761
 -8.043	-33.428	-45.270  1.164
-10.053	-36.628	-44.779  0.427
-11.334	-38.429	-41.704  0.882
-13.523	-41.244	-40.438 -0.778
-16.809	-39.365	-40.691 -0.922
-16.105	-38.220	-44.261  0.685
-15.898	-41.816	-45.614  0.334
-18.665	-42.964	-47.946 -0.352
BRIEF 1KXV B 496              
  2.313	 24.921	 15.236       
  4.583	 27.061	 17.433       
  1.966	 28.421	 19.821       
  1.283	 26.118	 22.827       
 -2.435	 26.819	 22.803       
 -2.559	 26.711	 26.594       
 -5.076	 29.075	 28.180       
 -3.723	 32.640	 28.056       
 -1.572	 33.230	 31.126       
 -0.546	 29.584	 31.619       
  3.024	 28.881	 30.588       
  4.178	 25.316	 31.308       
  3.262	 21.672	 30.659       
  3.971	 18.654	 32.904       
  4.856	 15.102	 31.668       
  2.804	 12.773	 33.907       
  4.908	  9.781	 32.783       
  2.963	  6.438	 32.772       
 -0.007	  7.899	 34.731       
 -3.418	  6.284	 34.127       
 -6.131	  8.494	 32.580       
 -8.493	  8.474	 35.552       
 -5.625	  9.706	 37.764       
 -4.737	 12.518	 35.316       
 -8.396	 13.553	 35.172       
 -8.601	 13.804	 38.981       
 -5.201	 15.572	 39.121       
 -6.484	 18.235	 36.693       
 -9.452	 19.012	 38.896       
 -7.774	 18.861	 42.287       
 -4.385	 20.380	 41.463       
 -3.283	 21.256	 37.921       
 -6.260	 23.487	 37.189       
 -6.064	 25.473	 40.456       
 -2.286	 25.694	 40.395       
 -2.025	 27.237	 36.979       
 -0.434	 24.422	 34.999       
 -0.970	 24.890	 31.251       
 -1.165	 21.242	 30.315       
 -0.140	 17.620	 30.514       
  2.038	 15.582	 28.134       
  0.534	 12.054	 28.364       
  2.182	  8.714	 27.571       
  1.353	  7.106	 24.164       
 -2.481	  6.464	 24.190       
 -2.490	  3.909	 21.352       
 -2.337	  0.102	 21.669       
  1.132	 -1.394	 22.134       
  2.836	 -4.824	 22.259       
  3.085	 -6.567	 25.664       
  6.748	 -7.196	 26.580       
  7.263	 -9.959	 29.154       
 11.046	-10.137	 29.119       
 11.776	 -7.955	 30.924       
  8.419	 -7.669	 32.654       
  6.366	 -4.758	 31.325       
  9.159	 -2.173	 30.741       
  8.220	  1.465	 30.323       
  9.562	  1.222	 26.768       
  6.937	 -1.282	 25.549       
  4.674	  1.803	 25.076       
  6.888	  2.994	 22.237       
  6.023	 -0.194	 20.208       
  2.575	  0.393	 18.620       
  0.324	 -2.439	 17.344       
 -2.732	 -0.287	 16.371       
 -4.219	  3.179	 16.805       
 -6.971	  1.939	 19.177       
 -6.973	  4.046	 22.367       
 -6.494	  1.133	 24.772       
 -3.388	  0.857	 26.998       
 -2.371	  0.172	 30.609       
 -3.334	  3.862	 31.147       
 -6.919	  3.134	 30.263       
 -9.467	  2.746	 27.488       
-11.041	  5.111	 24.977       
-13.866	  5.897	 27.288       
-11.429	  6.901	 30.027       
 -9.123	  8.824	 27.683       
-12.077	 10.873	 26.370       
-13.237	 11.525	 29.955       
 -9.753	 12.751	 30.842       
 -9.539	 15.173	 27.908       
-12.983	 16.668	 28.616       
-12.520	 17.084	 32.376       
 -9.033	 18.564	 32.027       
-10.083	 21.015	 29.293       
-13.041	 22.039	 31.405       
-10.749	 23.306	 34.142       
 -8.335	 24.926	 31.604       
 -5.555	 22.279	 31.464       
 -4.691	 21.056	 27.924       
 -3.644	 17.508	 26.950       
 -0.690	 16.888	 24.612       
 -0.240	 13.411	 23.160       
  3.063	 11.549	 22.704       
  2.516	 10.505	 18.985       
  4.502	  7.385	 18.090       
  4.300	  7.539	 14.314       
  7.735	  6.493	 13.025       
  7.322	  2.781	 13.560       
  5.188	 -0.119	 14.859       
  6.517	 -2.794	 17.209       
  9.689	 -4.916	 17.189       
 10.229	 -6.947	 14.043       
 11.130	 -9.839	 16.316       
  7.979	 -9.789	 18.420       
  5.745	-12.890	 18.460       
  2.615	-13.077	 16.332       
 -0.647	-13.298	 18.239       
 -2.810	-11.221	 20.593       
 -0.160	-10.313	 23.211       
 -1.220	 -6.666	 22.965       
 -2.847	 -4.136	 25.283       
 -6.261	 -4.349	 23.629       
 -5.955	 -7.945	 22.403       
 -5.711	 -6.951	 18.719       
 -3.939	 -9.491	 16.569       
 -0.682	 -8.727	 14.828       
  2.084	-10.647	 13.106       
  5.263	 -8.555	 13.214       
  7.315	-10.983	 11.222       
  4.800	-10.771	  8.394       
  4.425	 -6.972	  8.772       
  0.719	 -7.535	  9.463       
 -1.199	 -5.105	 11.713       
 -4.828	 -5.699	 10.690       
 -6.212	 -3.382	 13.311       
 -4.931	 -0.332	 11.421       
 -4.600	 -1.888	  8.825       
 -0.958	 -1.949	  7.724       
  0.677	 -4.589	  5.481       
  4.199	 -5.226	  4.194       
  3.988	 -2.446	  1.590       
  3.555	  0.051	  4.390       
  7.067	 -0.421	  5.724       
 10.654	  0.547	  4.703       
 12.226	 -2.897	  4.359       
 12.975	 -2.289	  0.669       
 14.208	  1.283	  1.227       
 16.874	  0.589	  3.931       
 20.364	 -0.053	  2.529       
 22.195	 -1.583	  5.477       
 23.274	 -5.171	  5.777       
 21.496	 -5.553	  9.084       
 18.260	 -3.718	  8.374       
 19.061	 -1.451	 11.325       
 20.819	  1.884	 11.809       
 24.609	  1.317	 11.700       
 25.919	  4.891	 11.576       
 24.348	  8.144	 12.745       
 26.511	 10.052	 10.328       
 24.285	  8.829	  7.463       
 20.827	 10.415	  7.589       
 19.447	  7.935	  5.085       
 19.968	  5.025	  7.443       
 18.771	  7.005	 10.454       
 15.511	  7.724	  8.640       
 14.901	  4.569	  6.584       
 16.249	  1.698	  8.735       
 15.022	  0.051	 11.938       
 15.513	  1.983	 15.170       
 16.444	 -0.714	 17.746       
 14.682	 -3.362	 15.653       
 11.291	 -1.575	 15.386       
  9.381	 -1.895	 12.054       
  9.887	  1.415	 10.222       
  6.786	  2.900	  8.576       
  6.942	  4.134	  4.961       
  6.242	  7.737	  5.791       
  6.535	  8.943	  2.230       
  3.356	  7.051	  1.212       
  0.084	  8.885	  1.246       
 -1.742	  5.823	  2.617       
  0.645	  5.779	  5.629       
  0.593	  9.542	  6.040       
 -3.237	  9.328	  5.959       
 -3.629	  6.547	  8.500       
 -1.407	  8.474	 10.937       
 -3.307	 11.707	 10.341       
 -6.639	  9.952	 10.845       
 -5.404	  8.866	 14.316       
 -4.113	 12.336	 15.186       
 -7.325	 13.899	 13.944       
 -9.451	 11.532	 16.099       
 -7.384	 12.864	 19.011       
 -7.843	 16.536	 17.960       
-11.577	 15.998	 17.667       
-11.680	 14.505	 21.211       
-10.022	 17.746	 22.418       
 -6.211	 17.326	 22.415       
 -4.294	 20.618	 21.949       
 -1.144	 19.288	 20.321       
  1.486	 16.601	 20.038       
  4.978	 15.507	 20.914       
  6.261	 13.854	 17.706       
  8.288	 10.917	 18.983       
 11.595	 10.036	 17.249       
 11.559	 12.925	 14.837       
 15.192	 12.513	 13.861       
 14.093	  9.176	 12.384       
 11.698	 10.797	  9.915       
 12.410	 13.103	  6.969       
 11.409	 16.761	  7.674       
  9.089	 16.871	  4.671       
  7.351	 13.613	  5.575       
  6.510	 15.074	  9.031       
  5.203	 18.288	  7.409       
  3.063	 16.156	  5.033       
  1.334	 14.545	  8.038       
  0.965	 17.961	  9.732       
 -0.664	 19.447	  6.594       
 -3.544	 16.928	  7.038       
 -4.427	 17.982	 10.634       
 -7.713	 19.603	 11.595       
 -8.017	 22.864	 13.475       
 -8.620	 22.379	 17.219       
-12.057	 21.625	 18.762       
-13.977	 24.900	 18.917       
-15.781	 23.830	 22.080       
-12.541	 24.805	 23.854       
-10.397	 26.721	 21.385       
-10.964	 29.693	 19.207       
-11.916	 28.917	 15.601       
 -8.900	 28.396	 13.325       
 -6.439	 27.322	 16.007       
 -3.584	 25.028	 14.835       
 -2.276	 22.178	 17.008       
  0.908	 22.813	 19.009       
  3.721	 20.676	 17.610       
  6.968	 19.853	 19.439       
  9.297	 17.429	 17.664       
 11.596	 15.212	 19.701       
 14.995	 15.579	 18.000       
 18.106	 14.804	 19.990       
 20.869	 17.087	 18.797       
 23.779	 17.911	 21.062       
 25.973	 18.748	 18.046       
 28.516	 16.503	 16.384       
 26.284	 14.278	 14.313       
 24.878	 14.618	 10.816       
 21.288	 15.536	 11.596       
 20.621	 19.004	 13.060       
 17.644	 20.353	 15.020       
 17.364	 23.209	 12.507       
 16.195	 20.798	  9.788       
 12.853	 20.672	 11.665       
 12.280	 24.347	 12.483       
  9.757	 24.875	  9.663       
  7.326	 22.264	 11.103       
  6.968	 23.440	 14.706       
  8.969	 23.585	 17.960       
 11.827	 21.210	 18.645       
 13.067	 19.712	 21.916       
 16.337	 21.539	 22.845       
 18.373	 18.752	 24.557       
 21.389	 21.091	 24.816       
 19.413	 23.001	 27.482       
 19.379	 20.360	 30.249       
 22.816	 19.020	 29.367       
 24.499	 22.380	 29.700       
 22.415	 23.538	 32.730       
 23.198	 20.319	 34.573       
 26.913	 20.735	 33.902       
 26.785	 24.319	 35.159       
 24.734	 23.710	 38.290       
 26.981	 20.734	 39.176       
 30.058	 22.988	 38.612       
 31.639	 20.370	 36.321       
 34.069	 21.127	 33.526       
 35.071	 24.463	 35.055       
 31.601	 25.890	 34.665       
 30.182	 28.508	 37.049       
 26.682	 29.889	 37.483       
 27.871	 33.435	 36.794       
 28.426	 32.248	 33.209       
 24.660	 32.018	 32.696       
 24.350	 35.828	 32.241       
 23.975	 35.216	 28.493       
 21.921	 31.989	 28.821       
 19.871	 31.099	 25.728       
 20.898	 31.916	 22.185       
 24.205	 33.130	 23.645       
 25.109	 29.542	 24.514       
 24.447	 28.425	 20.953       
 20.911	 27.111	 21.439       
 18.149	 27.249	 18.814       
 15.890	 30.326	 18.718       
 13.704	 30.681	 21.833       
 10.613	 30.868	 19.599       
 11.313	 27.279	 18.347       
 12.367	 25.700	 21.679       
 10.640	 23.218	 23.983       
 12.967	 23.141	 27.110       
 13.329	 20.909	 30.165       
 15.916	 19.803	 32.744       
 15.389	 16.059	 32.187       
 12.979	 13.787	 30.291       
 11.846	 10.166	 30.818       
 14.757	  8.743	 28.870       
 17.723	 10.757	 30.030       
 16.711	 10.716	 33.680       
 17.918	  7.120	 33.534       
 21.474	  8.420	 33.054       
 22.694	  7.239	 29.685       
 20.593	  9.450	 27.454       
 21.248	 12.831	 25.916       
 23.578	 14.582	 28.381       
 24.720	 11.449	 30.158       
 25.656	 11.834	 33.775       
 25.304	 15.634	 33.759       
 21.505	 15.448	 33.619       
 19.919	 16.446	 36.957       
 16.969	 14.393	 38.184       
 14.920	 13.929	 41.361       
 17.664	 11.624	 42.687       
 19.749	 14.866	 42.853       
 16.755	 16.826	 44.237       
 18.621	 19.769	 45.782       
 20.456	 20.723	 42.548       
 17.440	 19.646	 40.465       
 15.242	 22.253	 42.189       
 17.844	 24.946	 41.489       
 17.983	 24.014	 37.761       
 14.229	 23.795	 37.346       
 13.919	 27.115	 39.267       
 16.388	 28.845	 36.956       
 14.651	 27.493	 33.867       
 11.153	 28.535	 35.037       
 12.358	 32.117	 35.829       
 14.370	 32.623	 32.580       
 12.586	 33.819	 29.421       
 14.118	 31.311	 27.052       
 11.803	 28.677	 25.572       
  8.431	 27.105	 26.375       
  8.896	 25.021	 29.577       
  8.128	 21.321	 30.317       
  8.383	 19.880	 33.857       
  8.829	 16.122	 34.521       
  6.871	 13.953	 36.963       
  8.340	 10.503	 37.620       
  8.083	  7.186	 39.446       
 10.813	  5.731	 41.668       
 12.624	  2.428	 40.899       
 15.707	  0.577	 42.194       
 18.842	  1.769	 40.400       
 21.772	 -0.638	 39.988       
 24.864	  0.810	 38.348       
 27.287	 -1.729	 37.021       
 30.156	 -0.141	 35.187       
 28.314	  3.195	 35.037       
 25.152	  1.869	 33.391       
 21.923	  1.315	 35.377       
 20.886	 -2.263	 34.524       
 17.430	 -1.741	 36.034       
 16.641	  1.324	 33.838       
 13.934	 -0.735	 32.094       
 11.680	 -1.079	 35.088       
  8.114	 -0.048	 34.384       
  5.597	  2.048	 36.415       
  4.404	  1.055	 39.895       
  2.093	 -1.908	 39.480       
  0.279	 -4.883	 41.043       
  0.676	 -7.899	 38.778       
  1.067	 -5.653	 35.774       
 -1.784	 -3.243	 36.541       
 -0.526	  0.332	 37.055       
 -1.111	  1.603	 40.654       
 -3.327	  4.618	 41.177       
 -1.732	  7.849	 42.355       
 -2.400	  8.318	 46.038       
 -2.267	 11.762	 47.644       
 -0.986	 12.276	 51.236       
 -2.046	 15.243	 53.439       
  1.296	 16.982	 53.091       
  0.291	 16.879	 49.433       
  3.009	 14.365	 48.566       
  2.153	 11.182	 46.662       
  2.362	  7.516	 47.604       
  2.469	  4.250	 45.590       
  6.031	  4.997	 44.366       
  5.046	  8.071	 42.317       
  7.569	 10.946	 42.886       
  5.277	 13.822	 41.902       
  8.001	 16.409	 41.388       
  5.227	 18.698	 40.047       
  3.825	 18.903	 43.572       
  7.095	 19.948	 45.179       
  6.441	 23.492	 46.565       
  9.607	 24.744	 44.982       
  8.594	 23.585	 41.513       
  4.889	 24.279	 41.763       
  5.504	 27.864	 42.942       
  8.003	 28.426	 40.131       
  5.405	 27.292	 37.568       
  3.136	 30.037	 39.110       
  6.075	 32.553	 39.012       
  6.408	 31.987	 35.223       
  2.716	 32.749	 34.731       
  3.001	 35.962	 36.813       
  5.957	 37.367	 34.905       
  4.686	 36.497	 31.425       
  6.149	 38.884	 28.889       
  8.354	 40.902	 31.245       
 12.027	 41.279	 30.153       
 15.164	 39.726	 31.699       
 16.420	 42.580	 33.924       
 18.672	 43.482	 36.851       
 21.258	 40.729	 36.505       
 23.855	 40.472	 39.277       
 26.614	 37.987	 40.018       
 29.555	 37.607	 42.434       
 32.001	 36.431	 39.762       
 31.574	 32.812	 40.917       
 28.347	 30.906	 41.645       
 26.002	 33.476	 43.201       
 23.622	 35.114	 40.651       
 20.244	 36.934	 40.584       
 17.896	 38.444	 37.988       
 14.396	 39.753	 37.540       
 11.601	 39.865	 34.999       
 10.605	 43.468	 34.476       
  8.810	 44.708	 37.532       
  6.955	 41.415	 38.338       
  9.471	 38.906	 39.697       
 13.018	 38.460	 41.004       
 15.162	 35.382	 41.898       
 18.465	 34.924	 43.728       
 20.733	 31.868	 43.750       
 23.627	 30.842	 45.966       
 25.525	 27.897	 44.423       
 28.858	 28.726	 46.098       
 30.359	 27.048	 49.180       
 29.930	 30.110	 51.367       
 27.211	 32.473	 52.508       
 25.369	 34.878	 50.182       
 24.845	 38.219	 51.877       
 24.078	 41.098	 49.537       
 21.664	 43.965	 48.986       
 20.323	 43.849	 45.424       
 18.102	 45.939	 43.150       
 15.002	 43.751	 42.517       
 13.070	 45.944	 40.116       
  9.978	 45.384	 42.247       
  7.702	 47.859	 44.061       
  8.411	 48.220	 47.817       
  6.731	 45.794	 50.185       
  6.917	 42.481	 52.069       
  7.127	 39.556	 49.688       
  6.805	 35.924	 50.582       
  9.713	 33.787	 49.283       
  7.794	 31.165	 47.260       
 10.630	 28.626	 47.409       
 10.484	 28.248	 51.266       
  6.807	 29.013	 51.735       
  3.512	 30.475	 50.468       
  1.380	 33.614	 50.922       
 -1.719	 32.636	 52.939       
 -4.105	 35.549	 53.433       
 -1.941	 38.378	 54.675       
  0.879	 36.232	 55.947       
  3.808	 34.194	 54.630       
  4.518	 30.591	 55.678       
  8.247	 30.828	 54.849       
 10.910	 33.493	 54.474       
  9.832	 37.138	 54.128       
 11.874	 39.468	 51.860       
 11.574	 43.185	 52.603       
 11.910	 45.286	 49.436       
 12.621	 48.920	 50.257       
 10.855	 51.876	 48.655       
 13.786	 52.055	 46.158       
 13.528	 48.510	 44.964       
 16.504	 47.135	 46.944       
 16.379	 44.161	 49.311       
 18.938	 42.419	 51.492       
 19.256	 38.652	 50.817       
 20.934	 36.233	 53.207       
 21.189	 32.629	 51.954       
 23.345	 29.944	 53.536       
 25.075	 27.477	 51.217       
 23.483	 24.887	 53.534       
 19.915	 26.202	 53.458       
 17.033	 23.829	 52.621       
 17.021	 25.398	 49.155       
 19.899	 27.814	 48.374       
 17.719	 30.172	 46.337       
 14.882	 32.650	 46.903       
 12.112	 33.835	 44.546       
  9.468	 36.597	 44.890       
  6.828	 38.028	 42.542       
  3.895	 40.360	 42.251       
  1.406	 37.821	 43.529       
  3.512	 36.904	 46.547       
  3.419	 40.481	 47.904       
  1.470	 41.078	 51.114       
BRIEF 1KXV C 119              
 18.380	-13.814	 -1.275       
 20.663	-16.166	 -3.226       
 19.954	-18.974	 -5.682       
 21.724	-22.272	 -4.845       
 21.530	-25.168	 -7.370       
 22.952	-28.651	 -6.916       
 22.877	-32.325	 -7.826       
 24.359	-32.527	-11.294       
 26.442	-35.506	-12.401       
 27.114	-38.275	-14.903       
 25.161	-41.553	-14.719       
 24.501	-44.287	-17.245       
 21.207	-44.631	-19.010       
 18.598	-45.958	-16.620       
 20.197	-44.323	-13.584       
 18.884	-41.507	-11.335       
 19.885	-38.081	-10.094       
 18.150	-35.545	 -7.896       
 18.525	-31.831	 -8.512       
 17.986	-29.286	 -5.681       
 17.056	-25.616	 -5.909       
 16.818	-23.070	 -3.072       
 16.084	-19.362	 -3.030       
 17.132	-18.593	  0.499       
 17.909	-15.638	  2.656       
 14.541	-13.946	  3.237       
 11.750	-16.132	  4.451       
  9.028	-13.485	  3.947       
  9.462	-13.909	  0.159       
  7.712	-16.738	 -1.665       
  9.133	-18.340	 -4.811       
  7.427	-20.811	 -7.193       
 10.088	-23.113	 -8.849       
 10.450	-24.214	-12.453       
 13.257	-26.199	-14.090       
 14.275	-25.714	-17.743       
 16.999	-27.592	-19.605       
 19.275	-26.689	-22.539       
 20.899	-29.410	-24.664       
 23.778	-28.292	-26.944       
 22.230	-26.734	-30.051       
 18.706	-26.722	-28.586       
 16.970	-23.981	-26.702       
 16.384	-23.642	-22.972       
 13.009	-25.445	-22.547       
 10.712	-25.927	-19.671       
 10.642	-29.416	-18.096       
  8.985	-29.347	-14.688       
  7.556	-26.944	-12.170       
  5.746	-26.595	 -8.855       
  4.057	-23.733	 -7.134       
  3.670	-22.847	 -3.485       
  0.377	-24.698	 -3.201       
  1.972	-27.903	 -4.460       
  0.487	-27.822	 -7.962       
  2.798	-29.616	-10.382       
  3.352	-29.273	-14.138       
  5.459	-31.663	-16.263       
  6.392	-31.654	-19.944       
  5.198	-34.871	-21.616       
  8.667	-36.233	-22.360       
  9.478	-36.584	-18.604       
  6.083	-37.571	-17.251       
  6.159	-40.622	-15.024       
 10.002	-40.488	-14.867       
 10.584	-37.110	-13.205       
  9.017	-36.115	 -9.901       
  9.152	-32.508	 -8.638       
  8.466	-31.720	 -4.970       
  8.811	-29.030	 -2.340       
 12.013	-29.533	 -0.503       
 13.084	-29.408	  3.032       
 11.795	-25.895	  3.724       
  9.941	-22.996	  2.099       
 11.525	-21.789	 -1.106       
 13.210	-25.126	 -1.811       
 12.433	-27.819	 -4.362       
 13.767	-31.120	 -5.655       
 13.677	-32.700	 -9.121       
 13.968	-36.488	 -8.797       
 15.037	-37.773	-12.206       
 14.610	-41.552	-12.660       
 14.987	-43.841	-15.718       
 17.299	-41.296	-17.266       
 17.741	-41.453	-21.019       
 20.582	-40.179	-23.074       
 18.271	-37.456	-24.468       
 17.882	-36.081	-20.930       
 21.498	-34.882	-21.183       
 21.624	-31.065	-20.874       
 22.453	-28.129	-18.580       
 19.482	-27.838	-16.089       
 18.437	-24.426	-14.703       
 16.046	-23.713	-11.807       
 14.205	-20.463	-12.260       
 12.552	-19.238	 -9.031       
  9.634	-16.898	 -9.768       
  8.455	-14.369	 -7.079       
  4.829	-15.252	 -6.260       
  3.844	-11.972	 -4.561       
  5.635	 -8.624	 -4.779       
  6.876	 -7.298	 -1.406       
  9.429	 -4.660	 -0.342       
 12.945	 -6.157	 -0.591       
 11.966	 -9.434	 -2.153       
 14.167	 -9.543	 -5.300       
 13.513	-10.947	 -8.713       
 16.097	-13.775	 -9.071       
 18.026	-13.955	-12.410       
 18.927	-17.203	-14.181       
 21.782	-18.860	-12.392       
 24.472	-21.158	-13.815       
 22.534	-24.354	-13.523       
 23.844	-27.866	-13.106       
 25.193	-30.326	-15.655       
 23.454	-33.626	-16.247       
 25.133	-36.208	-18.511       
 23.498	-39.517	-19.209       
 25.382	-42.667	-20.052       
BRIEF 1KXV D 121              
 25.816	 14.964	 -8.426       
 24.615	 17.637	 -6.319       
 27.188	 20.036	 -4.842       
 27.205	 22.890	 -2.405       
 27.979	 26.396	 -3.712       
 28.559	 29.192	 -1.128       
 29.532	 32.765	 -1.794       
 29.328	 36.220	 -0.608       
 31.694	 37.307	  1.977       
 33.693	 40.493	  2.517       
 34.369	 43.463	  4.730       
 31.752	 46.213	  5.181       
 31.479	 49.289	  7.400       
 29.342	 49.106	 10.545       
 25.755	 49.826	  9.414       
 26.485	 48.390	  5.947       
 24.889	 45.575	  3.929       
 26.050	 42.283	  2.318       
 24.188	 39.427	  0.562       
 25.376	 35.827	  1.016       
 24.348	 33.118	 -1.461       
 23.949	 29.345	 -1.256       
 22.877	 26.549	 -3.622       
 22.648	 22.733	 -3.484       
 23.227	 22.555	 -7.229       
 22.683	 19.766	 -9.734       
 19.280	 18.110	 -9.505       
 15.994	 19.965	 -9.266       
 14.158	 16.705	 -8.452       
 15.726	 16.981	 -4.924       
 14.331	 19.420	 -2.346       
 16.722	 21.086	  0.058       
 15.778	 23.477	  2.926       
 18.394	 26.120	  3.661       
 19.974	 27.226	  7.004       
 22.868	 29.583	  7.656       
 25.084	 29.195	 10.778       
 28.028	 31.403	 11.839       
 31.214	 30.943	 13.925       
 32.469	 34.111	 15.622       
 36.005	 34.389	 17.097       
 36.564	 31.688	 19.712       
 32.925	 30.629	 19.651       
 30.953	 27.746	 18.290       
 29.091	 27.392	 15.009       
 25.543	 28.673	 15.798       
 22.336	 28.829	 13.868       
 21.360	 32.258	 12.483       
 18.574	 31.942	  9.850       
 16.684	 29.274	  7.931       
 13.881	 28.744	  5.423       
 11.989	 25.671	  4.261       
 10.365	 24.640	  1.008       
  6.963	 26.001	  2.055       
  8.590	 29.395	  2.750       
  8.514	 29.317	  6.549       
 11.395	 31.420	  7.923       
 13.151	 31.168	 11.271       
 15.580	 33.761	 12.690       
 17.720	 34.087	 15.839       
 16.485	 37.118	 17.849       
 19.795	 38.951	 17.428       
 19.219	 39.297	 13.635       
 15.472	 39.716	 13.412       
 14.545	 42.875	 11.494       
 18.087	 43.071	 10.060       
 18.666	 39.818	  8.177       
 16.231	 38.516	  5.553       
 16.465	 34.949	  4.153       
 14.698	 33.970	  0.888       
 14.595	 31.321	 -1.772       
 16.361	 32.491	 -4.897       
 15.057	 32.328	 -8.441       
 15.932	 28.648	 -8.862       
 14.854	 25.776	 -6.667       
 17.512	 24.744	 -4.165       
 18.950	 28.309	 -4.061       
 18.742	 30.815	 -1.327       
 20.138	 34.108	 -0.157       
 20.707	 35.849	  3.135       
 20.438	 39.673	  2.814       
 22.224	 41.152	  5.789       
 21.385	 44.804	  6.521       
 22.285	 47.162	  9.377       
 25.397	 45.104	 10.023       
 27.018	 45.253	 13.486       
 30.604	 44.551	 14.502       
 29.235	 41.562	 16.474       
 27.968	 40.065	 13.183       
 31.635	 39.408	 12.293       
 32.140	 35.680	 11.714       
 32.745	 32.800	  9.297       
 29.232	 32.022	  7.836       
 28.254	 28.556	  6.575       
 25.266	 27.476	  4.510       
 23.804	 24.071	  5.494       
 21.355	 22.589	  2.979       
 19.160	 19.869	  4.499       
 17.446	 17.160	  2.366       
 13.669	 17.461	  2.844       
 12.640	 14.050	  1.354       
 14.872	 10.991	  0.723       
 15.189	 10.250	 -3.041       
 17.767	  8.338	 -5.083       
 20.270	 10.798	 -6.633       
 19.871	 13.242	 -3.764       
 22.906	 13.224	 -1.441       
 23.241	 14.551	  2.068       
 25.336	 17.742	  1.779       
 28.073	 18.213	  4.388       
 29.502	 21.473	  5.678       
 31.573	 23.431	  3.141       
 34.369	 26.010	  3.600       
 32.053	 28.881	  4.505       
 32.713	 32.612	  3.836       
 34.204	 35.349	  5.969       
 32.105	 38.361	  6.983       
 33.903	 41.194	  8.773       
 32.159	 44.344	  9.960       
 34.502	 47.185	 10.907       
 33.609	 49.599	 13.757       
