BRIEF 1LK3 A 136              
 32.951	 61.145	 82.226  0.327
 32.902	 58.504	 79.473  0.913
 34.402	 61.208	 77.299  1.139
 37.867	 60.512	 78.692  0.206
 37.919	 57.288	 76.684 -0.299
 36.940	 59.186	 73.560  0.342
 39.501	 61.875	 74.296  1.481
 42.193	 59.244	 74.897 -1.185
 41.427	 57.542	 71.582  0.210
 41.527	 60.892	 69.771  0.863
 44.891	 61.847	 71.298 -2.013
 46.201	 58.860	 69.342 -2.098
 45.215	 60.326	 65.937  1.146
 45.533	 64.024	 66.663  0.661
 49.082	 64.364	 65.391 -2.088
 48.404	 62.564	 62.121 -0.588
 45.491	 64.791	 61.046  0.455
 46.766	 68.082	 62.432  0.994
 47.683	 70.453	 59.576 -0.520
 50.012	 73.491	 59.433 -0.861
 49.834	 77.220	 58.602  1.558
 46.289	 77.163	 57.316 -1.079
 44.380	 80.365	 58.062  0.015
 42.584	 78.241	 60.682 -0.174
 39.199	 78.192	 58.939 -1.293
 37.071	 76.432	 61.526 -0.343
 34.735	 73.722	 60.176  1.363
 32.827	 73.088	 63.424  1.060
 31.621	 76.643	 64.062 -1.385
 29.837	 78.408	 66.928 -2.173
 26.536	 78.024	 65.033 -1.104
 26.858	 74.241	 65.376  0.069
 27.363	 74.473	 69.112 -0.245
 24.426	 76.900	 69.124 -1.578
 22.366	 74.243	 67.361 -0.447
 23.497	 71.579	 69.828 -0.351
 22.210	 73.750	 72.659 -0.266
 18.912	 74.652	 70.998 -0.805
 15.458	 73.187	 70.445 -1.300
 16.648	 70.688	 67.834 -0.293
 19.900	 69.981	 69.738  0.208
 19.266	 66.269	 70.072  1.754
 18.786	 65.914	 66.328  0.529
 21.845	 67.997	 65.415  0.327
 24.009	 65.866	 67.727  0.522
 22.652	 62.549	 66.537  0.682
 23.213	 63.740	 62.954  0.021
 26.790	 64.807	 63.661  0.932
 27.613	 61.479	 65.292  1.165
 26.114	 59.709	 62.271 -0.478
 28.105	 61.937	 59.896  0.823
 31.382	 61.187	 61.701  1.291
 30.698	 57.471	 61.909  0.562
 29.432	 56.957	 58.366 -0.064
 31.063	 59.627	 56.195  0.142
 34.159	 60.976	 57.965  1.746
 35.849	 58.130	 59.767  0.986
 35.682	 55.462	 57.078  0.250
 37.369	 57.925	 54.720 -0.145
 39.849	 58.918	 57.434  1.027
 40.854	 55.256	 57.860 -0.877
 42.020	 55.050	 54.232 -1.568
 44.481	 57.931	 54.405 -2.073
 47.278	 55.722	 55.785 -1.799
 47.392	 52.008	 56.790 -1.015
 49.145	 52.950	 60.011 -1.946
 46.408	 55.322	 61.223 -2.028
 43.550	 52.947	 60.331 -0.438
 43.314	 50.919	 63.525 -0.977
 43.460	 54.060	 65.663 -0.439
 40.743	 55.744	 63.617  0.002
 38.635	 52.596	 63.888  0.429
 39.286	 52.556	 67.650  0.692
 38.016	 56.134	 67.934  0.829
 34.958	 55.102	 65.948  0.617
 34.156	 52.221	 68.296  0.433
 34.462	 54.573	 71.252  0.871
 32.089	 57.007	 69.543  1.109
 29.562	 54.234	 68.866 -1.063
 29.775	 53.289	 72.530 -0.097
 29.277	 56.840	 73.785  1.139
 26.275	 56.875	 71.471  0.029
 24.629	 53.699	 72.798 -1.185
 25.415	 54.914	 76.305 -1.285
 22.942	 57.759	 75.703  0.958
 21.010	 56.396	 72.720 -0.786
 19.683	 53.731	 75.102 -1.114
 19.340	 55.280	 78.551  1.707
 18.644	 58.820	 79.764 -0.218
 17.096	 62.051	 78.494 -0.676
 20.241	 62.791	 76.498 -0.461
 18.705	 61.619	 73.218  0.221
 14.901	 62.188	 73.432 -0.773
 14.860	 62.285	 69.625  1.158
 14.702	 59.435	 67.088 -0.249
 16.519	 69.434	 60.721  0.381
 19.844	 71.177	 61.376  0.465
 20.842	 74.112	 59.197 -0.307
 24.279	 74.183	 60.864 -0.070
 24.863	 70.488	 60.227  0.088
 23.943	 70.856	 56.560 -0.549
 26.404	 73.735	 56.336 -0.580
 29.085	 71.503	 57.842  0.540
 28.440	 68.721	 55.334  0.161
 28.535	 71.114	 52.399 -1.447
 31.750	 72.767	 53.620 -0.158
 33.238	 69.322	 54.220  0.071
 32.288	 68.189	 50.723 -0.807
 33.855	 71.276	 49.154  0.125
 37.105	 70.605	 51.071  0.908
 37.213	 67.058	 49.677 -1.156
 40.244	 65.141	 51.049 -1.474
 41.607	 68.180	 52.915 -0.771
 38.100	 68.054	 54.447  1.115
 38.703	 64.559	 55.883  0.071
 41.826	 65.857	 57.658 -1.630
 40.113	 69.006	 58.818  1.714
 37.099	 67.139	 60.257  1.570
 39.303	 64.636	 62.032  1.095
 41.580	 67.312	 63.545  0.713
 38.570	 69.183	 64.923  1.770
 37.233	 66.078	 66.603  0.769
 38.455	 67.455	 69.939  1.350
 36.209	 70.465	 69.300  0.928
 33.450	 67.935	 68.529  1.109
 33.819	 66.187	 71.894  1.494
 33.818	 69.630	 73.532 -0.349
 30.514	 70.472	 71.846  0.156
 29.182	 67.073	 72.920  1.160
 30.341	 67.811	 76.457  0.759
 28.745	 71.258	 76.242 -1.909
 25.534	 69.508	 75.151  0.780
 25.458	 67.086	 78.083 -0.083
 26.626	 69.669	 80.628 -0.397
 23.256	 71.193	 79.773  0.002
 21.010	 68.367	 80.999  0.669
BRIEF 1LK3 B 136              
  2.232	 39.626	-26.946       
  2.544	 37.700	-23.676       
  1.383	 40.862	-21.993       
 -2.041	 40.143	-23.462       
 -2.248	 36.859	-21.578       
 -1.154	 38.500	-18.329       
 -3.512	 41.382	-19.206       
 -6.341	 38.892	-19.768       
 -5.794	 37.268	-16.414       
 -5.747	 40.658	-14.669       
 -9.081	 41.712	-16.160       
-10.626	 38.758	-14.295       
 -9.789	 40.258	-10.890       
 -9.880	 43.998	-11.588       
-13.403	 44.652	-10.313       
-12.920	 42.731	 -7.071       
 -9.863	 44.777	 -5.959       
-10.706	 48.158	 -7.453       
-11.429	 50.633	 -4.618       
-12.723	 54.185	 -4.802       
-13.150	 57.623	 -3.239       
 -9.589	 57.169	 -2.047       
 -7.803	 60.214	 -3.396       
 -5.644	 57.909	 -5.615       
 -2.269	 57.340	 -3.721       
 -0.392	 55.191	 -6.228       
  1.791	 52.504	 -4.804       
  3.414	 52.117	 -8.222       
  4.543	 55.664	 -8.927       
  6.575	 57.650	-11.446       
  9.914	 56.956	 -9.770       
  9.491	 53.192	 -9.990       
  9.285	 53.359	-13.764       
 12.397	 55.551	-13.816       
 14.136	 53.000	-11.601       
 13.371	 50.290	-14.167       
 15.286	 52.443	-16.655       
 18.264	 53.212	-14.413       
 21.691	 51.558	-14.463       
 20.288	 48.811	-12.246       
 16.778	 48.688	-13.704       
 17.062	 44.963	-14.366       
 17.417	 44.265	-10.656       
 14.547	 46.628	 -9.905       
 12.187	 44.737	-12.236       
 13.371	 41.368	-10.960       
 12.646	 42.484	 -7.387       
  9.165	 43.712	 -8.316       
  8.251	 40.427	 -9.973       
  9.485	 38.496	 -6.958       
  7.543	 40.894	 -4.734       
  4.167	 40.400	 -6.431       
  4.657	 36.660	 -6.667       
  5.870	 35.928	 -3.152       
  4.401	 38.776	 -1.075       
  1.386	 40.342	 -2.789       
 -0.520	 37.571	 -4.565       
 -0.639	 34.932	 -1.842       
 -2.206	 37.521	  0.495       
 -4.670	 38.589	 -2.218       
 -5.901	 35.001	 -2.694       
 -7.067	 34.935	  0.939       
 -9.283	 38.011	  0.666       
-12.170	 35.964	 -0.750       
-12.690	 32.304	 -1.807       
-14.255	 33.395	 -5.103       
-11.230	 35.437	 -6.145       
 -8.582	 32.850	 -5.247       
 -8.485	 30.968	 -8.565       
 -8.308	 34.117	-10.698       
 -5.571	 35.508	 -8.480       
 -3.595	 32.280	 -8.702       
 -4.109	 32.420	-12.457       
 -2.678	 35.927	-12.829       
  0.242	 34.654	-10.775       
  1.009	 31.750	-13.114       
  0.832	 34.112	-16.083       
  3.380	 36.335	-14.368       
  5.588	 33.309	-13.663       
  5.325	 32.407	-17.342       
  5.990	 35.959	-18.482       
  9.282	 36.092	-16.574       
 10.418	 32.818	-18.126       
  9.863	 34.437	-21.507       
 12.390	 37.014	-20.296       
 14.656	 35.046	-17.958       
 15.797	 32.018	-19.949       
 15.996	 33.997	-23.190       
 16.627	 37.458	-24.653       
 18.263	 40.583	-23.210       
 15.435	 41.397	-20.791       
 16.624	 39.815	-17.535       
 20.475	 39.592	-17.581       
 20.728	 40.093	-13.795       
 20.080	 38.147	-10.562       
 18.483	 45.987	 -3.690       
 16.736	 48.918	 -5.363       
 15.942	 52.085	 -3.449       
 12.759	 52.581	 -5.460       
 11.517	 49.058	 -4.779       
 12.283	 49.263	 -1.055       
 10.145	 52.394	 -1.046       
  7.235	 50.492	 -2.579       
  7.629	 47.555	 -0.188       
  7.657	 49.861	  2.841       
  4.645	 51.756	  1.452       
  2.770	 48.504	  0.966       
  3.649	 47.248	  4.492       
  2.289	 50.471	  5.933       
 -0.952	 50.060	  3.929       
 -1.408	 46.577	  5.413       
 -4.578	 44.972	  4.060       
 -5.644	 48.042	  2.091       
 -2.205	 47.681	  0.519       
 -3.158	 44.227	 -0.796       
 -6.163	 45.697	 -2.588       
 -4.173	 48.631	 -3.866       
 -1.240	 46.606	 -5.211       
 -3.674	 44.294	 -6.960       
 -5.805	 47.021	 -8.495       
 -2.671	 48.719	 -9.812       
 -1.400	 45.505	-11.461       
 -2.142	 46.738	-14.978       
  0.112	 49.741	-14.326       
  2.758	 47.225	-13.298       
  2.365	 45.447	-16.638       
  2.881	 48.729	-18.491       
  6.154	 49.195	-16.652       
  7.220	 45.765	-17.866       
  6.131	 46.867	-21.331       
  8.193	 50.071	-21.329       
 11.103	 48.068	-19.905       
 11.104	 45.737	-22.896       
 10.581	 48.807	-25.089       
 14.116	 49.584	-23.903       
 15.764	 46.406	-25.166       
BRIEF 1LK3 L 210              
 38.342	 75.162	 42.050       
 41.828	 73.799	 41.496       
 42.908	 74.292	 37.877       
 45.475	 71.802	 36.559       
 47.719	 72.893	 33.712       
 49.382	 70.318	 31.480       
 50.868	 70.736	 28.007       
 48.384	 70.025	 25.194       
 50.808	 67.942	 23.147       
 54.266	 66.342	 23.194       
 56.269	 64.349	 20.671       
 59.057	 61.903	 21.564       
 60.762	 58.857	 19.977       
 60.614	 55.218	 21.177       
 63.373	 54.454	 23.640       
 63.673	 58.012	 24.962       
 62.644	 59.521	 28.313       
 59.395	 61.467	 28.361       
 58.200	 63.765	 31.156       
 54.793	 65.457	 31.381       
 54.310	 68.317	 33.770       
 51.091	 69.161	 35.561       
 50.806	 72.310	 37.617       
 47.952	 73.038	 40.044       
 46.649	 76.560	 40.762       
 46.859	 75.780	 44.496       
 48.496	 73.077	 46.576       
 47.014	 69.563	 46.436       
 49.747	 68.242	 48.765       
 50.448	 64.693	 47.462       
 47.039	 64.078	 45.899       
 47.838	 64.188	 42.190       
 47.014	 61.182	 40.055       
 47.630	 60.223	 36.397       
 45.619	 58.332	 33.784       
 46.384	 57.005	 30.328       
 43.496	 56.929	 27.836       
 44.082	 55.162	 24.562       
 41.697	 55.692	 21.641       
 38.473	 53.787	 22.013       
 39.241	 52.989	 25.654       
 38.217	 54.202	 29.113       
 40.992	 55.933	 31.156       
 43.464	 53.687	 33.035       
 45.081	 54.761	 36.325       
 48.885	 54.856	 36.084       
 50.121	 56.717	 39.120       
 48.316	 57.633	 42.358       
 49.293	 60.054	 45.134       
 52.059	 61.591	 42.973       
 54.475	 58.654	 42.904       
 52.806	 55.289	 43.505       
 52.573	 52.853	 40.652       
 49.107	 51.404	 40.125       
 49.039	 47.593	 40.122       
 49.372	 46.090	 36.655       
 51.164	 49.169	 35.323       
 54.686	 48.703	 33.945       
 57.665	 50.039	 35.906       
 58.631	 52.246	 32.935       
 55.998	 54.628	 34.377       
 56.830	 56.763	 37.431       
 55.729	 60.068	 38.947       
 57.076	 62.691	 41.338       
 56.178	 66.003	 42.953       
 54.085	 67.501	 45.756       
 52.279	 70.793	 46.361       
 51.693	 72.406	 42.938       
 54.301	 70.836	 40.677       
 54.157	 67.265	 39.444       
 55.646	 65.156	 36.678       
 54.744	 61.878	 35.030       
 57.748	 60.090	 33.562       
 57.759	 57.303	 30.989       
 61.265	 55.865	 30.582       
 61.781	 54.417	 28.101       
 58.685	 55.392	 26.121       
 57.529	 53.008	 23.328       
 55.221	 53.121	 20.261       
 52.056	 51.857	 21.968       
 52.254	 54.586	 24.598       
 50.619	 56.954	 22.094       
 47.563	 58.203	 23.961       
 46.247	 61.118	 25.962       
 47.538	 61.446	 29.546       
 45.513	 63.210	 32.231       
 46.498	 64.509	 35.651       
 43.758	 64.722	 38.336       
 43.716	 66.079	 41.894       
 41.646	 64.948	 44.895       
 42.820	 67.268	 47.707       
 40.264	 70.020	 46.962       
 36.631	 69.902	 45.830       
 35.479	 69.361	 43.219       
 37.864	 66.711	 41.937       
 39.342	 68.197	 38.767       
 41.375	 66.985	 35.793       
 43.981	 68.617	 33.586       
 42.966	 69.134	 29.942       
 45.036	 66.159	 28.808       
 48.383	 65.814	 27.088       
 48.294	 64.018	 23.740       
 51.463	 61.937	 23.280       
 52.836	 61.492	 19.775       
 55.537	 58.948	 18.958       
 58.075	 60.138	 16.443       
 59.208	 57.761	 13.702       
 61.032	 58.062	 10.375       
 59.156	 60.052	  7.702       
 56.789	 57.854	  5.734       
 55.051	 58.712	  2.512       
 51.332	 58.176	  2.167       
 49.942	 55.316	  0.123       
 47.286	 57.115	 -1.969       
 44.141	 55.483	 -3.394       
 41.196	 57.057	 -5.242       
 37.753	 55.471	 -5.630       
 34.873	 56.319	 -7.971       
 31.257	 56.405	 -6.703       
 29.530	 53.019	 -6.750       
 26.845	 52.204	 -9.284       
 24.735	 51.399	 -6.217       
 25.062	 54.964	 -4.998       
 24.634	 56.506	 -8.471       
 21.279	 54.805	 -8.929       
 20.390	 56.930	 -5.899       
 21.143	 60.328	 -7.418       
 24.184	 60.898	 -5.257       
 27.898	 60.561	 -5.852       
 30.786	 60.420	 -3.367       
 34.381	 60.116	 -4.526       
 36.862	 58.886	 -1.996       
 40.565	 59.459	 -1.643       
 42.684	 57.623	  0.931       
 46.185	 58.529	  2.210       
 47.357	 55.697	  4.390       
 50.234	 55.108	  6.804       
 52.160	 58.357	  6.653       
 54.258	 60.424	  9.031       
 54.562	 63.318	 10.025       
 50.909	 64.225	 10.580       
 50.700	 67.408	  8.521       
 49.242	 66.676	  5.113       
 46.797	 68.256	  2.648       
 44.677	 67.102	 -0.216       
 43.241	 68.820	 -3.215       
 40.513	 67.499	 -5.476       
 40.682	 68.464	 -9.168       
 37.938	 67.759	-11.700       
 39.016	 68.123	-15.332       
 41.820	 70.268	-13.989       
 39.678	 72.589	-11.888       
 40.089	 72.662	 -8.096       
 36.902	 71.649	 -6.260       
 36.883	 73.101	 -2.716       
 33.187	 72.633	 -1.956       
 31.713	 69.345	 -0.710       
 34.927	 68.046	  0.844       
 35.211	 66.442	  4.287       
 38.284	 64.719	  5.713       
 39.121	 62.771	  8.853       
 42.403	 61.462	 10.247       
 42.908	 58.316	 12.315       
 44.624	 58.343	 15.703       
 48.337	 57.496	 15.516       
 48.815	 53.728	 15.067       
 50.019	 51.995	 18.272       
 52.223	 49.660	 16.207       
 53.815	 51.537	 13.305       
 53.263	 55.093	 14.581       
 51.754	 56.341	 11.301       
 48.506	 58.246	 10.564       
 45.958	 57.781	  7.799       
 43.478	 60.183	  6.259       
 40.312	 59.816	  4.302       
 38.877	 62.604	  2.135       
 35.372	 62.395	  0.678       
 34.140	 64.620	 -2.159       
 30.354	 64.766	 -2.320       
 28.541	 65.933	 -5.430       
 25.235	 65.171	 -7.149       
 24.926	 62.455	 -9.764       
 24.328	 65.131	-12.444       
 27.450	 67.040	-11.409       
 29.496	 63.849	-11.384       
 28.321	 62.735	-14.782       
 29.165	 66.096	-16.366       
 32.939	 65.731	-15.897       
 35.570	 63.184	-16.853       
 38.867	 63.335	-15.011       
 38.849	 63.044	-11.255       
 42.081	 63.676	 -9.401       
 43.180	 63.452	 -5.822       
 46.465	 65.368	 -5.207       
 48.321	 64.917	 -1.979       
 50.948	 67.159	 -0.450       
 53.258	 65.743	  2.231       
 56.812	 66.545	  3.286       
 58.004	 63.198	  1.898       
 57.750	 64.562	 -1.662       
 58.629	 67.922	 -3.232       
 55.833	 67.584	 -5.774       
 52.234	 66.369	 -5.126       
 51.287	 62.665	 -5.245       
 48.575	 62.305	 -7.861       
 45.939	 59.571	 -8.311       
 43.162	 59.777	-10.867       
 40.453	 57.903	-12.701       
 38.340	 58.740	-15.711       
 34.567	 58.405	-15.404       
BRIEF 1LK3 H 219              
 36.545	 40.272	 39.164       
 35.483	 43.821	 40.012       
 33.054	 44.988	 37.332       
 30.840	 48.016	 36.713       
 28.195	 47.278	 34.077       
 26.465	 50.313	 32.672       
 23.041	 50.589	 31.010       
 22.801	 51.083	 27.219       
 23.400	 54.031	 24.935       
 20.494	 56.526	 24.962       
 19.145	 58.869	 22.265       
 16.965	 61.359	 24.109       
 15.063	 64.533	 23.292       
 16.014	 68.042	 24.462       
 14.141	 68.922	 27.645       
 13.590	 65.337	 28.724       
 15.431	 63.439	 31.437       
 17.255	 60.115	 31.333       
 18.324	 57.789	 34.133       
 21.593	 55.855	 33.762       
 22.531	 52.788	 35.779       
 25.733	 51.132	 36.944       
 25.495	 47.548	 38.167       
 28.401	 46.523	 40.434       
 29.721	 43.012	 40.997       
 32.898	 41.299	 42.218       
 33.173	 43.117	 45.529       
 31.152	 44.156	 48.586       
 28.986	 46.967	 47.193       
 28.661	 48.997	 50.399       
 32.448	 49.133	 51.026       
 33.119	 51.559	 48.142       
 31.730	 54.797	 46.693       
 30.281	 55.159	 43.209       
 31.468	 58.225	 41.277       
 30.207	 59.552	 37.963       
 32.342	 61.243	 35.320       
 31.540	 63.130	 32.096       
 33.671	 63.156	 28.949       
 32.458	 65.289	 26.078       
 33.652	 64.561	 22.549       
 36.937	 66.457	 22.484       
 37.925	 64.459	 25.567       
 37.954	 66.747	 28.632       
 37.058	 64.695	 31.779       
 34.782	 66.246	 34.407       
 33.838	 64.821	 37.801       
 30.093	 64.955	 38.572       
 30.087	 63.615	 42.116       
 29.917	 60.574	 44.321       
 27.420	 58.657	 46.397       
 28.196	 56.431	 49.390       
 25.994	 53.299	 48.857       
 25.846	 52.447	 52.527       
 24.113	 55.675	 53.486       
 23.088	 57.396	 50.296       
 25.214	 60.431	 51.289       
 26.283	 62.472	 48.216       
 28.966	 64.976	 47.223       
 28.181	 66.898	 43.988       
 30.478	 69.064	 41.899       
 28.708	 72.444	 42.185       
 28.688	 72.625	 38.381       
 26.338	 69.610	 38.153       
 24.100	 70.186	 41.122       
 21.165	 71.356	 39.020       
 21.764	 68.749	 36.314       
 22.441	 65.428	 37.985       
 20.888	 63.346	 40.719       
 22.729	 60.330	 42.118       
 20.955	 57.444	 43.855       
 21.751	 53.835	 44.802       
 19.837	 50.612	 45.326       
 21.830	 48.763	 47.991       
 19.658	 45.686	 47.500       
 20.648	 45.284	 43.844       
 24.183	 46.725	 43.985       
 23.137	 49.353	 41.459       
 23.965	 53.024	 41.227       
 21.965	 55.531	 39.187       
 22.465	 58.985	 37.796       
 19.553	 60.942	 36.447       
 20.218	 63.856	 34.125       
 17.386	 66.365	 33.755       
 16.328	 69.173	 31.406       
 18.626	 67.806	 28.709       
 20.312	 70.103	 26.209       
 22.920	 69.409	 23.534       
 25.570	 70.343	 26.148       
 24.711	 67.144	 28.017       
 25.537	 64.921	 25.025       
 28.583	 62.961	 26.185       
 29.978	 59.674	 27.415       
 29.125	 59.145	 31.083       
 31.050	 56.691	 33.243       
 30.715	 55.330	 36.740       
 33.847	 54.508	 38.688       
 34.543	 52.785	 41.963       
 36.325	 54.659	 44.713       
 37.847	 53.503	 47.997       
 36.193	 55.853	 50.508       
 38.495	 58.800	 51.037       
 40.698	 57.971	 48.035       
 39.103	 59.865	 45.165       
 41.049	 58.310	 42.314       
 39.841	 55.638	 39.941       
 41.347	 52.206	 39.217       
 38.038	 50.756	 37.984       
 35.669	 52.245	 35.408       
 32.338	 51.163	 33.981       
 32.351	 50.722	 30.189       
 30.673	 54.084	 29.662       
 27.235	 55.054	 28.397       
 26.844	 57.430	 25.436       
 24.019	 59.973	 25.770       
 22.952	 61.773	 22.587       
 20.561	 64.690	 23.046       
 18.639	 65.373	 19.851       
 15.165	 65.824	 18.354       
 16.188	 63.662	 15.363       
 15.226	 60.012	 14.961       
 17.597	 57.166	 14.109       
 18.592	 56.732	 10.473       
 20.311	 53.520	  9.409       
 23.336	 53.816	  7.067       
 23.628	 52.984	  3.354       
 26.823	 51.003	  2.711       
 28.669	 51.465	 -0.572       
 31.690	 49.652	 -1.924       
 35.073	 51.294	 -2.498       
 36.811	 49.419	 -5.362       
 39.597	 50.597	 -7.757       
 38.566	 52.219	-10.994       
 41.493	 50.714	-12.899       
 45.168	 49.941	-13.511       
 45.378	 46.914	-11.186       
 48.780	 45.417	-12.092       
 51.134	 48.139	-10.906       
 51.202	 47.084	 -7.241       
 51.637	 44.077	 -4.981       
 48.897	 45.355	 -2.649       
 45.335	 46.587	 -3.248       
 43.238	 48.770	 -0.939       
 39.471	 48.242	 -0.793       
 36.815	 49.708	  1.448       
 33.279	 50.599	  2.422       
 31.579	 53.995	  2.620       
 28.999	 53.998	  5.439       
 26.812	 56.967	  4.677       
 24.041	 58.913	  6.319       
 23.499	 57.447	  9.735       
 22.406	 58.762	 13.104       
 23.279	 58.640	 15.913       
 26.837	 57.333	 16.475       
 28.309	 54.746	 16.661       
 28.648	 52.166	 13.891       
 31.048	 49.261	 14.041       
 32.941	 47.929	 11.057       
 34.685	 44.605	 10.734       
 36.237	 42.811	  7.776       
 35.444	 39.197	  6.860       
 33.474	 38.793	 10.087       
 36.411	 39.873	 12.171       
 38.896	 37.329	 10.787       
 40.774	 40.034	  8.817       
 42.141	 42.795	 11.070       
 45.617	 43.419	  9.687       
 45.856	 46.370	  7.284       
 42.502	 47.864	  8.303       
 41.842	 51.607	  8.815       
 38.406	 52.728	 10.063       
 38.297	 56.541	  9.983       
 36.444	 58.857	 12.350       
 32.940	 59.683	 11.174       
 32.165	 63.237	  9.963       
 28.853	 64.995	 10.620       
 26.967	 66.960	  7.985       
 23.343	 68.043	  7.924       
 22.648	 65.896	 10.973       
 23.986	 62.675	  9.468       
 27.293	 60.880	  9.928       
 29.438	 59.265	  7.273       
 32.613	 57.219	  7.665       
 34.910	 55.041	  5.566       
 36.886	 51.894	  6.449       
 39.571	 50.410	  4.221       
 41.528	 47.181	  4.207       
 44.734	 46.492	  2.291       
 45.460	 42.955	  1.033       
 47.963	 41.384	 -1.444       
 46.594	 42.112	 -4.924       
 47.140	 38.482	 -5.998       
 44.486	 37.525	 -3.392       
 41.542	 39.565	 -4.679       
 39.071	 38.813	 -6.052       
 39.891	 35.111	 -5.650       
 39.724	 35.483	 -1.858       
 36.604	 37.429	 -0.827       
 36.672	 40.785	  1.030       
 33.478	 41.834	  2.796       
 32.842	 44.609	  5.298       
 30.334	 43.931	  8.079       
 28.582	 47.078	  9.244       
 26.506	 47.359	 12.406       
 24.465	 50.352	 13.519       
 23.120	 49.244	 16.920       
 20.753	 52.239	 17.322       
 18.712	 51.100	 14.311       
 19.477	 47.419	 14.972       
 20.913	 47.129	 11.497       
 23.639	 44.716	 10.364       
 24.851	 44.793	  6.777       
 27.502	 43.042	  4.729       
 28.936	 44.486	  1.563       
 31.100	 42.155	 -0.495       
 33.690	 44.129	 -2.460       
 33.885	 42.998	 -6.113       
 35.853	 44.291	 -9.106       
 34.165	 47.071	-11.031       
BRIEF 1LK3 M 210              
 -1.673	 54.880	 12.991       
 -5.251	 53.774	 13.626       
 -6.269	 54.268	 17.266       
 -9.132	 52.082	 18.571       
-11.195	 53.347	 21.475       
-13.362	 51.027	 23.554       
-14.777	 51.526	 27.044       
-12.555	 50.394	 29.894       
-15.248	 48.638	 31.917       
-18.844	 47.393	 31.968       
-20.783	 45.468	 34.600       
-23.623	 43.308	 33.355       
-26.028	 40.818	 34.968       
-26.183	 37.212	 33.707       
-28.915	 36.697	 31.160       
-28.758	 40.221	 29.874       
-27.205	 41.878	 26.878       
-23.721	 43.299	 26.781       
-22.702	 45.756	 24.057       
-19.134	 46.882	 23.562       
-18.369	 49.622	 21.140       
-15.023	 50.120	 19.395       
-14.380	 53.298	 17.437       
-11.488	 53.624	 15.023       
 -9.658	 56.919	 14.417       
 -9.895	 56.263	 10.664       
-11.799	 53.842	  8.432       
-10.882	 50.146	  8.632       
-13.726	 49.154	  6.255       
-14.757	 45.689	  7.598       
-11.459	 44.651	  9.129       
-12.361	 44.826	 12.831       
-11.844	 41.717	 14.954       
-12.524	 40.837	 18.572       
-10.733	 38.756	 21.197       
-11.640	 37.460	 24.636       
 -8.827	 37.086	 27.243       
 -9.664	 35.329	 30.511       
 -7.348	 35.698	 33.552       
 -4.103	 33.769	 33.150       
 -4.972	 32.897	 29.533       
 -3.933	 34.082	 26.074       
 -6.469	 35.995	 23.921       
 -8.960	 33.914	 21.977       
-10.467	 35.038	 18.675       
-14.234	 35.588	 18.858       
-15.209	 37.612	 15.787       
-13.344	 38.418	 12.596       
-14.121	 40.899	  9.838       
-16.725	 42.655	 11.990       
-19.412	 39.968	 12.120       
-18.061	 36.497	 11.474       
-18.110	 34.060	 14.354       
-14.810	 32.202	 14.781       
-15.198	 28.438	 14.787       
-16.074	 27.004	 18.160       
-17.583	 30.203	 19.540       
-21.233	 30.200	 20.788       
-23.993	 32.065	 18.946       
-24.381	 34.176	 22.104       
-21.594	 36.169	 20.501       
-22.089	 38.456	 17.539       
-20.669	 41.660	 16.116       
-21.415	 44.407	 13.613       
-20.485	 47.728	 12.054       
-18.263	 49.144	  9.348       
-15.911	 52.001	  8.596       
-15.032	 53.458	 12.020       
-17.904	 52.287	 14.276       
-18.241	 48.720	 15.555       
-19.759	 46.700	 18.323       
-19.371	 43.293	 19.922       
-22.522	 41.965	 21.539       
-22.910	 39.155	 24.040       
-26.512	 38.155	 24.612       
-27.128	 36.466	 26.879       
-23.990	 36.942	 28.974       
-23.028	 34.265	 31.507       
-20.718	 34.029	 34.568       
-18.014	 32.429	 32.439       
-17.803	 35.584	 30.316       
-15.886	 37.622	 32.888       
-12.741	 38.635	 30.990       
-11.193	 41.474	 29.032       
-12.366	 41.970	 25.459       
-10.198	 43.632	 22.813       
-11.033	 44.934	 19.358       
 -8.288	 44.835	 16.695       
 -8.064	 46.218	 13.169       
 -6.133	 44.926	 10.161       
 -7.023	 47.392	  7.361       
 -4.191	 49.835	  8.105       
 -0.608	 49.401	  9.215       
  0.585	 48.849	 11.808       
 -2.065	 46.435	 13.145       
 -3.483	 47.978	 16.334       
 -5.626	 46.901	 19.332       
 -8.068	 48.791	 21.512       
 -7.021	 49.085	 25.186       
 -9.541	 46.429	 26.169       
-12.886	 46.288	 27.917       
-13.114	 44.535	 31.276       
-16.431	 42.756	 31.807       
-17.668	 42.232	 35.322       
-20.551	 39.854	 35.931       
-23.077	 40.996	 38.532       
-24.270	 38.543	 41.168       
-26.109	 38.780	 44.499       
-24.241	 40.503	 47.320       
-21.987	 38.040	 49.148       
-20.245	 38.756	 52.443       
-16.503	 38.191	 52.762       
-15.261	 35.390	 54.952       
-12.607	 37.079	 57.119       
 -9.470	 35.439	 58.565       
 -6.479	 36.928	 60.336       
 -3.053	 35.253	 60.690       
 -0.113	 36.151	 62.978       
  3.516	 36.163	 61.721       
  5.131	 32.719	 61.727       
  7.948	 31.883	 64.118       
 10.064	 31.149	 61.033       
  9.644	 34.650	 59.638       
 10.439	 36.359	 62.933       
 13.886	 34.717	 62.674       
 14.646	 37.229	 59.937       
 13.865	 40.204	 62.165       
 10.772	 40.937	 60.085       
  7.059	 40.326	 60.623       
  4.010	 40.084	 58.339       
  0.420	 39.909	 59.597       
 -2.140	 38.677	 57.058       
 -5.848	 39.320	 56.756       
 -7.933	 37.553	 54.097       
-11.412	 38.577	 52.805       
-12.660	 35.719	 50.636       
-15.508	 35.277	 48.165       
-17.313	 38.585	 48.357       
-19.356	 40.795	 46.019       
-19.389	 43.615	 45.055       
-15.728	 44.484	 44.581       
-15.701	 47.669	 46.677       
-14.268	 46.825	 50.084       
-11.855	 48.248	 52.639       
 -9.684	 46.940	 55.450       
 -8.275	 48.685	 58.487       
 -5.591	 47.379	 60.792       
 -5.587	 48.330	 64.484       
 -2.834	 47.483	 67.004       
 -3.884	 47.803	 70.629       
 -6.700	 49.994	 69.370       
 -4.519	 52.284	 67.255       
 -4.926	 52.385	 63.494       
 -1.829	 51.304	 61.556       
 -1.957	 52.848	 58.067       
  1.722	 52.385	 57.196       
  3.151	 49.076	 55.907       
 -0.059	 47.784	 54.303       
 -0.278	 46.200	 50.846       
 -3.512	 44.726	 49.437       
 -4.199	 42.403	 46.512       
 -7.479	 41.395	 44.820       
 -8.060	 38.326	 42.696       
 -9.683	 38.471	 39.285       
-13.424	 37.789	 39.495       
-14.153	 34.039	 39.758       
-15.357	 32.429	 36.501       
-17.766	 30.195	 38.436       
-19.154	 32.068	 41.433       
-18.485	 35.616	 40.285       
-16.877	 36.651	 43.579       
-13.662	 38.387	 44.505       
-11.152	 37.746	 47.274       
 -8.669	 40.136	 48.778       
 -5.538	 39.741	 50.890       
 -4.019	 42.530	 52.982       
 -0.555	 42.171	 54.440       
  0.670	 44.417	 57.273       
  4.483	 44.608	 57.485       
  6.450	 45.613	 60.584       
  9.750	 44.839	 62.302       
  9.954	 42.033	 64.875       
 10.636	 44.626	 67.585       
  7.517	 46.608	 66.673       
  5.413	 43.457	 66.525       
  6.663	 42.269	 69.884       
  5.897	 45.584	 71.608       
  2.166	 45.275	 71.057       
 -0.492	 42.786	 72.112       
 -3.807	 42.956	 70.243       
 -3.811	 42.709	 66.466       
 -7.081	 43.482	 64.692       
 -8.222	 43.333	 61.068       
-11.504	 45.259	 60.393       
-13.405	 44.858	 57.153       
-16.015	 47.161	 55.705       
-18.301	 45.907	 52.956       
-21.775	 46.707	 51.640       
-23.097	 43.469	 53.134       
-22.766	 44.693	 56.740       
-23.708	 47.965	 58.431       
-20.883	 47.476	 60.905       
-17.293	 46.380	 60.212       
-16.433	 42.695	 60.365       
-13.729	 42.248	 62.990       
-11.117	 39.491	 63.463       
 -8.326	 39.619	 66.031       
 -5.584	 37.649	 67.814       
 -3.408	 38.469	 70.873       
  0.349	 38.048	 70.454       
BRIEF 1LK3 I 219              
 -2.789	 20.072	 16.078       
 -1.611	 23.605	 15.351       
  0.978	 24.504	 17.972       
  3.388	 27.342	 18.693       
  5.970	 26.529	 21.370       
  7.772	 29.514	 22.832       
 11.096	 29.651	 24.658       
 11.200	 30.104	 28.437       
 11.161	 33.245	 30.569       
 14.151	 35.526	 30.513       
 15.724	 38.011	 32.943       
 17.917	 40.538	 31.108       
 20.205	 43.390	 32.249       
 19.359	 46.879	 30.955       
 21.283	 47.450	 27.738       
 21.658	 43.728	 27.003       
 19.776	 41.703	 24.372       
 17.686	 38.529	 24.256       
 16.521	 36.226	 21.456       
 13.125	 34.509	 21.687       
 12.042	 31.462	 19.682       
  8.697	 30.154	 18.487       
  8.692	 26.467	 17.441       
  5.750	 25.733	 15.109       
  4.100	 22.398	 14.343       
  0.858	 20.841	 13.119       
  0.880	 22.628	  9.725       
  3.083	 23.774	  6.792       
  5.561	 26.257	  8.291       
  6.164	 28.259	  5.087       
  2.472	 28.582	  4.257       
  1.781	 30.967	  7.176       
  3.150	 34.189	  8.613       
  4.624	 34.323	 12.109       
  3.501	 37.474	 13.923       
  4.795	 38.785	 17.267       
  2.779	 40.611	 19.921       
  3.682	 42.445	 23.123       
  1.440	 42.678	 26.176       
  2.924	 44.854	 28.873       
  1.725	 44.600	 32.472       
 -1.644	 46.275	 32.375       
 -2.976	 44.104	 29.523       
 -1.965	 46.542	 26.719       
 -1.588	 44.652	 23.373       
  0.752	 45.851	 20.610       
  1.658	 44.227	 17.294       
  5.408	 44.088	 16.625       
  5.356	 42.739	 13.109       
  5.359	 39.659	 10.917       
  7.830	 37.629	  8.901       
  7.013	 35.476	  5.913       
  8.926	 32.224	  6.569       
  8.872	 31.258	  2.886       
 10.880	 34.320	  1.930       
 12.091	 36.032	  5.059       
 10.203	 39.165	  4.018       
  9.318	 41.281	  7.057       
  6.799	 43.946	  7.981       
  7.697	 45.789	 11.190       
  5.576	 48.190	 13.166       
  7.698	 51.399	 13.062       
  7.483	 51.617	 16.833       
  9.528	 48.446	 17.070       
 11.855	 48.607	 14.042       
 14.874	 49.669	 16.113       
 14.042	 47.167	 18.841       
 13.067	 43.894	 17.181       
 14.649	 41.689	 14.527       
 12.642	 38.815	 13.125       
 14.174	 35.751	 11.472       
 13.188	 32.168	 10.752       
 14.898	 28.822	 10.412       
 12.988	 26.686	  7.958       
 14.999	 23.617	  8.964       
 13.582	 23.764	 12.499       
 10.269	 25.424	 11.657       
 11.254	 28.089	 14.150       
 10.594	 31.811	 14.156       
 12.889	 33.984	 16.226       
 12.671	 37.494	 17.592       
 15.740	 39.239	 18.936       
 15.007	 42.197	 21.251       
 18.022	 44.490	 21.444       
 19.403	 46.890	 24.041       
 16.493	 46.562	 26.420       
 15.236	 49.005	 29.031       
 12.507	 48.530	 31.668       
  9.992	 49.586	 28.999       
 10.635	 46.278	 27.242       
  9.553	 44.091	 30.170       
  6.388	 42.348	 28.924       
  4.819	 39.052	 27.846       
  5.741	 38.381	 24.201       
  3.688	 36.056	 22.035       
  3.973	 34.674	 18.521       
  0.844	 34.016	 16.490       
  0.128	 32.235	 13.173       
 -1.357	 34.325	 10.409       
 -3.055	 33.219	  7.209       
 -1.235	 35.486	  4.690       
 -3.393	 38.466	  3.949       
 -5.610	 37.831	  6.997       
 -3.971	 39.665	  9.886       
 -6.057	 38.335	 12.780       
 -5.116	 35.627	 15.234       
 -6.882	 32.318	 15.913       
 -3.671	 30.662	 17.138       
 -1.291	 31.902	 19.819       
  1.972	 30.646	 21.305       
  1.822	 30.315	 25.123       
  3.838	 33.511	 25.628       
  7.300	 34.334	 26.917       
  7.854	 36.568	 29.896       
 10.737	 38.964	 29.543       
 11.787	 40.876	 32.614       
 14.384	 43.610	 32.171       
 16.186	 44.427	 35.401       
 19.512	 45.112	 37.174       
 18.485	 42.696	 39.962       
 19.593	 39.069	 40.293       
 17.083	 36.348	 41.092       
 16.011	 35.937	 44.721       
 14.289	 32.706	 45.880       
 11.105	 33.059	 47.981       
 10.800	 32.352	 51.685       
  7.622	 30.381	 52.392       
  5.808	 30.926	 55.670       
  2.755	 29.228	 57.157       
 -0.544	 31.076	 57.750       
 -2.292	 29.266	 60.655       
 -4.928	 30.684	 63.074       
 -3.831	 32.329	 66.281       
 -7.073	 31.483	 68.083       
 -9.305	 28.488	 68.843       
-11.000	 26.882	 65.843       
-14.268	 26.253	 67.682       
-16.810	 28.638	 66.154       
-16.880	 27.360	 62.571       
-17.263	 24.282	 60.377       
-14.565	 25.499	 57.948       
-11.007	 26.637	 58.522       
 -8.837	 28.713	 56.190       
 -5.091	 28.087	 56.109       
 -2.384	 29.481	 53.872       
  1.156	 30.263	 52.780       
  2.935	 33.629	 52.536       
  5.468	 33.429	 49.675       
  7.743	 36.369	 50.355       
 10.658	 38.205	 48.819       
 11.146	 36.623	 45.431       
 12.178	 37.980	 42.039       
 11.377	 37.703	 39.275       
  7.839	 36.464	 38.635       
  6.348	 33.972	 38.496       
  5.884	 31.332	 41.184       
  3.414	 28.411	 41.074       
  1.505	 27.375	 44.185       
 -0.434	 24.159	 44.630       
 -1.981	 22.467	 47.650       
 -1.342	 18.828	 48.636       
  0.551	 18.353	 45.400       
 -2.369	 19.476	 43.294       
 -4.769	 16.986	 44.921       
 -6.513	 19.787	 46.770       
 -7.798	 22.379	 44.295       
-11.233	 23.481	 45.529       
-11.497	 26.275	 48.113       
 -8.192	 27.738	 46.930       
 -7.316	 31.407	 46.389       
 -3.898	 32.487	 45.157       
 -3.607	 36.303	 45.158       
 -1.702	 38.451	 42.638       
  1.807	 39.209	 43.827       
  2.666	 42.736	 45.010       
  6.022	 44.331	 44.260       
  7.877	 46.266	 46.917       
 11.498	 47.319	 47.117       
 12.218	 45.135	 44.137       
 10.741	 41.941	 45.567       
  7.419	 40.165	 45.050       
  5.281	 38.699	 47.800       
  2.042	 36.746	 47.457       
 -0.393	 34.811	 49.600       
 -2.337	 31.629	 48.784       
 -5.071	 30.162	 51.004       
 -7.148	 27.004	 51.049       
-10.309	 26.293	 52.973       
-11.163	 22.876	 54.323       
-13.640	 21.457	 56.885       
-12.501	 22.273	 60.440       
-12.916	 18.667	 61.536       
-10.234	 17.523	 59.064       
 -7.275	 19.608	 60.216       
 -4.808	 18.916	 61.703       
 -5.690	 15.194	 61.437       
 -5.523	 15.459	 57.652       
 -2.445	 17.308	 56.398       
 -2.412	 20.570	 54.412       
  0.791	 21.582	 52.652       
  1.466	 24.254	 50.035       
  3.954	 23.417	 47.280       
  5.774	 26.442	 45.993       
  7.871	 26.443	 42.853       
 10.020	 29.387	 41.650       
 11.581	 28.274	 38.333       
 13.926	 31.261	 38.062       
 15.763	 30.428	 41.289       
 15.337	 26.673	 40.775       
 13.259	 26.511	 43.981       
 10.629	 23.890	 44.897       
  9.563	 24.098	 48.537       
  6.892	 22.419	 50.630       
  5.449	 23.986	 53.712       
  3.187	 21.878	 55.946       
  0.712	 23.950	 57.915       
  0.518	 22.892	 61.562       
 -1.360	 24.326	 64.506       
  0.148	 27.201	 66.498       
