BRIEF 1MEL L 127              
 23.432	 46.552	 21.652  1.132
 25.814	 44.487	 23.737 -0.553
 23.956	 43.693	 26.915 -0.804
 25.583	 43.217	 30.263 -1.305
 25.291	 39.711	 31.775  0.818
 23.067	 40.804	 34.638  1.484
 21.244	 43.188	 32.240  0.012
 20.428	 40.420	 29.770  0.789
 19.395	 38.094	 32.646  1.146
 16.866	 40.689	 33.908 -0.780
 15.505	 41.266	 30.369 -0.825
 15.211	 37.537	 29.748  0.857
 13.586	 37.025	 33.139 -1.102
 10.943	 39.681	 32.382 -2.490
 10.420	 38.022	 28.996 -2.449
  9.391	 34.798	 30.779  0.620
 12.417	 32.645	 30.069 -0.945
 12.954	 31.533	 33.704 -0.363
 12.053	 27.863	 34.156 -0.405
 10.571	 28.012	 30.594 -0.433
  9.832	 24.399	 29.664 -0.642
 11.878	 23.899	 32.816 -0.075
 15.040	 25.702	 31.741 -0.876
 16.340	 27.845	 34.540  0.092
 17.342	 31.295	 33.340  0.096
 21.098	 30.600	 33.523 -0.063
 20.721	 28.372	 30.503  0.405
 19.443	 31.296	 28.469  1.092
 22.181	 33.706	 29.609  0.317
 24.945	 31.182	 28.872  1.487
 23.525	 30.280	 25.458  1.003
 23.325	 34.006	 24.576  0.682
 26.884	 34.492	 25.804 -0.707
 28.489	 31.786	 23.715 -0.210
 26.156	 32.345	 20.741  1.132
 26.453	 36.124	 20.272  1.516
 28.585	 37.447	 23.192 -1.215
 25.429	 39.393	 24.164 -0.378
 25.527	 41.393	 20.967  0.409
 22.024	 41.708	 19.558  1.348
 23.459	 42.586	 16.181 -2.485
 25.758	 39.684	 15.602  0.931
 25.283	 37.932	 12.270 -0.421
 27.385	 35.074	 11.081  0.639
 27.180	 33.938	  7.516 -1.091
 27.399	 30.183	  7.134  0.398
 28.936	 27.992	  4.378 -1.019
 25.552	 27.056	  3.014  0.459
 24.720	 30.721	  2.384 -0.296
 22.481	 30.945	  5.459  1.167
 23.231	 33.389	  8.291 -0.075
 22.828	 33.318	 12.039  0.974
 21.108	 36.418	 13.444  0.904
 20.848	 38.158	 16.759  1.508
 21.531	 37.473	 20.399  1.024
 20.581	 33.818	 20.155  1.153
 22.024	 33.379	 16.661  1.515
 18.831	 32.178	 14.983  1.429
 19.381	 30.624	 11.563  1.290
 17.843	 31.651	  8.136  0.786
 17.290	 28.306	  6.316 -0.631
 14.807	 27.264	  8.981 -0.581
 13.703	 29.910	 11.511  1.187
 13.552	 33.294	  9.835  1.503
 13.442	 34.658	  6.322 -0.216
 16.238	 36.928	  5.443 -0.635
 15.662	 36.930	  1.669 -1.074
 19.109	 35.632	  0.595 -1.144
 18.746	 32.045	  1.801 -1.014
 17.366	 29.400	 -0.599 -1.319
 14.700	 27.184	  0.914 -1.007
 14.178	 29.220	  4.068 -0.631
 11.620	 27.234	  5.999 -0.760
 11.148	 30.397	  8.076  1.179
  9.518	 28.351	 10.895 -0.920
  9.281	 31.442	 13.128  1.510
  7.323	 33.348	 10.448 -0.764
  9.447	 36.399	 10.998 -0.186
 12.053	 38.411	  9.102 -0.753
 15.589	 37.815	 10.342  1.486
 15.996	 41.571	 10.584 -0.245
 13.458	 41.618	 13.478 -1.014
 16.059	 39.660	 15.504  0.651
 18.822	 42.278	 15.318 -0.122
 16.803	 44.677	 17.521 -0.259
 17.944	 45.896	 20.950  0.248
 14.604	 44.676	 22.132  0.487
 14.957	 40.936	 22.577  1.078
 11.188	 40.288	 22.302 -1.083
 11.205	 38.767	 18.804 -0.285
 14.298	 36.707	 19.527  0.715
 12.787	 35.519	 22.813  0.364
  9.486	 34.820	 21.048 -2.489
 11.199	 32.679	 18.449  1.503
 13.563	 30.964	 20.962  1.021
 10.424	 29.755	 22.714  0.272
  9.030	 28.150	 19.550 -0.514
 12.309	 26.408	 18.849  0.922
 12.338	 25.077	 22.408 -0.615
  8.635	 24.254	 22.677 -1.057
  8.778	 22.414	 19.319  0.553
 10.639	 19.627	 21.148 -0.412
 14.130	 20.580	 19.988 -0.369
 15.109	 21.510	 23.526  1.126
 18.074	 23.795	 24.120  0.691
 20.148	 21.438	 22.115 -1.227
 18.969	 23.542	 19.181  0.985
 21.739	 25.879	 20.319  1.225
 25.072	 24.519	 19.435  0.024
 26.797	 26.924	 21.798  0.407
 24.540	 25.836	 24.728  0.935
 25.028	 22.117	 24.035 -2.443
 28.791	 22.797	 23.859 -1.163
 29.505	 25.418	 26.537 -0.815
 26.580	 25.119	 28.993  1.502
 24.888	 21.705	 29.035 -1.108
 25.933	 19.924	 32.237 -0.150
 27.762	 22.950	 33.674 -0.638
 26.788	 25.096	 36.680 -0.804
 24.564	 27.359	 34.574  0.180
 23.202	 29.305	 37.563 -0.283
 26.681	 30.774	 37.770 -1.092
 25.417	 32.913	 34.920 -0.021
 22.758	 34.680	 36.954 -0.235
 24.219	 34.709	 40.494 -0.952
 25.011	 38.237	 41.662 -0.840
 22.281	 40.162	 39.764  1.505
BRIEF 1MEL M 127              
 43.933	 17.122	 21.578       
 41.226	 19.780	 21.650       
 40.144	 20.813	 25.116       
 36.767	 21.575	 26.500       
 36.538	 24.959	 28.213       
 36.124	 23.717	 31.780       
 38.516	 20.859	 31.118       
 41.400	 23.214	 30.308       
 40.541	 25.447	 33.241       
 40.934	 22.614	 35.776       
 44.175	 21.476	 34.129       
 45.509	 25.037	 34.339       
 44.248	 25.292	 37.942       
 45.929	 22.052	 38.980       
 49.004	 23.493	 37.232       
 49.125	 26.712	 39.247       
 47.825	 29.263	 36.694       
 45.010	 30.868	 38.777       
 45.980	 34.272	 40.075       
 49.594	 33.598	 39.048       
 50.985	 37.131	 38.973       
 47.456	 38.429	 39.596       
 46.177	 36.846	 36.424       
 43.137	 34.859	 37.330       
 42.370	 31.636	 35.501       
 39.812	 33.059	 33.072       
 42.723	 34.964	 31.621       
 44.687	 31.934	 30.697       
 41.635	 30.127	 29.382       
 40.844	 33.214	 27.306       
 44.312	 33.446	 25.690       
 44.498	 29.773	 24.712       
 40.997	 29.969	 23.282       
 41.999	 32.771	 20.928       
 45.537	 31.546	 20.426       
 44.924	 27.865	 19.519       
 41.229	 27.270	 20.151       
 42.156	 24.664	 22.766       
 43.904	 22.543	 20.178       
 47.221	 21.421	 21.656       
 48.407	 20.422	 18.205       
 48.246	 23.911	 16.652       
 51.356	 25.184	 14.898       
 51.407	 28.314	 12.846       
 54.377	 28.832	 10.544       
 55.553	 32.420	 10.295       
 57.009	 34.698	  7.682       
 60.295	 34.916	  9.593       
 60.989	 31.201	  9.447       
 59.967	 30.536	 13.031       
 56.808	 28.636	 14.031       
 54.318	 29.170	 16.902       
 53.425	 25.983	 18.757       
 50.707	 24.519	 20.792       
 47.781	 25.713	 22.759       
 49.328	 29.074	 23.766       
 51.191	 29.527	 20.454       
 54.656	 29.849	 21.932       
 57.298	 31.196	 19.508       
 60.190	 29.091	 18.256       
 62.651	 31.980	 17.895       
 62.351	 33.170	 21.475       
 60.914	 30.528	 23.789       
 61.549	 27.062	 22.404       
 63.779	 25.442	 19.855       
 62.443	 23.533	 16.832       
 65.823	 22.856	 15.311       
 64.617	 24.721	 12.174       
 64.966	 28.231	 13.586       
 68.515	 29.783	 13.750       
 69.402	 32.221	 16.538       
 66.534	 30.870	 18.609       
 66.980	 32.141	 22.171       
 65.169	 29.154	 23.750       
 64.394	 30.992	 26.975       
 62.109	 28.204	 28.253       
 64.901	 25.694	 27.548       
 62.757	 23.094	 25.823       
 62.149	 21.499	 22.430       
 59.098	 23.043	 20.795       
 57.564	 19.584	 20.275       
 56.966	 19.416	 24.022       
 54.322	 22.118	 23.594       
 52.238	 19.860	 21.353       
 51.580	 17.003	 23.779       
 48.115	 16.221	 25.179       
 49.609	 17.237	 28.473       
 49.911	 20.992	 28.980       
 52.704	 20.741	 31.526       
 55.530	 21.992	 29.278       
 53.300	 24.805	 27.888       
 52.254	 25.986	 31.400       
 55.756	 26.133	 32.874       
 56.966	 28.091	 29.855       
 53.886	 30.295	 29.862       
 54.775	 31.192	 33.443       
 58.302	 32.079	 32.398       
 56.897	 34.341	 29.707       
 54.573	 36.151	 32.127       
 57.436	 36.363	 34.627       
 60.284	 38.850	 34.098       
 57.766	 41.808	 33.934       
 56.357	 40.753	 30.548       
 52.834	 40.029	 31.680       
 50.145	 38.503	 29.524       
 50.725	 41.281	 26.967       
 53.167	 38.784	 25.563       
 50.149	 37.318	 23.783       
 48.720	 39.954	 21.466       
 45.501	 37.917	 21.133       
 45.054	 38.167	 24.887       
 45.690	 41.856	 24.569       
 42.997	 42.293	 21.918       
 40.399	 39.726	 22.824       
 40.783	 39.290	 26.571       
 42.462	 42.250	 28.274       
 39.631	 44.367	 29.627       
 36.894	 41.759	 29.108       
 34.859	 39.506	 31.388       
 37.602	 36.864	 31.200       
 35.968	 35.045	 34.081       
 33.233	 34.104	 31.604       
 35.694	 31.467	 30.432       
 35.657	 29.476	 33.635       
 32.189	 30.473	 34.722       
 29.985	 27.500	 35.489       
 32.940	 25.095	 35.669       
BRIEF 1MEL A 132              
  9.489	  8.522	 11.500       
 10.827	  5.851	  9.166       
 14.191	  5.391	  7.425       
 14.323	  2.872	  4.593       
 17.689	  2.039	  3.054       
 18.111	  0.366	 -0.350       
 21.122	 -0.782	 -2.297       
 23.983	 -2.808	 -1.004       
 24.850	 -6.372	 -2.018       
 28.103	 -7.868	 -3.284       
 30.518	 -6.587	 -5.812       
 34.076	 -7.198	 -6.798       
 36.857	 -5.111	 -5.344       
 37.130	 -2.030	 -7.574       
 33.470	 -1.831	 -8.498       
 30.876	  0.592	 -7.222       
 27.545	  0.425	 -5.390       
 24.824	  2.943	 -4.656       
 22.878	  3.030	 -1.384       
 19.752	  5.138	 -0.755       
 17.683	  6.234	  2.180       
 14.312	  7.849	  2.329       
 13.183	  9.352	  5.640       
  9.425	  9.035	  5.978       
  6.970	 10.388	  8.470       
  8.653	 13.756	  8.897       
  6.793	 17.002	  9.084       
 10.037	 18.991	  9.457       
 13.508	 17.716	  8.787       
 15.654	 15.794	  9.247       
 18.397	 18.367	  9.740       
 21.012	 15.660	  9.002       
 21.096	 12.275	  7.192       
 24.309	 10.255	  7.115       
 25.778	  6.794	  6.922       
 27.497	  4.671	  9.542       
 29.082	  1.299	  9.045       
 29.943	 -1.618	 11.334       
 32.728	 -3.642	  9.754       
 33.168	 -7.091	 11.266       
 35.334	 -6.865	 14.362       
 35.887	 -3.109	 14.146       
 34.474	  0.108	 15.614       
 31.366	  1.706	 14.191       
 32.534	  4.202	 11.612       
 30.887	  7.462	 10.671       
 31.134	  7.474	  6.853       
 29.389	 10.440	  5.363       
 26.734	 13.087	  6.218       
 24.923	 15.880	  4.502       
 23.169	 18.864	  5.920       
 19.599	 18.529	  4.601       
 18.639	 21.390	  2.357       
 21.790	 23.396	  2.871       
 23.602	 20.509	  1.203       
 26.977	 20.598	  3.026       
 28.760	 17.234	  3.071       
 31.353	 15.612	  5.324       
 33.226	 12.341	  4.826       
 35.316	 10.051	  6.968       
 38.988	 10.288	  6.068       
 39.031	  6.688	  4.903       
 36.282	  7.161	  2.348       
 37.336	 10.598	  1.315       
 37.639	 10.769	 -2.450       
 35.739	  7.551	 -3.117       
 32.287	  8.088	 -1.652       
 29.863	 10.867	 -2.478       
 26.650	 11.620	 -0.590       
 23.833	 13.623	 -2.132       
 20.109	 14.266	 -1.724       
 17.103	 13.869	 -4.026       
 14.999	 15.915	 -1.577       
 11.338	 14.784	 -1.891       
 10.850	 12.326	  0.997       
 14.209	 13.328	  2.522       
 15.996	 10.823	  0.299       
 19.831	 10.688	  0.052       
 22.368	  8.460	 -1.764       
 25.850	  7.310	 -1.231       
 27.716	  6.492	 -4.424       
 30.616	  4.225	 -3.502       
 33.392	  3.875	 -6.092       
 36.759	  2.129	 -5.847       
 35.257	 -0.311	 -3.390       
 37.958	 -2.323	 -1.588       
 37.304	 -5.379	  0.605       
 38.041	 -3.218	  3.691       
 34.726	 -1.493	  2.878       
 32.877	 -4.762	  3.683       
 30.480	 -3.905	  6.511       
 26.899	 -3.300	  7.592       
 25.778	  0.127	  6.440       
 23.321	  2.043	  8.492       
 21.372	  5.115	  7.553       
 20.785	  7.709	 10.270       
 19.001	 11.058	 10.663       
 19.293	 13.908	 13.215       
 15.732	 15.128	 13.803       
 16.590	 18.320	 15.724       
 16.011	 21.556	 13.905       
 18.950	 23.535	 15.281       
 18.520	 27.240	 16.024       
 22.077	 28.099	 15.148       
 24.055	 26.493	 12.342       
 25.027	 22.859	 12.940       
 27.527	 21.025	 10.749       
 26.254	 17.433	 10.490       
 29.662	 15.840	 10.245       
 30.069	 16.943	 13.879       
 27.833	 14.253	 15.375       
 29.042	 11.775	 12.757       
 32.699	 12.059	 13.706       
 31.921	 11.937	 17.437       
 30.025	  8.714	 18.006       
 26.854	  9.555	 16.076       
 25.691	 12.165	 18.590       
 22.463	 13.759	 17.566       
 21.602	 11.055	 15.055       
 18.511	  9.733	 16.768       
 16.693	  7.905	 14.016       
 18.232	  4.824	 12.608       
 17.385	  2.465	  9.835       
 17.816	 -1.181	  9.019       
 21.379	 -2.172	  8.196       
 22.344	 -3.216	  4.708       
 25.320	 -5.526	  4.210       
 27.780	 -4.643	  1.531       
 30.388	 -7.253	  0.783       
 33.332	 -6.548	 -1.445       
 34.707	 -9.709	 -3.175       
 38.214	-10.856	 -4.140       
BRIEF 1MEL B 132              
 66.935	 51.424	 29.858       
 68.460	 54.153	 27.678       
 68.058	 54.811	 23.942       
 71.021	 56.907	 22.851       
 70.355	 58.228	 19.308       
 73.145	 59.912	 17.319       
 73.758	 61.538	 13.935       
 71.291	 63.874	 12.238       
 71.251	 67.551	 11.321       
 70.970	 69.394	  8.002       
 71.523	 67.960	  4.518       
 71.129	 69.111	  0.903       
 68.124	 67.699	 -0.879       
 69.412	 64.558	 -2.574       
 71.855	 63.948	  0.230       
 72.296	 61.446	  3.034       
 72.310	 60.947	  6.796       
 73.001	 57.925	  8.977       
 70.981	 57.867	 12.230       
 72.176	 55.598	 15.075       
 70.436	 54.316	 18.156       
 71.881	 52.236	 20.984       
 69.890	 50.495	 23.652       
 71.399	 50.124	 27.113       
 70.017	 48.207	 30.109       
 68.335	 45.253	 28.436       
 68.822	 41.808	 29.980       
 66.884	 40.540	 26.985       
 65.205	 42.290	 24.069       
 64.118	 44.774	 22.822       
 61.804	 42.780	 20.584       
 61.436	 45.821	 18.311       
 63.351	 48.950	 17.406       
 62.261	 51.559	 14.918       
 62.228	 55.236	 14.123       
 59.365	 57.682	 14.276       
 59.531	 61.227	 13.117       
 57.403	 64.277	 13.598       
 57.477	 67.056	 11.026       
 56.577	 70.609	 12.105       
 52.829	 70.765	 11.562       
 51.957	 67.114	 11.073       
 51.299	 64.259	 13.545       
 53.950	 61.668	 14.441       
 54.555	 58.894	 11.881       
 56.536	 55.654	 11.834       
 59.538	 55.655	  9.488       
 60.978	 52.130	  9.772       
 61.058	 49.252	 12.307       
 62.999	 46.010	 12.528       
 62.055	 42.777	 14.414       
 65.192	 42.512	 16.436       
 66.317	 38.933	 16.193       
 64.527	 37.904	 13.007       
 65.788	 40.859	 10.977       
 62.507	 41.429	  9.106       
 62.184	 45.092	  8.115       
 59.158	 47.384	  7.658       
 58.984	 50.896	  6.130       
 56.463	 53.683	  5.742       
 55.475	 53.886	  2.016       
 57.008	 57.362	  1.853       
 60.337	 55.922	  2.873       
 60.601	 52.645	  1.029       
 63.569	 52.376	 -1.316       
 65.188	 55.455	  0.216       
 65.945	 54.570	  3.830       
 67.379	 51.267	  5.085       
 67.235	 50.153	  8.704       
 69.747	 47.655	 10.093       
 70.989	 46.351	 13.428       
 74.014	 45.665	 15.607       
 72.551	 43.343	 18.242       
 75.984	 43.325	 19.898       
 74.920	 46.569	 21.611       
 71.213	 46.613	 20.636       
 72.083	 49.437	 18.223       
 70.090	 49.995	 14.973       
 71.064	 52.265	 12.057       
 68.850	 54.238	  9.747       
 70.582	 54.993	  6.468       
 68.715	 57.769	  4.752       
 69.448	 58.264	  1.106       
 67.973	 60.765	 -1.297       
 66.762	 63.174	  1.381       
 63.839	 65.279	  0.149       
 63.026	 68.501	  1.963       
 59.854	 67.039	  3.424       
 62.102	 64.484	  5.206       
 62.799	 67.348	  7.619       
 61.435	 66.441	 11.055       
 62.459	 65.347	 14.531       
 63.427	 61.668	 14.450       
 62.746	 59.591	 17.527       
 64.258	 56.191	 18.216       
 61.810	 53.829	 19.993       
 61.864	 50.204	 21.071       
 59.370	 47.589	 22.176       
 60.407	 45.800	 25.358       
 57.769	 43.068	 25.355       
 59.225	 39.634	 24.317       
 56.125	 38.292	 22.672       
 54.842	 34.728	 23.096       
 53.468	 34.395	 19.569       
 55.006	 35.893	 16.433       
 54.605	 39.642	 16.386       
 55.570	 42.032	 13.659       
 57.261	 45.251	 14.661       
 55.741	 47.000	 11.665       
 52.308	 46.899	 13.331       
 53.334	 49.252	 16.059       
 55.025	 51.514	 13.545       
 51.737	 51.714	 11.611       
 49.607	 52.320	 14.706       
 51.414	 55.497	 15.741       
 54.003	 53.849	 17.956       
 51.647	 51.416	 19.629       
 53.661	 49.087	 21.835       
 56.868	 51.109	 21.628       
 57.528	 51.790	 25.288       
 61.058	 53.163	 25.340       
 61.659	 56.382	 23.394       
 64.921	 58.282	 23.064       
 65.152	 62.060	 22.747       
 64.359	 63.438	 19.323       
 67.237	 64.050	 16.901       
 66.639	 66.869	 14.345       
 67.094	 66.463	 10.616       
 66.871	 69.371	  8.214       
 66.804	 68.948	  4.399       
 67.007	 71.956	  2.008       
 65.816	 73.263	 -1.427       
