BRIEF 1MHP B 192              
113.414	 72.677	 14.686  0.779
114.224	 70.425	 17.633 -0.306
111.265	 68.710	 19.288  0.372
110.974	 65.640	 21.493  1.349
107.918	 63.885	 20.105  0.824
106.357	 60.950	 21.956  0.631
103.640	 59.037	 20.115  0.999
100.996	 57.347	 22.243  0.597
 99.451	 54.479	 20.289  0.931
 96.199	 52.768	 21.204  1.374
 96.700	 49.039	 20.732  0.905
 93.653	 47.780	 22.612  1.375
 91.565	 44.927	 21.216  0.795
 89.275	 47.285	 19.324  1.103
 92.033	 48.722	 17.110  0.888
 91.959	 46.886	 13.756  0.376
 93.721	 46.362	 11.479  0.938
 97.108	 47.062	 13.111  1.351
 98.797	 47.432	  9.693 -0.321
 96.850	 50.620	  8.989 -0.303
 98.027	 52.137	 12.280  0.834
101.613	 51.305	 11.400  0.375
101.271	 52.670	  7.866 -1.069
100.083	 55.823	  9.583  1.329
103.286	 55.867	 11.611  0.114
105.470	 55.208	  8.591 -0.894
103.940	 58.079	  6.581 -0.401
104.152	 60.403	  9.570 -0.021
107.692	 59.520	 10.669  0.576
109.304	 59.291	  7.221 -2.001
108.587	 63.006	  6.635 -0.544
110.777	 63.821	  9.678  0.768
114.451	 64.590	 10.276 -0.402
115.236	 62.465	 13.331  0.739
118.521	 62.912	 15.178  0.331
120.124	 63.620	 18.606 -1.011
120.186	 67.265	 17.534 -1.140
117.112	 67.117	 15.279 -1.803
113.706	 65.648	 16.025  0.649
113.619	 62.822	 18.546  0.607
110.837	 60.255	 18.649  0.379
109.630	 57.782	 21.213  0.037
106.617	 55.519	 20.958  0.611
104.370	 54.332	 23.774  0.571
101.580	 51.785	 23.312  1.213
 98.671	 51.159	 25.680  0.939
 95.675	 48.920	 26.270  1.196
 95.284	 47.084	 29.584  0.252
 98.862	 48.041	 30.395 -1.981
101.454	 50.346	 28.866  0.361
104.758	 49.552	 27.197 -0.476
107.656	 51.713	 26.029 -0.348
108.123	 50.583	 22.417  1.027
111.293	 52.691	 22.126  0.273
112.810	 55.686	 23.971 -0.642
113.286	 59.215	 22.685  1.089
117.027	 58.660	 22.426 -0.545
116.990	 55.051	 21.183 -1.964
117.509	 55.815	 17.491 -0.915
119.693	 58.608	 16.089 -1.998
118.379	 58.289	 12.558 -0.486
115.105	 58.589	 10.661 -0.188
115.444	 55.210	  8.964 -2.001
116.441	 53.584	 12.267 -1.995
113.190	 54.922	 13.709 -0.225
111.207	 54.164	 10.570 -0.471
112.404	 50.569	 10.809 -1.999
111.803	 50.203	 14.526  0.801
108.324	 51.658	 14.122  0.689
107.264	 49.091	 11.524 -1.829
108.418	 46.326	 13.856 -0.839
105.945	 47.362	 16.553  0.669
103.436	 44.647	 17.392 -1.955
 99.907	 45.181	 18.687  0.814
 99.664	 44.114	 22.330 -0.627
 95.868	 44.283	 22.402 -0.174
 93.852	 45.009	 25.500  0.666
 90.467	 44.199	 27.011  0.479
 90.423	 47.826	 28.182 -0.062
 91.572	 51.197	 26.820  1.374
 93.679	 52.980	 29.426 -0.276
 94.102	 56.178	 27.393  1.374
 94.594	 58.094	 30.645  1.256
 97.384	 55.752	 31.728 -0.734
 99.033	 55.877	 28.318  1.333
 99.216	 59.666	 28.259  0.892
100.286	 59.876	 31.916 -0.804
102.998	 57.276	 31.260 -0.629
104.202	 59.116	 28.179  0.219
104.361	 62.165	 30.431 -0.332
105.914	 60.939	 33.660 -0.650
108.264	 58.454	 31.964 -0.618
108.860	 58.901	 28.248  0.171
109.530	 62.580	 28.795  1.026
112.266	 62.182	 31.391 -0.198
115.890	 63.085	 30.580 -2.000
116.784	 59.491	 31.446 -1.222
114.805	 58.305	 28.417 -0.451
116.226	 60.863	 26.014  1.131
114.209	 63.941	 26.939  0.325
116.482	 66.760	 25.768  1.322
116.830	 69.640	 28.229 -1.990
114.825	 72.705	 27.233 -0.745
113.357	 71.266	 24.049  0.578
109.698	 71.464	 23.086 -0.103
107.706	 68.419	 24.208  0.683
105.121	 67.115	 21.730  0.713
102.651	 64.269	 22.275  0.350
100.607	 62.580	 19.558  0.708
 97.692	 60.403	 20.701  0.848
 95.758	 57.981	 18.521  0.704
 92.709	 56.052	 19.689  1.375
 89.375	 54.601	 18.530  1.211
 87.450	 54.331	 21.793  1.182
 86.335	 55.931	 25.025  0.314
 89.067	 55.369	 27.576  1.135
 88.084	 53.212	 30.527  0.489
 89.825	 55.758	 32.753  1.364
 87.646	 58.765	 31.813 -1.162
 87.925	 59.837	 35.432 -0.489
 91.544	 60.892	 35.641 -0.735
 91.855	 61.947	 32.007  0.956
 91.097	 65.473	 33.206 -2.001
 93.968	 65.338	 35.709 -1.100
 96.457	 63.831	 33.256  0.070
 95.797	 66.379	 30.487  1.058
 96.169	 68.935	 33.269 -1.875
 99.612	 67.716	 34.304 -0.845
100.538	 67.776	 30.629  0.866
 99.584	 71.467	 30.425  0.228
101.656	 72.302	 33.495 -1.994
104.606	 70.757	 31.668 -1.612
104.043	 72.505	 28.338  0.512
103.366	 69.361	 26.289  0.710
101.831	 70.198	 22.908  0.122
 99.138	 67.605	 22.363  0.323
 97.713	 66.392	 19.066  0.517
 94.962	 63.835	 19.374  0.975
 93.288	 61.779	 16.693  0.781
 90.050	 59.896	 16.955  1.359
 89.205	 56.922	 14.772  1.004
 85.399	 56.937	 14.581  0.787
 85.115	 53.501	 12.967 -0.097
 83.563	 51.376	 15.700  0.213
 80.982	 53.912	 16.754  0.418
 79.681	 54.538	 13.264 -0.839
 79.513	 50.850	 12.362  0.854
 77.476	 49.795	 15.374  0.342
 75.177	 52.740	 14.724 -0.896
 76.260	 54.525	 17.921 -1.341
 76.534	 58.272	 18.644  0.147
 80.096	 59.500	 18.559 -1.535
 79.970	 62.978	 20.038 -1.985
 80.622	 61.942	 23.636 -1.573
 83.729	 60.226	 22.244  0.448
 84.791	 63.050	 19.944 -2.001
 84.520	 65.377	 22.915 -1.919
 86.663	 63.091	 25.060  1.158
 89.479	 63.175	 22.472  1.344
 89.321	 66.881	 21.624 -0.678
 89.788	 67.571	 25.335 -1.678
 93.005	 65.582	 25.158  0.967
 94.247	 67.979	 22.497  0.982
 95.801	 71.367	 23.141  0.978
 94.137	 74.735	 22.614 -0.755
 93.324	 75.694	 19.890  0.727
 91.410	 72.410	 19.764 -0.832
 90.842	 72.825	 16.004 -1.974
 94.537	 72.966	 15.141 -0.824
 95.326	 70.011	 17.391  0.501
 92.475	 67.546	 16.835  0.654
 91.898	 65.200	 13.899  0.288
 88.863	 63.110	 12.978 -0.271
 89.027	 59.872	 10.981  0.973
 86.300	 57.557	  9.711 -0.192
 88.342	 54.377	 10.272  0.659
 91.845	 52.909	 10.748  0.912
 92.310	 53.175	  6.971 -0.273
 91.759	 56.908	  6.687  0.057
 94.492	 57.652	  9.256  0.913
 96.934	 58.246	  6.378 -1.355
 94.743	 60.925	  4.818 -1.145
 95.812	 63.075	  7.792  0.400
 99.575	 62.643	  8.060 -0.591
100.097	 65.609	  5.732 -1.769
 98.053	 68.043	  7.814 -0.625
 99.200	 66.447	 11.078  0.186
102.784	 66.666	  9.949 -0.386
102.653	 70.317	  8.967 -1.080
100.398	 71.340	 11.847 -0.644
103.084	 70.066	 14.227  0.540
105.347	 71.604	 11.560  0.778
BRIEF 1MHP A 184              
130.726	 51.757	 -7.915       
127.592	 50.397	 -9.569       
126.718	 46.794	 -8.767       
123.477	 44.817	 -8.976       
123.502	 42.809	 -5.761       
120.987	 40.036	 -5.193       
120.856	 38.537	 -1.699       
119.741	 34.915	 -1.428       
118.367	 34.297	  2.061       
117.820	 30.854	  3.554       
114.491	 30.948	  5.370       
114.011	 27.191	  5.832       
112.686	 25.802	  9.091       
116.179	 25.378	 10.510       
117.050	 29.083	 10.379       
116.438	 30.600	 13.849       
115.969	 33.234	 15.055       
114.839	 35.170	 11.967       
115.510	 38.504	 13.734       
119.241	 37.850	 13.715       
119.189	 37.213	  9.961       
117.351	 40.482	  9.427       
119.711	 42.391	 11.710       
122.442	 40.989	  9.498       
120.677	 42.467	  6.471       
120.159	 45.832	  8.175       
123.816	 46.218	  9.120       
124.910	 45.099	  5.650       
122.475	 47.193	  3.609       
122.684	 50.379	  5.693       
126.385	 50.759	  4.797       
125.371	 50.959	  1.104       
124.504	 53.744	 -1.344       
121.464	 52.307	 -3.122       
120.091	 54.029	 -6.226       
119.094	 53.512	 -9.901       
122.581	 54.751	-10.732       
124.246	 53.513	 -7.548       
124.052	 50.083	 -5.953       
120.897	 48.127	 -6.612       
119.634	 45.408	 -4.298       
117.177	 42.573	 -4.672       
116.395	 39.906	 -2.133       
115.403	 36.303	 -2.769       
114.335	 33.873	 -0.049       
114.196	 30.084	 -0.310       
113.171	 26.954	  1.572       
110.764	 24.475	 -0.020       
110.019	 27.088	 -2.668       
111.511	 30.423	 -3.660       
110.058	 33.915	 -3.474       
111.196	 37.281	 -4.819       
111.069	 39.488	 -1.732       
111.786	 42.562	 -3.845       
113.321	 43.265	 -7.276       
116.619	 44.958	 -8.078       
114.816	 48.061	 -9.284       
111.998	 48.137	 -6.710       
113.538	 50.731	 -4.407       
115.557	 53.764	 -5.513       
116.787	 54.615	 -2.048       
118.854	 53.075	  0.735       
116.238	 53.746	  3.394       
113.485	 52.412	  1.126       
115.472	 49.180	  0.853       
116.459	 49.205	  4.521       
112.798	 49.443	  5.432       
111.624	 46.839	  2.964       
114.339	 44.464	  4.147       
113.268	 44.608	  7.788       
109.705	 43.817	  6.744       
110.754	 40.475	  5.262       
109.065	 37.511	  6.904       
110.512	 34.024	  7.234       
108.599	 31.602	  5.005       
110.148	 28.513	  6.567       
110.682	 25.265	  4.718       
110.815	 21.543	  5.433       
113.672	 21.428	  2.912       
116.581	 23.704	  1.948       
116.607	 24.236	 -1.810       
119.841	 26.259	 -1.840       
120.408	 25.162	 -5.448       
116.985	 26.410	 -6.489       
117.449	 29.679	 -4.624       
120.736	 30.498	 -6.354       
119.473	 29.352	 -9.743       
116.347	 31.510	 -9.296       
118.395	 34.517	 -8.270       
120.390	 33.879	-11.434       
117.767	 33.124	-14.085       
115.186	 35.558	-12.693       
116.405	 38.218	-10.276       
119.256	 39.080	-12.651       
117.117	 39.744	-15.724       
116.755	 43.291	-17.085       
113.016	 42.952	-16.552       
113.585	 42.851	-12.786       
115.996	 45.775	-12.706       
119.190	 44.119	-13.896       
121.154	 47.074	-15.258       
122.848	 46.429	-18.607       
126.587	 45.878	-18.302       
126.790	 46.248	-14.535       
128.645	 43.852	-12.250       
126.396	 41.110	-10.879       
126.954	 40.173	 -7.219       
125.212	 37.383	 -5.278       
125.286	 36.971	 -1.505       
124.142	 33.597	 -0.126       
123.379	 32.858	  3.516       
122.514	 29.387	  4.798       
122.794	 27.097	  7.830       
122.330	 23.678	  6.283       
123.265	 21.230	  3.562       
121.007	 21.922	  0.615       
118.609	 19.114	 -0.284       
119.556	 19.709	 -3.913       
123.300	 18.956	 -3.558       
123.112	 17.330	 -6.976       
122.605	 20.340	 -9.224       
124.435	 22.815	 -7.003       
127.479	 22.088	 -9.149       
125.553	 22.999	-12.303       
124.007	 26.140	-10.830       
127.291	 27.585	 -9.535       
128.605	 26.751	-13.011       
125.929	 28.758	-14.818       
126.698	 31.582	-12.387       
130.364	 31.531	-13.440       
129.421	 31.625	-17.119       
127.479	 34.771	-16.328       
130.185	 36.472	-14.268       
128.261	 36.560	-10.989       
130.578	 37.335	 -8.053       
129.440	 35.054	 -5.258       
129.889	 35.538	 -1.527       
128.594	 32.705	  0.602       
128.164	 32.504	  4.343       
127.663	 29.421	  6.412       
125.997	 29.457	  9.817       
127.497	 26.471	 11.649       
125.042	 26.579	 14.551       
130.609	 20.333	  9.766       
133.304	 20.020	  7.128       
131.125	 18.352	  4.505       
128.839	 21.380	  4.978       
131.551	 24.010	  5.034       
132.866	 22.513	  1.808       
129.412	 22.667	  0.210       
129.171	 26.405	  0.936       
132.733	 27.363	  0.003       
132.100	 25.785	 -3.386       
129.180	 28.176	 -3.783       
131.584	 31.062	 -3.349       
133.796	 32.533	 -6.072       
137.542	 32.008	 -6.418       
139.483	 33.029	 -4.377       
137.352	 31.013	 -1.957       
139.007	 32.713	  1.029       
137.990	 36.226	 -0.024       
134.437	 35.137	 -0.775       
133.519	 32.723	  2.013       
132.513	 33.516	  5.610       
132.093	 31.214	  8.599       
129.763	 31.924	 11.521       
129.108	 30.035	 14.752       
125.382	 30.846	 14.816       
122.614	 33.173	 13.569       
123.769	 35.717	 16.155       
127.358	 36.071	 14.965       
126.231	 36.961	 11.427       
126.657	 40.645	 12.297       
130.289	 40.164	 13.286       
130.922	 39.739	  9.552       
129.040	 42.565	  7.851       
132.121	 44.773	  8.124       
134.425	 42.365	  6.331       
131.661	 41.206	  3.994       
130.824	 44.811	  3.179       
134.369	 45.831	  2.362       
135.275	 42.563	  0.669       
132.473	 43.214	 -1.803       
133.744	 46.789	 -1.419       
BRIEF 1MHP H 219              
119.580	 13.515	 28.553       
116.896	 15.064	 26.359       
113.280	 13.984	 26.288       
109.668	 14.446	 25.339       
106.942	 13.215	 27.656       
103.495	 12.835	 26.133       
100.061	 12.823	 27.766       
 96.514	 13.360	 26.598       
 95.751	 10.079	 24.851       
 92.469	  8.225	 25.244       
 89.175	  7.137	 23.710       
 87.048	  9.624	 21.792       
 83.894	  9.126	 19.741       
 83.971	  9.452	 15.929       
 83.788	 13.154	 15.130       
 84.880	 14.266	 18.601       
 88.161	 15.762	 19.749       
 91.132	 15.515	 22.105       
 94.475	 17.207	 22.781       
 97.896	 15.695	 23.241       
100.635	 17.640	 24.974       
104.321	 16.822	 25.008       
106.669	 18.191	 27.654       
110.124	 18.988	 26.409       
113.168	 19.152	 28.634       
116.914	 18.844	 28.263       
117.325	 21.207	 25.318       
116.544	 24.672	 24.017       
113.004	 23.772	 22.901       
112.139	 27.105	 21.199       
114.801	 26.636	 18.515       
113.791	 23.200	 17.179       
110.988	 22.451	 14.792       
108.815	 19.835	 16.518       
106.533	 17.232	 14.997       
103.948	 14.556	 15.626       
104.179	 11.054	 14.125       
101.562	  8.309	 14.454       
101.560	  4.521	 14.200       
 98.300	  2.737	 13.436       
 97.600	 -0.712	 14.969       
 99.684	 -3.227	 13.042       
100.922	 -0.446	 10.750       
104.016	  1.631	 10.054       
104.933	  5.229	 10.883       
103.111	  8.308	  9.569       
104.132	 11.944	  9.758       
101.165	 13.895	 11.114       
102.198	 17.505	 11.533       
105.067	 19.906	 12.184       
105.626	 23.424	 13.530       
108.962	 25.234	 13.047       
110.864	 27.295	 15.568       
109.120	 30.218	 13.907       
105.505	 29.105	 13.889       
105.091	 27.643	 10.426       
102.793	 24.676	 10.728       
102.739	 21.729	  8.293       
100.219	 18.936	  7.931       
 99.616	 15.539	  6.366       
 96.659	 16.028	  3.991       
 94.317	 13.567	  5.717       
 94.439	 15.567	  8.968       
 94.611	 18.985	  7.348       
 92.019	 21.219	  8.918       
 91.098	 18.588	 11.488       
 94.304	 18.854	 13.490       
 96.233	 21.851	 14.804       
 99.869	 21.718	 15.861       
101.032	 24.460	 18.183       
103.640	 25.158	 20.813       
104.034	 27.197	 23.954       
107.692	 27.939	 24.441       
106.848	 29.644	 27.723       
106.352	 26.142	 29.119       
108.245	 24.043	 26.539       
105.181	 22.032	 25.686       
104.135	 21.017	 22.185       
100.498	 20.333	 21.294       
 98.308	 18.472	 18.811       
 94.671	 19.463	 19.004       
 92.559	 16.878	 17.211       
 88.968	 17.536	 16.204       
 86.618	 15.739	 13.847       
 88.452	 12.513	 14.595       
 87.686	  9.604	 12.316       
 88.499	  5.928	 12.733       
 91.511	  6.157	 10.433       
 92.935	  8.497	 13.054       
 93.261	  5.845	 15.749       
 96.918	  5.094	 16.451       
 99.694	  5.755	 18.947       
101.105	  9.261	 18.538       
104.668	 10.409	 19.151       
105.806	 14.000	 19.466       
109.253	 14.331	 18.115       
112.135	 16.759	 17.996       
113.586	 17.367	 14.582       
117.038	 18.065	 13.315       
117.655	 20.513	 10.469       
114.462	 21.692	  8.812       
112.952	 19.043	 11.100       
112.662	 16.054	  8.772       
115.070	 13.961	 10.844       
113.501	 12.806	 14.073       
116.089	 13.519	 16.714       
114.248	 12.533	 19.906       
110.871	 10.795	 20.510       
108.134	 10.811	 23.125       
107.161	  7.554	 24.852       
104.014	  7.361	 22.761       
100.333	  7.740	 23.630       
 97.318	  5.668	 22.576       
 94.506	  7.419	 20.767       
 91.414	  5.356	 20.012       
 88.289	  6.747	 18.371       
 85.193	  4.565	 18.517       
 81.538	  4.581	 19.525       
 82.412	  1.679	 21.815       
 82.074	  2.621	 25.462       
 84.813	  2.188	 28.023       
 84.243	 -1.102	 29.864       
 86.188	 -2.952	 32.530       
 87.397	 -6.472	 31.731       
 86.053	 -9.678	 33.176       
 88.962	-11.727	 34.452       
 88.443	-15.464	 34.625       
 90.996	-18.039	 35.752       
 92.811	-20.557	 33.545       
 93.455	-23.046	 36.341       
 96.301	-25.595	 36.198       
 95.138	-29.187	 35.720       
 95.894	-32.483	 34.024       
 95.285	-30.605	 30.739       
 97.611	-27.818	 31.896       
100.262	-30.351	 32.932       
103.164	-31.700	 30.834       
106.361	-32.941	 32.438       
107.645	-31.267	 35.570       
105.941	-28.030	 34.571       
102.350	-26.817	 34.752       
100.685	-23.948	 32.924       
 98.054	-21.611	 34.372       
 96.922	-18.074	 33.694       
 94.177	-15.501	 33.471       
 91.712	-14.512	 30.792       
 91.069	-10.732	 30.716       
 87.835	-10.467	 28.709       
 85.381	 -8.070	 27.078       
 87.072	 -4.770	 27.897       
 87.686	 -1.522	 26.034       
 89.554	  0.388	 25.065       
 93.200	 -0.620	 25.422       
 95.266	 -1.107	 27.404       
 95.171	 -3.468	 30.339       
 98.195	 -4.322	 32.482       
 98.784	 -7.731	 34.014       
101.333	 -8.840	 36.606       
101.604	-11.945	 38.790       
101.699	-12.153	 42.557       
101.915	 -8.372	 42.651       
105.271	 -8.641	 40.886       
107.135	-11.462	 42.644       
106.412	-13.847	 39.755       
107.893	-12.758	 36.410       
109.804	-15.702	 34.973       
107.784	-17.812	 32.566       
105.081	-15.183	 32.280       
103.518	-14.512	 28.891       
100.637	-12.030	 28.885       
 99.587	-12.046	 25.206       
 98.827	 -8.999	 23.088       
 95.104	 -8.267	 22.815       
 92.753	 -8.964	 19.984       
 89.504	 -7.338	 18.890       
 86.514	 -9.645	 19.228       
 83.624	 -9.902	 16.790       
 81.942	 -7.952	 19.596       
 84.357	 -5.072	 19.191       
 85.620	 -5.749	 22.686       
 89.293	 -6.409	 23.387       
 90.446	 -9.642	 25.045       
 93.689	-11.290	 26.152       
 95.205	-13.967	 28.357       
 98.251	-13.670	 30.575       
 99.830	-17.060	 31.064       
102.645	-18.457	 33.178       
104.441	-21.807	 33.539       
105.613	-22.963	 36.965       
106.962	-26.133	 38.624       
104.122	-28.638	 38.774       
105.177	-29.374	 42.376       
104.601	-25.733	 43.365       
100.827	-25.974	 42.741       
100.160	-27.676	 46.043       
102.175	-25.265	 48.155       
102.478	-22.110	 46.060       
 99.559	-19.719	 45.470       
 99.191	-17.874	 42.168       
 97.329	-14.566	 41.858       
 97.092	-12.434	 38.735       
 96.819	 -8.683	 39.080       
 94.868	 -7.017	 36.295       
 94.442	 -3.266	 35.979       
 92.338	 -1.431	 33.396       
 93.138	  2.209	 34.084       
 90.770	  3.285	 31.241       
 87.893	  2.481	 33.628       
 89.678	  2.701	 36.970       
 89.246	 -1.061	 37.322       
 91.588	 -3.352	 39.207       
 90.971	 -7.017	 39.973       
 93.177	 -9.743	 41.376       
 92.124	-13.282	 40.502       
 93.289	-16.207	 42.617       
 93.996	-19.081	 40.224       
 93.871	-22.508	 41.949       
 93.711	-26.079	 40.509       
 90.475	-28.045	 40.934       
BRIEF 1MHP L 212              
107.922	 10.043	 -2.648       
107.244	  6.433	 -1.669       
109.744	  4.260	  0.198       
109.634	  0.485	 -0.152       
112.040	 -1.661	  1.933       
113.148	 -5.238	  1.293       
112.945	 -7.771	  2.494       
109.885	 -6.851	  4.516       
110.720	 -9.645	  6.910       
113.867	-11.709	  7.484       
115.128	-14.320	  9.916       
118.836	-14.575	 10.667       
121.111	-16.132	 13.294       
123.637	-14.336	 15.470       
126.728	-13.615	 13.431       
124.959	-13.367	 10.092       
125.447	-10.325	  7.875       
122.157	 -8.549	  7.193       
121.408	 -5.950	  4.519       
118.077	 -4.114	  4.326       
117.304	 -2.266	  1.107       
115.203	  0.896	  0.882       
114.110	  1.924	 -2.612       
112.617	  5.343	 -3.286       
110.179	  6.204	 -6.070       
112.210	  9.363	 -6.644       
115.874	 10.121	 -5.972       
116.807	 11.753	 -2.669       
120.033	 13.236	 -1.278       
119.947	 11.172	  1.923       
118.081	  8.489	  3.864       
117.391	  8.029	  7.554       
116.815	  4.912	  9.618       
114.939	  4.229	 12.820       
114.987	  1.136	 14.964       
111.811	  0.209	 16.778       
111.776	 -2.561	 19.366       
108.389	 -4.139	 20.271       
106.330	 -2.036	 22.667       
108.754	  0.903	 22.503       
108.990	  4.126	 20.502       
111.248	  4.323	 17.440       
114.888	  5.283	 17.972       
117.132	  7.362	 15.649       
119.581	  4.861	 14.158       
121.275	  6.248	 11.073       
120.961	  9.842	  9.887       
122.344	 11.550	  6.811       
122.666	  8.165	  5.072       
125.697	  6.670	  6.839       
126.050	  8.615	 10.075       
125.387	  6.408	 13.080       
123.251	  7.827	 15.897       
124.847	  8.081	 19.290       
124.074	  4.632	 20.701       
124.131	  2.519	 17.530       
126.978	 -0.046	 17.802       
129.691	  0.295	 15.134       
128.659	 -2.983	 13.473       
125.799	 -0.979	 11.943       
126.317	  0.941	  8.722       
124.168	  2.802	  6.244       
124.789	  3.605	  2.610       
123.318	  4.594	 -0.727       
122.305	  7.389	 -3.052       
119.751	  8.349	 -5.673       
116.954	  5.828	 -5.366       
118.614	  2.921	 -3.554       
119.778	  3.037	  0.061       
120.837	  0.366	  2.535       
121.204	 -0.467	  6.222       
123.695	 -3.204	  7.066       
124.467	 -5.246	 10.158       
127.888	 -6.857	  9.605       
127.530	 -9.165	 12.635       
123.946	 -9.691	 13.756       
123.589	 -9.577	 17.527       
120.821	-11.049	 19.743       
120.080	 -7.451	 20.659       
119.835	 -6.037	 17.108       
116.544	 -7.856	 16.822       
113.813	 -5.350	 16.052       
112.124	 -3.733	 13.045       
113.935	 -1.055	 11.000       
112.321	  1.806	  9.090       
113.989	  3.999	  6.494       
112.696	  7.534	  6.083       
113.171	 10.386	  3.625       
112.948	 14.144	  4.145       
113.662	 15.359	  0.600       
110.008	 15.310	 -0.493       
106.663	 16.206	  1.048       
104.950	 14.713	  2.830       
107.810	 13.155	  4.772       
107.465	  9.388	  4.563       
108.777	  6.119	  6.013       
109.183	  2.727	  4.350       
106.894	 -0.114	  5.442       
109.633	 -1.225	  7.785       
111.685	 -4.424	  7.780       
111.347	 -6.858	 10.641       
114.378	 -8.868	 11.714       
113.948	-11.831	 14.106       
116.489	-14.228	 15.621       
116.807	-17.422	 13.653       
117.492	-20.178	 16.174       
117.220	-23.963	 16.354       
113.775	-25.469	 16.136       
111.953	-26.001	 19.383       
108.715	-27.951	 19.838       
105.975	-26.125	 21.707       
104.530	-27.410	 24.944       
100.766	-27.258	 24.630       
 98.109	-26.840	 27.318       
 94.354	-26.608	 27.069       
 92.066	-24.715	 29.475       
 88.300	-25.354	 29.883       
 85.787	-22.493	 30.479       
 85.765	-21.378	 34.118       
 82.842	-22.015	 36.465       
 82.490	-18.234	 36.797       
 82.523	-17.273	 33.102       
 79.938	-19.926	 32.288       
 77.856	-18.441	 35.090       
 77.693	-15.614	 32.522       
 76.340	-17.190	 29.355       
 79.530	-17.531	 27.360       
 82.275	-20.125	 27.232       
 85.905	-19.560	 26.298       
 88.294	-22.502	 25.686       
 92.011	-21.677	 25.501       
 94.737	-23.713	 23.822       
 98.343	-22.709	 24.591       
101.406	-23.336	 22.441       
104.393	-22.299	 24.550       
108.053	-21.425	 23.950       
108.557	-22.652	 20.412       
110.283	-21.797	 17.159       
109.824	-21.443	 14.171       
106.871	-19.115	 14.588       
104.756	-21.013	 12.091       
102.238	-22.914	 14.130       
 98.761	-24.047	 13.197       
 95.927	-24.813	 15.629       
 92.729	-26.611	 14.743       
 89.777	-26.878	 17.102       
 87.609	-29.958	 17.147       
 84.406	-30.352	 19.161       
 82.974	-33.863	 19.502       
 85.493	-34.524	 16.789       
 83.802	-31.838	 14.703       
 86.470	-29.684	 13.073       
 85.984	-26.006	 13.885       
 86.269	-23.257	 11.306       
 83.986	-20.619	 12.702       
 85.088	-18.595	 15.697       
 88.409	-18.862	 17.405       
 91.133	-16.250	 17.652       
 94.872	-16.510	 17.865       
 97.456	-14.151	 19.310       
101.170	-14.592	 19.215       
103.735	-12.975	 21.475       
106.844	-11.283	 20.211       
110.100	-13.261	 20.018       
111.311	-13.741	 23.592       
114.238	-11.463	 24.521       
115.637	-14.383	 26.527       
115.240	-17.716	 24.686       
114.170	-16.202	 21.331       
110.946	-18.222	 21.247       
107.297	-17.600	 20.373       
104.123	-18.323	 22.370       
100.734	-18.593	 20.791       
 97.200	-18.651	 22.162       
 94.125	-19.957	 20.346       
 90.846	-19.136	 22.042       
 87.682	-21.015	 21.072       
 84.598	-19.059	 21.983       
 81.035	-20.349	 21.922       
 77.778	-19.711	 23.770       
 77.060	-21.339	 27.120       
 74.252	-22.937	 25.108       
 76.523	-24.692	 22.587       
 79.352	-25.544	 24.972       
 76.787	-27.509	 26.965       
 75.472	-29.662	 24.147       
 78.934	-31.124	 23.468       
 81.334	-33.445	 25.281       
 84.860	-33.260	 23.916       
 86.811	-30.105	 23.152       
 90.246	-30.425	 21.621       
 93.015	-28.544	 19.883       
 95.522	-30.193	 17.600       
 98.850	-28.443	 17.168       
101.063	-28.876	 14.135       
104.623	-27.653	 14.217       
107.944	-28.252	 12.515       
109.234	-29.452	 15.887       
106.510	-32.087	 16.247       
106.886	-35.503	 14.570       
103.086	-35.562	 14.302       
100.290	-33.187	 15.407       
 99.794	-32.996	 19.172       
 96.402	-32.933	 20.787       
 95.167	-31.681	 24.108       
 91.578	-32.324	 25.083       
 89.013	-32.777	 27.852       
 85.257	-33.398	 28.213       
 82.810	-30.829	 29.687       
 83.297	-30.638	 33.447       
 86.287	-32.890	 34.236       
 89.243	-31.893	 36.450       
BRIEF 1MHP X 118              
 69.711	 40.037	 11.162       
 72.858	 39.694	 13.284       
 73.044	 36.261	 14.908       
 75.260	 33.555	 16.389       
 74.350	 29.889	 15.961       
 76.499	 27.550	 18.020       
 76.758	 23.745	 18.091       
 78.908	 21.177	 19.893       
 76.998	 20.852	 23.138       
 76.825	 17.236	 24.195       
 77.930	 14.981	 27.032       
 81.552	 14.079	 27.848       
 83.404	 12.420	 30.720       
 85.831	 14.141	 33.141       
 89.220	 14.816	 31.616       
 87.529	 14.583	 28.250       
 87.789	 17.014	 25.371       
 84.995	 18.978	 23.719       
 84.805	 21.739	 21.097       
 81.908	 24.150	 20.731       
 81.789	 26.024	 17.426       
 79.580	 28.981	 16.526       
 78.742	 30.509	 13.136       
 78.129	 34.190	 12.735       
 76.338	 36.218	 10.108       
 75.093	 39.773	  9.767       
 78.375	 41.638	 10.358       
 82.031	 41.637	  9.348       
 83.166	 38.876	 11.712       
 86.890	 39.421	 11.157       
 86.651	 42.846	 12.801       
 85.009	 42.144	 16.217       
 86.611	 40.421	 19.191       
 84.474	 37.391	 20.084       
 84.073	 35.701	 23.487       
 82.457	 32.758	 25.309       
 80.177	 33.175	 28.360       
 78.992	 30.198	 30.454       
 76.269	 29.597	 33.049       
 76.324	 26.727	 35.558       
 72.875	 25.168	 36.187       
 70.979	 27.297	 38.671       
 73.852	 29.802	 38.607       
 74.796	 33.131	 37.055       
 76.832	 34.316	 34.046       
 80.557	 33.686	 33.774       
 83.188	 34.910	 31.300       
 85.270	 32.128	 29.755       
 87.550	 33.118	 26.885       
 88.115	 35.856	 24.286       
 90.075	 36.599	 21.074       
 90.361	 40.024	 19.477       
 90.336	 40.707	 15.747       
 94.079	 40.949	 16.033       
 94.139	 37.465	 17.437       
 95.101	 38.181	 21.076       
 93.583	 35.632	 23.436       
 92.410	 36.037	 27.040       
 91.199	 33.378	 29.456       
 89.309	 33.048	 32.689       
 91.865	 31.810	 35.240       
 89.681	 28.791	 36.028       
 90.047	 27.383	 32.504       
 93.424	 28.843	 31.483       
 95.704	 26.167	 30.073       
 92.791	 23.833	 29.450       
 90.567	 25.834	 27.074       
 91.646	 27.201	 23.689       
 89.760	 29.975	 21.918       
 90.319	 30.482	 18.182       
 88.734	 31.687	 14.966       
 88.619	 30.836	 11.268       
 87.552	 34.098	  9.673       
 87.324	 32.451	  6.268       
 84.257	 30.597	  7.551       
 83.075	 33.165	 10.117       
 83.325	 30.675	 12.938       
 84.387	 31.014	 16.562       
 85.595	 27.880	 18.344       
 85.917	 27.110	 22.022       
 88.193	 24.111	 22.530       
 87.701	 22.541	 25.975       
 90.155	 20.032	 27.459       
 90.560	 18.322	 30.843       
 86.842	 18.920	 31.273       
 86.022	 18.907	 34.985       
 82.533	 18.893	 36.485       
 82.492	 22.628	 37.197       
 82.720	 23.229	 33.464       
 79.265	 21.686	 33.012       
 76.832	 24.428	 32.058       
 75.243	 26.017	 29.021       
 77.642	 27.978	 26.811       
 77.210	 31.143	 24.774       
 79.394	 32.659	 22.091       
 79.337	 36.435	 22.107       
 80.068	 39.400	 19.899       
 81.505	 42.162	 22.004       
 81.554	 45.859	 21.289       
 84.704	 47.954	 21.469       
 87.315	 45.814	 23.233       
 84.822	 42.973	 23.861       
 83.370	 43.915	 27.268       
 79.839	 44.732	 26.096       
 78.354	 41.616	 24.518       
 76.327	 42.840	 21.532       
 74.979	 39.559	 20.312       
 74.501	 36.266	 22.092       
 74.124	 32.770	 20.732       
 71.291	 30.457	 21.724       
 73.257	 28.430	 24.219       
 74.480	 24.840	 24.040       
 74.646	 22.449	 26.981       
 77.815	 20.754	 28.141       
 77.855	 18.099	 30.829       
 80.741	 16.191	 32.352       
 80.088	 12.858	 34.066       
 79.828	  9.208	 33.014       
BRIEF 1MHP Y 105              
 86.011	 43.705	 40.462       
 82.960	 42.107	 42.070       
 79.378	 43.098	 41.269       
 76.628	 42.586	 43.833       
 73.009	 43.423	 42.877       
 70.069	 44.113	 45.201       
 67.571	 43.000	 45.865       
 68.504	 39.541	 44.651       
 64.819	 38.770	 44.305       
 61.710	 40.964	 44.206       
 58.004	 40.567	 43.595       
 55.997	 43.442	 42.152       
 52.632	 44.000	 40.461       
 52.017	 45.540	 37.037       
 52.343	 49.296	 37.280       
 54.863	 49.283	 40.134       
 58.139	 51.161	 39.844       
 61.132	 48.871	 40.221       
 64.753	 49.815	 40.878       
 67.572	 47.250	 40.855       
 70.880	 48.312	 42.396       
 74.289	 47.076	 41.247       
 77.200	 47.837	 43.556       
 80.796	 47.373	 42.427       
 83.746	 46.616	 44.697       
 85.726	 49.157	 42.687       
 84.598	 52.194	 40.695       
 83.909	 51.780	 36.983       
 83.152	 54.225	 34.145       
 80.031	 52.373	 32.991       
 77.719	 49.440	 33.664       
 75.830	 47.089	 31.358       
 72.604	 45.168	 31.843       
 71.248	 41.964	 30.381       
 67.760	 40.567	 30.607       
 67.390	 36.809	 30.670       
 63.983	 35.175	 30.403       
 63.621	 31.546	 31.614       
 64.925	 28.977	 29.137       
 66.364	 31.641	 26.816       
 69.776	 33.261	 26.326       
 70.537	 36.656	 27.889       
 69.618	 39.764	 25.892       
 71.523	 43.103	 25.772       
 69.333	 45.532	 27.704       
 71.238	 48.644	 28.717       
 74.753	 49.467	 27.532       
 77.042	 52.337	 28.429       
 75.083	 52.870	 31.670       
 71.889	 54.496	 30.402       
 71.736	 53.648	 26.704       
 68.805	 51.367	 25.954       
 69.378	 48.447	 23.583       
 67.319	 48.376	 20.443       
 64.225	 46.531	 21.647       
 64.082	 47.667	 25.282       
 60.834	 49.639	 25.815       
 61.330	 53.267	 26.874       
 59.963	 52.599	 30.359       
 63.372	 51.086	 31.109       
 66.238	 53.306	 32.247       
 69.738	 52.810	 33.591       
 71.884	 55.130	 35.652       
 74.836	 55.494	 37.984       
 78.546	 56.110	 38.339       
 81.555	 55.179	 40.436       
 80.506	 52.186	 42.506       
 76.708	 52.392	 42.424       
 74.599	 51.787	 39.317       
 70.893	 51.184	 38.767       
 68.324	 49.718	 36.385       
 64.795	 51.100	 36.700       
 61.396	 50.068	 35.386       
 59.069	 53.066	 35.801       
 55.950	 51.032	 34.996       
 56.380	 47.298	 35.490       
 54.781	 45.285	 32.691       
 53.632	 41.636	 32.660       
 56.316	 41.120	 30.021       
 59.206	 42.733	 31.931       
 59.207	 39.685	 34.158       
 62.601	 38.015	 34.000       
 65.968	 38.161	 35.758       
 68.364	 41.076	 35.187       
 72.159	 40.970	 35.349       
 74.499	 43.945	 35.548       
 77.964	 43.536	 34.058       
 81.208	 45.502	 34.082       
 84.008	 45.672	 31.510       
 86.395	 48.067	 33.257       
 88.282	 45.360	 35.146       
 89.544	 41.863	 34.380       
 88.167	 39.322	 34.412       
 84.910	 40.743	 33.082       
 82.192	 39.913	 35.582       
 78.420	 39.912	 36.073       
 76.412	 40.488	 39.256       
 74.537	 37.541	 40.755       
 71.455	 38.725	 38.900       
 68.144	 40.021	 40.236       
 64.978	 38.064	 39.642       
 61.706	 39.941	 39.208       
 58.395	 38.025	 39.281       
 54.791	 39.184	 38.876       
 52.969	 39.916	 42.135       
