BRIEF 1MLC E 129              
 21.471	  9.727	 64.662  1.155
 21.080	  9.583	 68.479 -0.513
 19.054	  6.639	 69.800 -0.534
 16.792	  6.688	 72.815 -1.231
 17.712	  4.850	 76.002  0.829
 14.922	  2.338	 75.380  1.459
 14.428	  3.201	 71.691  0.040
 17.886	  1.624	 71.531  0.828
 17.434	 -1.273	 73.950  1.137
 14.723	 -2.378	 71.578 -0.717
 16.903	 -2.455	 68.461 -0.757
 19.706	 -3.959	 70.511  0.862
 17.300	 -6.610	 71.882 -1.024
 15.955	 -7.420	 68.374 -2.375
 19.488	 -7.973	 67.231 -2.319
 19.662	-10.528	 70.051  0.904
 22.334	 -8.914	 72.176 -0.935
 20.573	-10.236	 75.286 -0.390
 22.244	-13.047	 77.202 -0.417
 24.899	-12.751	 74.527 -0.343
 27.964	-14.709	 75.649 -0.556
 26.392	-14.196	 78.995 -0.052
 25.764	-10.521	 78.402 -0.848
 22.400	 -9.169	 79.428  0.109
 20.644	 -6.550	 77.402  0.172
 21.758	 -4.054	 80.028 -0.134
 25.485	 -4.695	 79.676  0.435
 25.089	 -3.347	 76.123  1.086
 22.895	 -0.248	 76.479  0.261
 25.194	  0.807	 79.328  1.476
 28.271	  0.656	 77.147  0.971
 26.566	  2.372	 74.183  0.744
 25.664	  4.972	 76.823 -0.657
 29.113	  5.798	 78.182 -0.130
 30.797	  5.197	 74.824  1.125
 28.974	  7.261	 72.175  1.488
 26.065	  8.409	 74.371 -1.077
 23.810	  6.759	 71.813 -0.398
 25.235	  8.777	 68.906  0.463
 25.698	  6.815	 65.639  1.330
 28.144	  9.377	 64.197 -2.369
 30.311	  9.667	 67.302  0.976
 34.035	  9.509	 66.445 -0.355
 37.039	  9.950	 68.773  0.698
 40.710	  9.798	 67.816 -1.015
 43.523	  8.184	 69.664  0.373
 47.203	  8.712	 69.934 -0.927
 48.039	  5.616	 67.885  0.448
 46.763	  6.661	 64.466 -0.271
 43.402	  4.974	 65.146  1.159
 39.842	  6.202	 65.418 -0.055
 36.802	  4.662	 67.196  0.975
 33.522	  4.915	 65.214  0.841
 29.777	  4.957	 65.886  1.481
 27.673	  3.909	 68.853  1.047
 29.875	  1.071	 70.178  1.142
 33.052	  2.970	 69.287  1.488
 34.604	  0.133	 67.335  1.439
 38.294	  0.876	 66.597  1.255
 40.047	  0.891	 63.207  0.839
 43.135	 -0.902	 64.307 -0.545
 41.710	 -4.393	 64.740 -0.613
 38.030	 -4.228	 63.788  1.177
 37.297	 -2.078	 60.740  1.483
 39.261	 -0.580	 57.872 -0.208
 39.405	  3.228	 57.508 -0.243
 42.334	  3.242	 55.102 -2.014
 44.577	  5.229	 57.504 -1.880
 45.302	  3.107	 60.595 -1.052
 48.543	  1.252	 61.164 -1.001
 48.591	 -2.507	 61.708 -1.911
 45.042	 -2.978	 60.517 -0.214
 43.480	 -6.452	 60.788 -1.289
 39.937	 -5.533	 59.789  1.122
 38.555	 -8.399	 61.899 -0.809
 34.967	 -7.279	 61.339  1.483
 35.894	 -7.010	 57.622 -0.620
 33.998	 -3.735	 56.897 -0.146
 34.747	 -0.067	 56.057 -0.602
 34.504	  1.813	 59.361  1.460
 32.227	  4.257	 57.617 -0.291
 29.499	  1.599	 57.703 -0.841
 29.837	  1.814	 61.434  0.670
 28.571	  5.338	 61.165 -0.077
 25.093	  4.607	 59.728 -0.180
 21.760	  4.994	 61.551  0.256
 21.239	  1.282	 60.999  0.497
 23.038	 -0.202	 64.012  1.069
 23.480	 -3.459	 62.084 -1.018
 27.135	 -2.845	 61.052 -0.345
 27.870	 -1.988	 64.713  0.665
 25.746	 -4.603	 66.467  0.328
 26.990	 -7.246	 63.962 -2.374
 30.613	 -6.224	 64.608  1.476
 30.394	 -6.103	 68.409  1.006
 29.478	 -9.820	 68.113  0.305
 32.989	-10.606	 66.842 -0.662
 34.642	 -8.491	 69.535  0.918
 32.974	-10.678	 72.202 -0.507
 33.875	-14.107	 70.841 -1.004
 37.431	-12.753	 71.400 -0.141
 37.849	-13.782	 75.000 -0.350
 37.980	-10.631	 77.000 -0.259
 34.307	-10.392	 76.471  1.122
 32.856	 -6.920	 76.980  0.679
 35.965	 -5.924	 78.961 -1.120
 36.942	 -4.516	 75.543  0.970
 34.468	 -1.655	 76.095  1.212
 36.442	  0.425	 78.581  0.066
 33.360	  2.538	 79.442  0.472
 31.572	 -0.730	 80.088  0.945
 34.436	 -2.234	 82.005 -2.233
 34.702	  0.907	 84.095 -1.089
 31.066	  1.956	 84.378 -0.715
 28.841	 -1.185	 84.346  1.475
 30.792	 -4.168	 85.557 -1.075
 28.037	 -6.208	 87.220 -0.137
 26.561	 -3.151	 88.873 -0.503
 22.848	 -3.189	 87.865 -0.741
 22.949	 -2.821	 84.109  0.566
 19.268	 -3.680	 84.219 -0.069
 19.086	 -0.003	 85.213 -0.965
 19.100	  0.909	 81.524  0.052
 16.223	 -1.314	 80.677 -0.204
 14.261	  0.078	 83.583 -0.998
 10.789	  0.551	 82.129 -0.656
 12.144	 -0.498	 78.730  1.479
  9.102	 -2.585	 77.640 -1.690
 11.042	 -5.227	 75.779 -0.199
BRIEF 1MLC F 129              
 80.979	 21.849	 33.329       
 82.394	 21.766	 36.857       
 81.802	 18.401	 38.599       
 81.726	 18.092	 42.375       
 84.272	 15.759	 44.057       
 81.829	 12.972	 44.944       
 79.840	 13.568	 41.770       
 83.081	 12.890	 39.827       
 84.146	  9.937	 42.063       
 80.694	  8.420	 41.326       
 81.009	  8.798	 37.473       
 84.498	  7.407	 37.517       
 83.438	  4.337	 39.528       
 80.579	  3.521	 37.248       
 83.041	  3.863	 34.363       
 85.569	  1.292	 35.556       
 88.379	  3.433	 36.886       
 88.462	  2.079	 40.472       
 91.593	 -0.068	 40.694       
 92.028	  0.394	 36.952       
 95.601	 -0.703	 36.349       
 95.841	 -0.860	 40.160       
 95.028	  2.817	 40.519       
 92.556	  3.344	 43.297       
 89.794	  5.950	 42.694       
 91.167	  8.752	 44.887       
 93.951	  8.960	 42.299       
 91.729	  9.511	 39.311       
 89.770	 12.099	 41.328       
 92.787	 13.936	 42.700       
 94.158	 13.976	 39.109       
 91.004	 15.658	 37.806       
 91.284	 18.254	 40.617       
 94.815	 19.380	 39.687       
 94.544	 18.915	 35.927       
 91.332	 20.798	 35.353       
 89.660	 21.642	 38.737       
 86.806	 19.319	 37.741       
 86.040	 21.512	 34.632       
 84.944	 19.421	 31.630       
 85.388	 22.378	 29.195       
 89.017	 23.246	 30.114       
 91.881	 23.552	 27.634       
 95.474	 24.690	 28.121       
 97.572	 25.609	 25.085       
101.190	 24.515	 25.039       
104.238	 25.623	 23.169       
104.631	 22.658	 20.895       
101.529	 23.097	 18.804       
 99.330	 21.038	 21.118       
 96.268	 21.842	 23.165       
 95.113	 19.721	 26.191       
 91.407	 18.900	 26.512       
 88.746	 18.223	 29.175       
 88.674	 17.046	 32.768       
 91.794	 14.851	 32.395       
 93.533	 17.305	 30.076       
 94.423	 14.852	 27.330       
 96.938	 16.059	 24.717       
 96.457	 16.539	 21.027       
 99.775	 15.246	 19.654       
 99.424	 11.576	 20.772       
 95.885	 10.990	 22.047       
 93.217	 12.929	 20.150       
 92.899	 14.819	 16.864       
 92.185	 18.608	 16.750       
 93.495	 18.948	 13.224       
 96.290	 21.366	 14.009       
 98.837	 19.566	 16.041       
102.050	 18.580	 14.311       
103.105	 14.913	 14.835       
 99.521	 13.977	 15.624       
 99.193	 10.237	 16.176       
 95.584	 10.227	 17.522       
 96.131	  7.109	 19.686       
 92.658	  7.142	 21.185       
 90.993	  7.559	 17.762       
 88.589	 10.352	 18.846       
 88.502	 14.044	 17.917       
 89.600	 16.259	 20.815       
 86.452	 18.285	 20.753       
 84.762	 15.053	 21.932       
 86.867	 15.149	 25.046       
 85.295	 18.446	 26.138       
 81.753	 17.176	 26.716       
 79.831	 17.002	 29.984       
 79.795	 13.278	 29.639       
 83.175	 12.008	 30.817       
 82.894	  8.798	 28.783       
 85.270	  9.789	 25.989       
 87.994	 11.039	 28.343       
 87.649	  8.002	 30.487       
 88.002	  5.498	 27.650       
 91.137	  7.404	 26.590       
 92.462	  7.796	 30.122       
 92.200	  3.984	 30.182       
 94.520	  4.159	 27.136       
 96.777	  6.696	 28.754       
 97.398	  4.568	 31.935       
 97.866	  1.243	 30.051       
100.608	  2.922	 27.958       
103.421	  1.913	 30.240       
103.860	  4.852	 32.590       
100.892	  4.644	 34.915       
 99.419	  7.903	 35.985       
102.856	  9.461	 35.473       
101.177	 10.701	 32.323       
 99.544	 13.465	 34.345       
101.953	 16.115	 35.419       
 99.636	 17.322	 38.165       
 98.662	 13.919	 39.463       
102.409	 13.341	 39.705       
102.996	 16.684	 41.474       
100.008	 16.705	 43.805       
 98.802	 13.103	 44.155       
101.682	 10.639	 43.856       
102.539	 10.375	 47.575       
 99.305	 11.602	 49.114       
 96.415	  9.858	 50.852       
 94.405	  9.862	 47.664       
 91.463	  8.113	 49.451       
 90.978	 11.447	 51.050       
 89.446	 12.490	 47.682       
 86.697	  9.913	 47.715       
 86.141	  9.914	 51.441       
 82.649	 11.121	 52.373       
 81.122	 10.081	 49.093       
 78.773	  7.111	 49.010       
 79.734	  5.037	 45.921       
BRIEF 1MLC A 214              
 49.694	 19.323	 69.252       
 52.869	 17.301	 68.749       
 55.483	 19.745	 67.414       
 57.992	 18.422	 64.904       
 61.077	 20.613	 64.533       
 63.250	 20.331	 61.476       
 66.928	 21.051	 60.968       
 68.440	 22.566	 59.238       
 66.041	 25.207	 57.855       
 68.350	 25.518	 54.826       
 71.060	 23.384	 53.418       
 73.342	 24.183	 50.456       
 74.732	 20.994	 48.892       
 76.886	 20.337	 45.802       
 75.231	 17.743	 43.535       
 76.432	 14.199	 44.199       
 76.987	 14.717	 47.949       
 74.999	 12.919	 50.617       
 72.652	 14.545	 53.135       
 70.659	 13.789	 56.264       
 67.525	 15.696	 57.182       
 66.411	 15.634	 60.796       
 62.841	 15.551	 62.117       
 62.335	 15.456	 65.896       
 58.924	 14.960	 67.438       
 57.966	 16.549	 70.745       
 56.856	 13.151	 71.848       
 56.973	  9.594	 70.591       
 54.859	  9.333	 67.465       
 56.183	  5.866	 67.431       
 56.760	  4.893	 63.797       
 54.213	  7.317	 62.317       
 56.155	  9.852	 60.307       
 56.212	 10.525	 56.519       
 58.466	 12.797	 54.448       
 57.292	 14.884	 51.524       
 59.184	 16.871	 48.915       
 57.738	 20.065	 47.349       
 59.059	 21.884	 44.277       
 57.809	 25.471	 43.933       
 54.115	 25.761	 43.273       
 53.061	 22.101	 43.151       
 51.532	 19.868	 45.832       
 53.903	 18.007	 48.174       
 54.928	 14.483	 47.028       
 55.393	 11.526	 49.383       
 59.003	 10.193	 49.438       
 58.749	  7.955	 52.569       
 55.980	  6.607	 54.785       
 55.872	  5.052	 58.242       
 59.482	  6.088	 58.647       
 61.024	  3.975	 55.891       
 58.801	  2.208	 53.385       
 59.579	  3.000	 49.762       
 56.680	  4.457	 47.776       
 57.215	  3.106	 44.189       
 58.632	  5.669	 41.732       
 60.797	  7.278	 44.363       
 64.424	  7.212	 43.499       
 66.390	  4.743	 45.693       
 68.603	  7.767	 46.491       
 66.049	  8.687	 49.221       
 65.875	  6.512	 52.365       
 64.635	  7.070	 55.899       
 65.047	  5.524	 59.316       
 64.626	  6.349	 62.947       
 62.165	  5.950	 65.725       
 60.888	  7.580	 68.805       
 61.374	 11.293	 68.507       
 64.184	 11.452	 65.939       
 63.670	 10.623	 62.278       
 66.130	 11.111	 59.420       
 65.632	 11.262	 55.631       
 68.961	 10.622	 53.908       
 69.470	 11.582	 50.228       
 72.511	  9.712	 49.012       
 73.995	 11.630	 46.098       
 71.830	 14.662	 45.552       
 70.961	 15.508	 41.955       
 69.894	 18.935	 40.750       
 66.349	 17.555	 40.831       
 66.206	 16.909	 44.580       
 66.279	 20.571	 45.358       
 63.134	 22.006	 46.862       
 61.452	 21.954	 50.277       
 61.246	 18.788	 52.458       
 58.656	 18.191	 55.216       
 57.919	 15.444	 57.735       
 54.301	 15.015	 58.950       
 53.019	 12.733	 61.787       
 49.873	 10.648	 61.617       
 49.989	  9.594	 65.238       
 47.459	 12.073	 66.655       
 45.258	 14.942	 65.542       
 45.806	 17.681	 64.471       
 48.388	 16.115	 62.089       
 51.532	 18.239	 62.285       
 54.182	 19.034	 59.747       
 57.747	 20.122	 60.566       
 58.789	 23.610	 59.474       
 60.573	 22.367	 56.266       
 64.204	 22.007	 55.280       
 64.935	 24.046	 52.122       
 67.681	 22.284	 49.989       
 69.493	 24.729	 47.655       
 72.311	 23.909	 45.188       
 75.859	 25.024	 46.093       
 77.901	 26.506	 43.274       
 81.043	 28.629	 43.019       
 80.662	 32.150	 44.420       
 79.623	 34.588	 41.596       
 79.356	 38.426	 41.997       
 76.212	 40.322	 40.950       
 76.211	 42.499	 37.793       
 74.555	 45.738	 39.052       
 72.537	 48.126	 36.805       
 70.758	 51.320	 38.051       
 68.129	 53.081	 35.837       
 66.623	 56.522	 36.424       
 62.898	 57.232	 36.353       
 61.271	 57.334	 32.894       
 59.774	 60.554	 31.506       
 56.489	 58.763	 31.391       
 56.500	 58.131	 35.108       
 57.437	 61.639	 36.158       
 54.028	 62.670	 34.699       
 52.197	 60.734	 37.454       
 54.195	 62.620	 40.015       
 56.244	 59.647	 41.278       
 59.749	 58.494	 40.393       
 61.111	 54.955	 40.860       
 64.952	 54.583	 40.540       
 65.623	 50.797	 39.896       
 68.631	 48.595	 40.535       
 69.116	 45.118	 39.109       
 71.848	 42.902	 40.688       
 71.740	 39.880	 38.408       
 73.424	 36.471	 38.641       
 75.128	 36.313	 42.069       
 75.969	 33.500	 44.499       
 75.657	 33.104	 47.455       
 72.206	 34.531	 48.043       
 73.192	 36.721	 51.015       
 73.396	 40.276	 49.694       
 72.618	 43.644	 51.199       
 71.489	 46.742	 49.249       
 71.643	 50.372	 50.510       
 70.184	 53.438	 48.773       
 71.700	 56.880	 49.353       
 70.379	 60.229	 47.996       
 73.046	 62.925	 48.062       
 75.264	 60.979	 50.401       
 72.505	 60.330	 52.985       
 71.438	 56.695	 53.193       
 67.663	 56.238	 52.686       
 65.463	 53.446	 53.988       
 61.835	 54.450	 53.371       
 60.310	 53.632	 49.977       
 62.608	 50.744	 49.059       
 61.118	 47.514	 47.646       
 63.282	 44.388	 46.952       
 62.539	 41.074	 45.295       
 64.698	 38.002	 44.720       
 64.464	 35.275	 42.077       
 64.351	 31.601	 42.934       
 67.702	 29.941	 42.094       
 68.442	 29.713	 38.396       
 67.715	 26.290	 37.010       
 70.450	 26.629	 34.406       
 73.219	 28.298	 36.410       
 72.287	 28.144	 40.095       
 72.473	 31.880	 40.725       
 70.048	 34.428	 42.243       
 69.206	 37.974	 41.136       
 67.239	 40.692	 42.902       
 65.826	 44.020	 41.751       
 65.561	 46.776	 44.407       
 63.447	 49.896	 43.588       
 63.505	 53.282	 45.349       
 60.199	 55.062	 44.736       
 59.656	 58.695	 45.452       
 57.455	 61.553	 44.401       
 58.522	 63.528	 41.385       
 58.735	 66.496	 43.727       
 61.356	 64.980	 46.098       
 63.258	 63.436	 43.202       
 63.691	 66.880	 41.714       
 65.431	 68.245	 44.781       
 68.329	 65.792	 44.729       
 71.282	 65.097	 42.541       
 72.671	 61.598	 43.254       
 71.016	 58.193	 43.495       
 73.507	 55.544	 44.615       
 72.807	 51.813	 45.069       
 75.542	 50.087	 47.057       
 75.613	 46.322	 47.292       
 77.675	 44.483	 49.899       
 78.303	 40.842	 49.157       
 80.712	 38.008	 49.915       
 82.543	 38.420	 46.645       
 84.237	 41.701	 47.561       
 85.907	 43.412	 50.457       
 84.098	 46.604	 49.282       
 80.675	 47.516	 47.969       
 79.303	 47.537	 44.447       
 78.137	 51.067	 43.791       
 76.116	 52.331	 40.855       
 75.144	 56.027	 40.840       
 73.017	 58.311	 38.702       
 73.227	 62.139	 38.945       
 70.365	 64.168	 37.560       
 72.686	 67.044	 36.895       
 75.262	 65.126	 34.841       
 75.495	 64.165	 31.122       
BRIEF 1MLC B 218              
 44.074	  6.277	 38.812       
 43.117	  8.184	 42.029       
 42.808	 11.969	 41.392       
 41.595	 14.990	 43.492       
 40.707	 18.131	 41.384       
 40.215	 21.444	 43.145       
 38.730	 24.820	 42.112       
 40.727	 27.842	 40.776       
 42.354	 30.928	 42.222       
 39.982	 33.146	 44.265       
 40.493	 36.858	 45.101       
 38.234	 38.040	 47.870       
 37.382	 41.061	 49.966       
 38.094	 40.823	 53.638       
 34.930	 39.755	 55.491       
 33.496	 37.688	 52.672       
 33.847	 33.926	 52.481       
 34.894	 31.360	 49.893       
 34.176	 27.723	 49.114       
 36.982	 25.519	 47.889       
 35.882	 22.223	 46.335       
 37.658	 18.928	 46.042       
 36.335	 16.487	 43.419       
 37.818	 13.000	 43.993       
 37.794	 10.126	 41.512       
 39.133	  6.597	 41.516       
 37.945	  5.143	 44.837       
 35.100	  4.467	 47.163       
 34.744	  8.071	 48.203       
 32.730	  7.199	 51.354       
 35.571	  5.097	 52.692       
 38.519	  7.412	 53.256       
 38.656	 10.771	 55.045       
 39.420	 13.967	 53.067       
 41.890	 16.106	 55.067       
 42.514	 19.786	 54.319       
 45.909	 21.529	 54.755       
 46.966	 25.226	 54.466       
 50.291	 26.664	 53.259       
 50.834	 30.344	 53.913       
 54.098	 31.704	 52.406       
 56.358	 31.983	 55.484       
 54.722	 29.157	 57.470       
 54.947	 25.363	 57.111       
 51.749	 23.421	 56.388       
 48.911	 23.579	 58.918       
 46.192	 20.883	 59.269       
 42.738	 22.414	 59.132       
 40.589	 19.315	 59.504       
 38.923	 16.358	 57.859       
 35.526	 15.169	 56.584       
 34.382	 11.542	 56.064       
 32.119	 12.333	 53.105       
 28.553	 11.072	 53.506       
 28.725	 10.131	 57.197       
 28.126	 13.597	 58.744       
 31.379	 13.311	 60.618       
 34.059	 16.013	 60.563       
 36.811	 17.095	 63.001       
 38.424	 20.490	 63.139       
 41.804	 21.603	 64.447       
 40.723	 23.658	 67.472       
 42.165	 26.808	 65.765       
 39.953	 26.569	 62.665       
 36.866	 25.136	 64.331       
 34.375	 27.953	 63.870       
 36.054	 29.325	 60.760       
 36.481	 26.364	 58.326       
 33.336	 24.213	 57.474       
 33.476	 20.952	 55.598       
 30.541	 19.486	 53.571       
 30.503	 16.944	 50.753       
 28.352	 15.840	 47.800       
 28.372	 12.022	 47.522       
 26.336	 12.477	 44.360       
 29.053	 14.589	 42.721       
 32.062	 13.094	 44.586       
 33.093	 16.582	 45.777       
 34.054	 17.574	 49.313       
 33.981	 21.353	 49.944       
 35.583	 23.687	 52.522       
 34.193	 27.125	 53.437       
 36.265	 29.694	 55.269       
 34.310	 32.787	 56.401       
 35.174	 36.267	 57.588       
 38.420	 36.480	 55.599       
 41.309	 38.475	 56.963       
 44.705	 39.038	 55.295       
 45.828	 36.004	 57.223       
 43.689	 33.727	 55.146       
 45.573	 34.262	 51.914       
 47.324	 30.957	 51.280       
 47.232	 27.810	 49.213       
 44.736	 25.169	 50.501       
 44.911	 21.474	 49.678       
 42.606	 18.461	 49.972       
 44.410	 15.133	 50.410       
 42.880	 11.671	 50.896       
 43.536	 10.444	 54.440       
 45.976	  7.611	 54.241       
 48.089	  8.174	 57.398       
 50.640	  9.563	 54.920       
 49.030	 11.746	 52.248       
 49.953	 10.132	 48.974       
 47.201	 11.758	 46.907       
 46.808	 15.544	 47.045       
 44.701	 18.060	 45.079       
 46.499	 20.688	 42.946       
 46.100	 23.478	 45.572       
 43.860	 26.530	 45.407       
 45.306	 30.006	 45.906       
 43.215	 32.448	 47.907       
 44.085	 36.140	 47.982       
 42.117	 38.456	 50.351       
 42.152	 42.171	 49.588       
 40.278	 45.407	 49.354       
 42.327	 46.397	 46.262       
 40.265	 46.457	 43.087       
 41.294	 45.300	 39.617       
 43.965	 47.815	 38.684       
 45.917	 48.051	 35.457       
 49.679	 48.184	 35.585       
 51.664	 51.017	 34.135       
 54.690	 49.816	 32.160       
 57.656	 52.159	 32.411       
 60.677	 51.276	 30.248       
 64.081	 51.372	 31.911       
 66.675	 52.206	 29.289       
 70.274	 52.757	 30.393       
 70.637	 56.511	 31.013       
 74.260	 55.847	 30.000       
 76.716	 52.957	 30.613       
 76.032	 49.284	 29.957       
 75.189	 50.150	 26.413       
 78.634	 50.512	 24.899       
 80.074	 47.317	 26.465       
 79.181	 43.882	 24.898       
 75.976	 43.024	 26.798       
 73.474	 45.711	 27.750       
 70.710	 45.174	 30.355       
 67.282	 46.684	 29.700       
 64.251	 46.454	 32.004       
 60.525	 46.926	 32.360       
 58.818	 48.307	 35.502       
 55.141	 47.132	 35.776       
 53.570	 48.773	 38.825       
 50.447	 49.266	 40.885       
 48.365	 46.402	 39.406       
 45.799	 44.176	 41.069       
 45.476	 41.290	 40.861       
 48.135	 38.742	 39.861       
 49.260	 37.532	 37.356       
 50.785	 39.906	 34.865       
 52.721	 38.224	 31.967       
 56.056	 39.592	 30.653       
 57.752	 38.517	 27.419       
 60.413	 40.388	 25.435       
 60.194	 40.537	 21.673       
 57.126	 38.350	 21.835       
 59.316	 35.514	 23.056       
 62.008	 35.752	 20.409       
 64.138	 36.955	 23.346       
 64.029	 34.157	 25.908       
 67.558	 33.709	 27.249       
 68.911	 36.432	 29.573       
 65.549	 37.313	 31.099       
 64.874	 37.776	 34.802       
 61.249	 38.619	 35.700       
 61.036	 39.224	 39.414       
 58.564	 38.034	 41.977       
 55.629	 40.382	 42.395       
 55.903	 42.320	 45.679       
 53.167	 44.237	 47.471       
 53.115	 48.030	 47.659       
 50.119	 49.644	 49.322       
 47.541	 47.087	 48.192       
 48.923	 46.994	 44.652       
 51.620	 44.820	 43.120       
 54.918	 45.812	 41.549       
 57.098	 43.736	 39.246       
 60.028	 44.315	 36.854       
 61.789	 42.171	 34.264       
 65.377	 42.506	 33.009       
 66.819	 41.300	 29.678       
 70.500	 41.208	 28.758       
 71.195	 41.491	 25.075       
 74.504	 41.702	 23.207       
 75.301	 45.297	 22.162       
 74.959	 44.322	 18.495       
 71.139	 43.958	 19.187       
 70.127	 47.131	 21.037       
 69.887	 49.883	 19.910       
 70.249	 48.605	 16.264       
 67.254	 46.290	 16.629       
 64.103	 47.052	 18.706       
 63.619	 45.452	 22.091       
 60.089	 45.516	 23.497       
 58.582	 44.213	 26.634       
 55.142	 42.760	 26.198       
 53.004	 43.048	 29.345       
 49.649	 41.258	 29.693       
 47.326	 41.318	 32.706       
 44.242	 39.192	 32.019       
 42.477	 40.317	 35.188       
 41.760	 43.404	 33.137       
 42.128	 42.628	 29.485       
 45.200	 44.891	 29.216       
 48.067	 44.157	 26.795       
 50.935	 46.637	 26.459       
 54.187	 46.764	 24.522       
 56.863	 49.316	 25.412       
 59.828	 49.656	 22.991       
 63.000	 50.415	 24.991       
 64.794	 53.481	 23.638       
 68.055	 55.199	 24.508       
 67.532	 57.975	 27.078       
 68.060	 61.611	 25.913       
 71.609	 62.955	 26.477       
BRIEF 1MLC C 214              
104.605	 36.396	 22.309       
106.992	 35.020	 19.714       
108.004	 37.976	 17.551       
108.680	 36.906	 13.934       
110.963	 39.420	 12.151       
111.142	 39.528	  8.370       
113.749	 41.008	  6.114       
114.039	 42.843	  3.868       
110.877	 44.897	  4.231       
111.238	 45.500	  0.477       
112.737	 43.775	 -2.503       
112.970	 44.718	 -6.219       
113.587	 41.582	 -8.392       
114.172	 41.296	-12.200       
112.034	 38.440	-13.541       
114.303	 35.410	-13.835       
116.250	 36.375	-10.694       
116.055	 34.052	 -7.686       
115.288	 35.724	 -4.362       
115.387	 34.771	 -0.703       
113.237	 36.118	  2.085       
114.145	 35.835	  5.757       
111.872	 35.137	  8.624       
113.310	 35.186	 12.152       
111.649	 34.008	 15.371       
112.417	 35.510	 18.800       
112.372	 31.900	 20.004       
112.642	 28.330	 18.818       
109.223	 27.886	 17.168       
110.690	 24.561	 16.260       
109.330	 23.813	 12.811       
105.868	 25.356	 13.091       
106.174	 28.206	 10.616       
104.203	 28.673	  7.401       
104.346	 31.187	  4.550       
101.695	 33.187	  2.769       
101.449	 35.355	 -0.286       
 98.834	 38.005	 -0.519       
 98.126	 39.972	 -3.674       
 96.496	 43.356	 -2.961       
 92.979	 42.932	 -1.567       
 92.878	 39.134	 -1.400       
 93.026	 36.846	  1.636       
 96.428	 35.266	  2.127       
 97.127	 32.069	  0.189       
 99.318	 29.394	  1.856       
102.525	 28.619	 -0.017       
104.640	 26.427	  2.358       
103.729	 24.722	  5.588       
105.812	 23.452	  8.386       
108.866	 25.136	  6.946       
109.162	 23.136	  3.748       
105.960	 21.196	  2.930       
104.640	 22.708	 -0.264       
100.984	 22.595	 -1.099       
 99.312	 21.653	 -4.360       
 98.930	 24.484	 -6.866       
102.003	 26.306	 -5.683       
104.616	 26.451	 -8.451       
107.685	 24.364	 -7.692       
109.812	 27.501	 -7.810       
108.815	 28.114	 -4.201       
110.605	 25.911	 -1.724       
111.340	 26.761	  1.894       
113.640	 25.779	  4.707       
115.028	 26.561	  8.147       
113.944	 25.044	 11.463       
114.171	 26.709	 14.833       
114.595	 30.448	 14.608       
115.586	 31.125	 10.993       
113.447	 30.158	  7.981       
113.851	 31.141	  4.322       
111.343	 31.343	  1.443       
113.140	 31.016	 -1.918       
111.574	 31.848	 -5.270       
113.515	 30.619	 -8.284       
112.856	 32.612	-11.435       
110.690	 35.360	-10.039       
107.947	 35.696	-12.602       
106.050	 38.958	-12.804       
103.007	 37.322	-11.267       
105.080	 36.914	 -8.085       
104.561	 40.581	 -7.072       
102.757	 40.536	 -3.734       
103.134	 40.558	  0.045       
104.866	 37.592	  1.830       
104.484	 36.724	  5.501       
105.605	 33.844	  7.791       
103.329	 32.710	 10.635       
104.187	 30.604	 13.690       
101.848	 28.057	 15.196       
104.167	 27.100	 18.018       
102.535	 29.187	 20.725       
 99.541	 31.367	 21.411       
 98.626	 33.876	 20.260       
 99.794	 32.811	 16.784       
101.852	 35.688	 15.397       
102.630	 36.827	 11.823       
105.776	 38.654	 10.537       
105.738	 42.253	  9.160       
105.785	 41.044	  5.556       
108.193	 41.638	  2.725       
106.942	 43.542	 -0.331       
108.143	 42.022	 -3.633       
107.983	 44.446	 -6.563       
109.129	 43.852	-10.130       
112.209	 45.876	-11.082       
112.619	 47.549	-14.433       
113.927	 50.073	-16.822       
114.020	 53.634	-15.433       
111.090	 55.665	-16.742       
110.548	 59.407	-16.422       
106.997	 60.390	-15.577       
104.593	 62.547	-17.567       
103.379	 65.480	-15.441       
100.072	 67.301	-16.070       
 98.911	 70.174	-13.785       
 95.177	 71.027	-13.896       
 93.447	 74.186	-12.636       
 90.393	 74.185	-10.390       
 87.066	 73.409	-12.069       
 84.581	 76.160	-12.752       
 82.020	 74.268	-10.769       
 84.578	 73.999	 -8.016       
 85.087	 77.691	 -7.246       
 81.374	 78.110	 -6.778       
 82.056	 75.951	 -3.770       
 84.489	 78.349	 -2.150       
 86.990	 75.550	 -2.965       
 89.979	 75.481	 -5.376       
 91.880	 72.208	 -6.048       
 95.003	 71.981	 -8.179       
 95.964	 68.506	 -9.422       
 99.243	 67.225	-10.817       
 99.533	 63.698	-12.308       
102.924	 61.944	-12.466       
102.282	 58.921	-14.701       
104.091	 55.825	-15.706       
107.457	 56.328	-13.931       
110.154	 54.063	-12.462       
111.503	 53.874	 -9.812       
108.787	 54.486	 -7.257       
110.834	 57.234	 -5.551       
109.725	 60.779	 -6.366       
109.551	 64.182	 -4.626       
106.880	 66.764	 -5.435       
106.691	 70.422	 -4.610       
103.985	 72.995	 -5.287       
104.831	 76.648	 -5.920       
102.470	 79.586	 -6.105       
103.825	 82.870	 -7.469       
107.269	 81.509	 -6.501       
106.568	 80.500	 -2.888       
106.896	 76.851	 -1.827       
104.207	 75.092	  0.220       
103.224	 71.927	  2.122       
 99.831	 72.334	  3.774       
 96.878	 70.858	  1.888       
 98.819	 68.638	 -0.575       
 97.514	 65.041	 -0.517       
 99.110	 62.258	 -2.579       
 98.276	 58.883	 -4.084       
100.261	 56.134	 -5.681       
 98.633	 53.416	 -7.735       
100.120	 49.924	 -7.147       
102.854	 49.007	 -9.621       
101.193	 48.431	-13.009       
100.648	 44.753	-13.538       
101.584	 45.022	-17.244       
104.277	 47.747	-17.466       
105.600	 47.697	-13.875       
105.597	 51.545	-13.809       
104.101	 53.625	-10.988       
101.823	 56.658	-11.074       
100.793	 59.294	 -8.555       
 98.559	 62.276	 -8.268       
 99.083	 65.294	 -5.962       
 96.121	 67.601	 -5.262       
 96.611	 71.022	 -3.692       
 93.418	 72.263	 -2.010       
 92.833	 75.952	 -1.459       
 90.045	 78.297	 -0.512       
 88.430	 80.146	 -3.451       
 90.010	 83.174	 -1.747       
 93.361	 81.630	 -0.752       
 93.609	 80.651	 -4.422       
 92.731	 83.982	 -5.982       
 95.532	 85.795	 -4.134       
 97.793	 84.090	 -6.656       
 98.647	 83.779	-10.338       
101.408	 81.232	-10.735       
100.647	 77.697	 -9.616       
103.733	 75.530	-10.365       
103.969	 71.801	 -9.659       
107.600	 70.600	 -9.744       
108.701	 66.963	 -9.398       
112.221	 65.599	 -9.011       
112.952	 62.004	-10.136       
115.918	 59.724	-10.918       
115.525	 60.542	-14.625       
116.776	 63.982	-13.669       
119.598	 66.351	-12.871       
117.071	 69.203	-13.139       
113.344	 69.110	-12.276       
110.172	 68.851	-14.369       
108.252	 72.077	-13.826       
104.646	 72.155	-14.934       
102.541	 75.257	-14.228       
 99.738	 77.468	-15.467       
 98.932	 81.082	-14.625       
 95.266	 81.638	-13.843       
 95.134	 83.531	-17.142       
 97.264	 81.224	-19.331       
 96.418	 77.536	-19.120       
BRIEF 1MLC D 218              
 85.490	 21.453	 -0.882       
 86.181	 23.160	  2.501       
 85.096	 26.834	  2.249       
 84.567	 29.742	  4.674       
 82.241	 32.599	  3.630       
 82.062	 35.897	  5.511       
 79.672	 38.805	  5.806       
 80.200	 42.068	  3.951       
 81.563	 45.562	  4.398       
 80.262	 47.088	  7.652       
 80.272	 50.887	  8.191       
 79.906	 51.698	 11.935       
 79.884	 54.705	 14.255       
 82.485	 54.972	 17.041       
 81.114	 53.458	 20.225       
 78.990	 51.133	 18.143       
 79.338	 47.305	 18.302       
 79.228	 45.020	 15.197       
 78.952	 41.212	 14.776       
 80.788	 39.368	 11.889       
 79.986	 35.984	 10.290       
 81.820	 32.991	  9.053       
 79.867	 30.171	  7.424       
 81.945	 26.930	  7.242       
 81.399	 24.218	  4.616       
 82.789	 20.914	  3.490       
 83.941	 19.609	  6.900       
 82.800	 18.781	 10.414       
 82.474	 22.163	 12.065       
 83.064	 21.028	 15.635       
 86.352	 19.218	 15.162       
 88.418	 22.257	 14.036       
 88.918	 25.671	 15.586       
 87.986	 28.796	 13.571       
 90.692	 31.464	 14.297       
 90.147	 35.195	 13.524       
 92.877	 37.529	 12.136       
 92.721	 41.308	 11.708       
 94.700	 43.013	  8.976       
 95.092	 46.805	  9.148       
 97.018	 48.741	  6.436       
100.392	 49.736	  7.955       
100.272	 46.712	 10.228       
100.559	 43.017	  9.376       
 98.144	 40.315	 10.404       
 97.208	 39.988	 14.065       
 95.622	 36.943	 15.701       
 92.537	 37.899	 17.685       
 91.402	 34.535	 19.083       
 89.789	 31.173	 18.317       
 86.536	 29.259	 18.896       
 85.556	 25.519	 18.864       
 82.092	 25.438	 17.265       
 79.745	 23.722	 19.643       
 82.038	 23.230	 22.660       
 82.080	 26.974	 23.336       
 85.767	 26.812	 24.083       
 87.128	 30.200	 23.161       
 90.620	 31.629	 23.722       
 91.569	 35.335	 23.218       
 94.751	 37.268	 22.402       
 94.932	 39.186	 25.725       
 94.695	 42.499	 23.856       
 91.269	 41.513	 22.505       
 89.912	 39.899	 25.604       
 86.985	 42.022	 26.645       
 86.585	 43.670	 23.275       
 85.868	 40.765	 20.843       
 83.457	 37.897	 21.702       
 83.164	 34.561	 19.854       
 80.018	 32.419	 19.434       
 78.898	 29.692	 17.056       
 75.769	 28.102	 15.659       
 76.717	 24.600	 14.795       
 73.123	 24.234	 13.746       
 73.612	 26.618	 10.811       
 77.386	 26.149	 10.533       
 78.258	 29.798	 11.312       
 80.628	 31.351	 13.900       
 80.537	 35.046	 14.879       
 82.917	 37.694	 16.205       
 81.389	 40.690	 17.955       
 83.668	 43.727	 18.431       
 82.247	 46.466	 20.717       
 83.268	 50.045	 21.674       
 84.387	 50.472	 18.106       
 86.970	 53.238	 17.648       
 88.802	 54.130	 14.423       
 91.626	 51.768	 15.341       
 89.090	 49.036	 14.569       
 88.927	 49.791	 10.860       
 90.529	 46.888	  9.044       
 89.862	 43.640	  7.259       
 88.845	 40.762	  9.491       
 89.475	 37.167	  8.479       
 88.205	 33.857	  9.804       
 90.431	 30.920	  8.960       
 89.978	 27.202	  9.692       
 92.565	 26.227	 12.285       
 94.838	 23.734	 10.534       
 98.052	 24.979	 12.234       
 98.843	 26.717	  8.965       
 95.824	 28.587	  7.591       
 95.081	 26.994	  4.244       
 91.378	 27.926	  4.109       
 90.565	 31.587	  4.722       
 87.277	 33.504	  4.398       
 87.273	 36.437	  1.955       
 87.755	 39.232	  4.519       
 85.038	 41.589	  5.874       
 86.006	 45.281	  5.799       
 84.972	 47.353	  8.825       
 85.191	 51.185	  8.675       
 84.615	 53.179	 11.858       
 83.516	 56.717	 11.197       
 81.130	 59.303	 12.426       
 80.874	 60.701	  8.854       
 77.628	 60.197	  6.931       
 76.725	 59.070	  3.409       
 77.728	 61.808	  0.971       
 77.694	 61.441	 -2.806       
 80.792	 62.681	 -4.545       
 81.339	 66.020	 -6.311       
 82.751	 65.140	 -9.796       
 84.798	 68.089	-11.204       
 86.513	 67.762	-14.629       
 90.158	 68.604	-15.105       
 90.326	 70.260	-18.520       
 93.744	 69.629	-19.946       
 95.783	 72.549	-18.711       
 96.144	 73.785	-22.299       
 95.841	 70.556	-24.288       
 98.440	 72.061	-26.627       
 97.209	 70.801	-29.995       
100.870	 70.772	-31.030       
101.115	 67.465	-29.171       
100.321	 63.844	-30.039       
 98.608	 62.630	-26.885       
 96.729	 64.392	-24.086       
 95.795	 63.717	-20.467       
 92.382	 64.777	-19.155       
 91.528	 64.015	-15.533       
 88.582	 63.550	-13.200       
 88.184	 64.675	 -9.600       
 85.941	 62.657	 -7.270       
 85.739	 64.752	 -4.133       
 84.253	 64.266	 -0.725       
 82.184	 61.024	 -0.992       
 81.480	 58.488	  1.774       
 81.761	 55.551	  2.227       
 83.730	 53.473	 -0.255       
 83.751	 52.688	 -3.025       
 83.252	 54.889	 -6.115       
 83.646	 53.596	 -9.722       
 85.305	 55.504	-12.573       
 85.223	 54.906	-16.313       
 85.729	 57.199	-19.336       
 83.004	 57.722	-21.919       
 81.974	 54.309	-20.663       
 83.562	 50.881	-20.440       
 85.228	 51.133	-23.879       
 87.629	 54.080	-23.473       
 89.802	 51.803	-21.277       
 93.140	 52.787	-22.710       
 95.551	 54.569	-20.495       
 93.588	 55.064	-17.267       
 94.744	 55.414	-13.718       
 92.204	 55.520	-10.950       
 94.059	 56.637	 -7.847       
 93.429	 55.165	 -4.403       
 90.933	 57.127	 -2.292       
 92.608	 59.472	  0.268       
 90.790	 61.296	  3.167       
 90.261	 65.015	  3.150       
 88.463	 65.542	  6.458       
 86.398	 62.544	  7.257       
 85.501	 62.263	  3.535       
 87.088	 60.545	  0.563       
 88.788	 62.177	 -2.411       
 89.716	 60.216	 -5.563       
 90.866	 60.994	 -9.123       
 91.048	 59.167	-12.464       
 93.312	 60.001	-15.427       
 93.148	 59.055	-19.136       
 95.297	 59.633	-22.190       
 94.418	 60.149	-25.827       
 95.807	 61.702	-28.962       
 94.775	 65.267	-29.766       
 93.250	 63.498	-32.703       
 90.649	 62.174	-30.192       
 90.381	 65.345	-28.132       
 88.496	 67.592	-28.428       
 87.632	 66.084	-31.796       
 85.102	 63.809	-30.138       
 83.664	 63.347	-26.668       
 85.402	 62.306	-23.462       
 83.210	 61.734	-20.419       
 84.013	 60.490	-16.914       
 81.398	 58.196	-15.381       
 81.189	 57.927	-11.596       
 79.179	 55.370	 -9.652       
 78.918	 55.546	 -5.863       
 76.541	 52.670	 -5.056       
 76.394	 53.520	 -1.387       
 74.113	 56.406	 -2.378       
 73.142	 55.141	 -5.858       
 74.572	 58.077	 -7.786       
 75.979	 58.377	-11.288       
 77.762	 61.356	-12.755       
 79.042	 62.121	-16.177       
 81.273	 65.105	-16.630       
 82.509	 65.753	-20.159       
 85.954	 67.306	-20.232       
 84.928	 70.486	-21.996       
 88.006	 72.078	-23.542       
 89.712	 74.758	-21.501       
 86.885	 77.234	-21.103       
 87.629	 80.813	-20.230       
