BRIEF 1N5Y B 429              
 14.369	103.481	 -6.314  0.567
 12.836	103.616	 -2.829  0.493
  9.797	101.311	 -3.106  0.539
  8.292	 98.608	 -5.352  0.148
  4.779	 99.733	 -4.620  0.291
  2.891	100.971	 -7.682 -0.496
  2.880	104.626	 -8.663  0.459
 -0.610	106.214	 -8.792  0.031
 -1.124	108.583	-11.795  0.567
 -2.167	112.190	-11.490  0.533
 -3.101	114.698	-14.140 -0.308
 -3.690	118.416	-13.441  0.566
 -7.056	120.039	-14.179  0.400
 -7.519	120.347	-17.944  0.497
 -6.128	123.350	-19.809  0.488
 -3.833	124.226	-16.915  0.573
 -0.060	123.902	-16.892  0.523
  2.294	123.375	-14.028  0.565
  3.258	126.114	-11.558  0.567
  5.637	128.709	-12.911 -1.123
  6.233	130.788	 -9.750  0.061
  9.494	132.653	 -8.828  0.457
 11.653	132.288	 -5.757  0.572
 11.452	134.972	 -3.195  0.547
 14.582	136.185	 -1.502  0.567
 15.689	133.987	  1.408  0.566
 17.729	134.883	  4.453  0.381
 21.167	133.228	  4.945  0.243
 20.160	131.598	  8.155  0.517
 17.453	129.858	  6.063  0.514
 19.357	129.247	  2.879  0.412
 22.027	127.539	  4.948 -0.063
 19.372	125.231	  6.411  0.533
 17.398	124.658	  3.229  0.415
 20.704	123.738	  1.589 -3.233
 21.463	121.010	  4.133 -0.586
 18.044	119.415	  4.401  0.534
 18.154	119.547	  0.601  0.563
 21.641	118.016	  0.156 -3.226
 20.887	115.136	  2.442 -0.660
 17.492	114.484	  0.832  0.022
 19.127	114.094	 -2.571  0.571
 21.651	111.531	 -1.340 -0.511
 18.839	109.415	  0.096  0.075
 17.645	110.136	 -3.398  0.565
 14.179	111.410	 -2.552  0.514
 14.950	114.494	 -4.625  0.574
 16.947	115.017	 -7.845 -0.007
 19.054	117.789	 -9.258 -1.072
 17.699	119.197	-12.599  0.330
 18.378	122.173	-14.856  0.565
 16.849	124.933	-17.040  0.567
 15.068	122.312	-19.072  0.300
 12.208	122.122	-16.576  0.534
  9.925	125.124	-17.243  0.498
  8.218	124.919	-13.897  0.481
  9.071	126.004	-10.400  0.534
  7.782	126.684	 -6.923  0.536
  9.113	128.449	 -3.912  0.567
 10.755	126.910	 -0.977 -3.286
 11.702	128.373	  2.300  0.565
 12.302	126.783	  5.693  0.408
 11.034	127.602	  9.149  0.574
 12.932	126.954	 12.313  0.283
 10.123	125.337	 14.281  0.457
  9.917	126.823	 17.801  0.570
  8.128	123.549	 18.473 -0.410
 11.208	121.311	 18.031  0.018
 14.084	123.679	 17.288 -0.024
 14.718	121.718	 14.060 -0.238
 14.379	123.512	 10.698  0.547
 11.637	122.145	  8.438  0.572
 11.646	122.529	  4.683  0.570
  8.620	124.253	  3.329 -0.115
  7.558	124.177	 -0.290  0.408
  4.736	126.516	 -1.202  0.572
  2.786	124.047	 -3.324  0.486
 -0.445	126.116	 -3.430  0.371
 -0.534	126.717	 -7.149  0.463
  0.203	123.111	 -7.898  0.490
 -2.138	122.064	 -5.137  0.534
 -4.665	124.156	 -7.016  0.401
 -3.963	122.913	-10.523 -0.305
 -4.450	119.299	 -9.359  0.536
 -7.805	118.638	 -7.663  0.523
-10.321	116.430	 -9.480  0.424
 -7.843	114.169	 -7.801  0.407
 -7.483	114.885	 -4.055 -0.381
-10.984	116.363	 -3.394  0.517
-13.736	114.724	 -5.522  0.366
-12.036	111.432	 -6.464  0.425
-10.213	110.262	 -3.332  0.566
-10.687	112.654	 -0.430  0.565
-10.141	111.859	  3.204  0.453
-13.389	111.941	  5.359  0.498
-13.915	114.121	  8.407  0.573
-14.420	113.015	 12.041  0.567
-17.530	114.900	 13.076 -0.399
-16.452	114.601	 16.706  0.565
-12.812	115.645	 16.506  0.112
-14.151	119.088	 17.479 -0.240
-16.164	117.551	 20.298 -0.241
-13.076	116.551	 22.375 -0.697
-11.307	118.433	 25.145 -0.749
 -7.738	117.724	 24.142  0.540
 -6.224	117.243	 20.703  0.282
 -2.626	117.173	 19.449  0.382
 -1.029	117.489	 16.082  0.323
  1.713	115.218	 14.888  0.566
  3.935	116.199	 11.975  0.572
  3.955	112.980	  9.994  0.491
  5.808	114.454	  7.025  0.565
  8.554	111.938	  6.254  0.474
  5.879	109.289	  6.301  0.574
  5.554	110.436	  2.675  0.564
  9.177	110.045	  1.688  0.407
  8.610	106.376	  1.103  0.575
  6.201	106.250	 -1.782  0.141
  7.152	106.868	 -5.371  0.498
  5.690	109.893	 -7.110  0.566
  4.388	109.355	-10.603 -0.867
  7.387	109.735	-12.941 -3.291
  5.411	111.716	-15.469 -3.291
  4.077	114.068	-12.778  0.407
  7.414	114.944	-11.192  0.472
  8.423	117.804	-13.435  0.457
  5.683	119.786	-11.717  0.564
  7.248	119.830	 -8.284  0.536
 10.492	121.552	 -9.184  0.533
 11.919	124.245	 -6.901  0.486
 14.969	126.488	 -6.656  0.536
 17.458	127.641	 -4.109  0.494
 18.696	131.197	 -4.130  0.567
 22.189	132.206	 -3.112  0.540
 23.189	135.286	 -1.121 -3.291
 24.090	138.250	 -3.215  0.574
 23.427	136.032	 -6.200  0.534
 26.851	134.356	 -5.947 -0.147
 25.881	131.349	 -8.120  0.141
 22.817	130.586	-10.172  0.567
 19.868	128.697	 -8.844  0.565
 20.336	125.150	 -7.692 -0.938
 17.068	123.436	 -8.474  0.522
 15.539	119.948	 -7.864  0.481
 12.298	117.986	 -8.121  0.474
 10.545	115.146	 -6.235  0.564
 10.675	111.384	 -6.909  0.574
  8.651	110.533	 -3.891  0.574
  5.418	112.068	 -2.554  0.566
  6.374	115.649	 -1.563  0.498
  5.620	117.255	  1.771  0.523
  2.634	119.516	  1.657  0.488
  0.906	118.636	 -1.537  0.547
 -2.787	117.851	 -1.364  0.570
 -2.031	114.629	 -3.220  0.565
  0.298	112.914	 -0.830  0.575
 -2.040	112.262	  2.089  0.498
 -4.419	111.237	 -0.636  0.033
 -2.185	108.567	 -1.940  0.494
 -0.548	107.539	  1.315  0.565
 -4.054	107.165	  2.709  0.523
 -4.056	103.474	  1.966 -3.265
 -0.907	102.885	  3.947  0.325
 -1.826	105.505	  6.535  0.530
 -5.182	103.924	  7.302  0.224
 -3.473	100.564	  7.857 -1.110
 -0.745	101.817	 10.109  0.534
 -3.572	102.919	 12.412  0.566
 -5.977	 99.937	 12.414 -1.105
 -4.304	 98.495	 15.558  0.428
 -4.082	101.700	 17.566  0.008
 -7.650	102.567	 16.620  0.169
 -9.040	 99.235	 17.764 -3.291
 -6.809	 99.092	 20.893 -3.291
 -8.011	102.617	 21.892  0.413
-11.318	103.223	 20.213  0.357
-11.924	106.153	 22.549 -3.289
 -9.391	108.302	 20.619 -3.285
 -9.871	110.251	 17.393 -0.455
 -7.545	110.493	 14.436  0.534
 -7.615	112.877	 11.504 -0.021
 -5.060	113.480	  8.799  0.572
 -4.940	116.837	  6.995  0.564
 -1.925	117.004	  4.691 -0.247
  1.365	116.705	  6.607  0.572
 -0.388	116.401	  9.959  0.523
 -2.225	113.951	 12.183  0.566
 -4.884	115.300	 14.472  0.054
 -5.344	113.271	 17.632  0.366
 -7.763	114.152	 20.400 -0.136
 -8.865	112.443	 23.627  0.504
-11.183	112.818	 26.603  0.474
 -8.615	111.557	 29.105  0.490
 -6.865	113.640	 31.735 -0.205
 -4.271	115.798	 30.115  0.327
 -1.497	113.751	 31.654 -3.288
 -3.209	110.650	 30.323 -0.019
 -3.502	112.238	 26.878  0.482
  0.134	113.296	 26.679  0.521
  0.828	109.648	 27.340 -3.291
 -1.407	108.084	 24.674  0.397
  0.195	110.553	 22.269 -0.497
  3.737	109.641	 23.246 -0.143
  2.511	106.056	 22.808 -0.615
  1.163	106.590	 19.357  0.490
  4.519	108.113	 18.537  0.472
  5.986	104.703	 19.310 -3.291
  3.404	102.614	 17.454  0.206
  4.269	104.815	 14.545  0.490
  7.948	104.211	 14.994 -0.465
  7.071	100.493	 14.883 -3.291
  6.547	101.208	 11.196  0.547
  9.135	103.677	  9.930  0.565
  7.053	106.767	 10.474 -1.228
  9.372	108.902	 12.496 -0.958
  7.720	111.916	 14.141  0.574
  9.584	115.045	 15.413  0.567
 11.028	115.526	 18.873  0.425
  9.057	118.363	 20.500 -0.458
 10.977	119.838	 23.438  0.457
  9.534	120.807	 26.824  0.528
 11.728	123.436	 28.594  0.523
 11.911	123.714	 32.319  0.457
 12.522	127.445	 32.469  0.463
  9.563	129.878	 32.877  0.567
  7.251	130.199	 29.833  0.567
  6.141	126.533	 29.684  0.486
  5.059	127.058	 26.108 -0.280
  5.145	123.311	 25.604  0.392
  2.145	123.405	 27.946  0.486
 -0.094	124.563	 25.095  0.488
  0.971	121.961	 22.509  0.481
 -2.437	120.455	 23.035  0.462
 -5.566	122.047	 21.613  0.566
 -8.878	122.322	 23.440  0.573
-12.023	122.528	 21.201  0.567
-14.031	124.082	 24.051  0.523
-12.528	127.395	 25.142  0.230
-13.756	127.751	 21.549  0.547
-16.669	130.138	 22.066  0.498
-18.575	131.977	 19.359  0.533
-18.440	135.812	 19.581  0.474
-21.877	137.449	 19.057 -0.130
-22.473	141.124	 18.425  0.289
-23.716	143.223	 21.270 -3.291
-25.373	146.633	 21.386  0.566
-24.012	149.160	 23.926  0.567
-25.679	150.096	 27.194 -3.267
-25.791	153.799	 27.930 -0.060
-27.985	155.576	 30.482 -1.113
-28.629	158.608	 28.170 -0.132
-27.800	158.790	 24.431  0.238
-26.458	161.810	 22.551  0.498
-27.537	162.086	 18.886  0.491
-24.196	160.758	 17.707  0.534
-24.429	157.716	 19.931  0.474
-27.807	157.103	 18.322  0.534
-26.784	157.144	 14.705  0.572
-23.928	154.702	 15.207  0.514
-26.149	152.342	 17.174  0.490
-28.529	152.586	 14.236  0.491
-25.937	151.596	 11.705  0.565
-24.806	148.545	 13.660  0.570
-28.392	147.562	 14.053  0.566
-28.777	148.082	 10.301  0.494
-25.684	146.174	  9.285  0.393
-26.600	143.349	 11.630  0.574
-30.027	143.494	 10.063  0.540
-28.495	141.595	  7.133  0.523
-27.421	138.746	  9.383  0.574
-30.520	138.441	 11.612  0.481
-33.715	139.828	  9.858 -3.291
-35.852	140.566	 12.923  0.487
-34.074	143.880	 13.420  0.331
-36.294	146.967	 13.031 -0.913
-34.914	150.508	 13.220 -0.198
-37.768	152.930	 12.372 -3.291
-39.147	153.062	 15.918 -0.230
-35.624	153.992	 16.976  0.415
-34.453	156.208	 14.113  0.475
-37.501	158.483	 14.202 -1.083
-35.908	160.055	 17.294  0.414
-33.497	161.669	 14.838 -1.077
-36.002	163.459	 12.640  0.321
-34.390	166.803	 11.906  0.565
-30.965	168.280	 11.369 -3.291
-29.672	168.397	 14.967  0.344
-26.222	168.851	 16.561 -0.195
-24.718	165.434	 17.254  0.566
-23.839	166.319	 20.818  0.574
-27.583	166.709	 21.709 -0.517
-28.851	164.329	 24.399 -0.712
-31.961	162.654	 23.000 -1.129
-34.107	160.982	 25.674 -2.611
-34.995	157.452	 24.641  0.187
-38.711	156.984	 24.057  0.536
-40.557	154.212	 25.911 -3.291
-41.692	153.215	 22.440  0.186
-38.018	153.329	 21.498  0.574
-36.107	151.678	 24.403  0.461
-38.714	149.031	 23.619 -0.040
-36.775	147.619	 20.646  0.517
-33.262	148.568	 21.667  0.414
-33.579	146.122	 24.547  0.408
-35.554	143.947	 22.146  0.408
-33.314	143.590	 19.086  0.454
-30.365	143.140	 21.442  0.372
-32.102	140.060	 22.822  0.571
-31.940	138.925	 19.196  0.534
-28.178	139.307	 19.052  0.415
-27.327	136.296	 21.213 -1.098
-28.670	133.192	 19.390 -1.082
-27.884	130.697	 16.516  0.073
-28.180	132.344	 13.114  0.450
-30.885	131.869	 10.396  0.483
-30.580	128.093	  9.693  0.565
-26.879	128.254	  8.728 -0.248
-25.603	125.057	  7.133  0.481
-22.081	124.196	  6.127  0.564
-21.656	122.954	  2.586  0.327
-18.366	120.958	  2.335  0.429
-18.529	121.297	 -1.425 -0.258
-17.990	125.090	 -1.372  0.514
-14.907	127.126	 -0.343 -1.026
-14.282	128.771	  2.969  0.339
-13.651	132.371	  3.684 -1.103
-12.403	134.235	  6.704  0.326
-12.114	137.901	  7.563  0.463
 -9.978	139.523	 10.211 -1.109
-10.417	143.016	 11.635  0.523
 -7.596	144.539	 13.665  0.570
 -9.592	145.608	 16.719  0.523
 -7.228	147.133	 19.285 -0.636
 -4.090	146.675	 21.367 -3.291
 -3.553	143.042	 20.561 -1.729
 -7.129	142.005	 19.878  0.523
 -8.331	140.567	 16.535  0.393
-11.608	139.112	 15.334  0.340
-12.700	136.806	 12.576  0.398
-15.657	135.219	 10.858  0.523
-15.766	132.135	  8.701  0.371
-18.458	131.827	  6.055  0.066
-19.293	130.136	  2.805  0.572
-21.983	132.586	  1.784  0.133
-22.118	136.318	  2.529 -0.810
-23.697	137.196	  5.891 -1.107
-24.226	133.529	  6.613  0.401
-21.232	132.822	  8.839  0.249
-20.679	129.432	 10.388  0.566
-18.381	130.758	 13.053  0.343
-17.463	134.026	 14.660  0.574
-14.867	134.656	 17.316  0.565
-11.924	136.531	 18.636  0.457
 -8.305	135.438	 18.924  0.481
 -7.060	137.136	 22.144  0.368
 -3.236	137.434	 22.049 -1.075
  0.133	135.745	 22.715 -3.291
  1.908	137.715	 25.533 -1.050
  5.088	137.378	 23.459 -1.110
  3.402	139.162	 20.527 -0.865
  6.266	141.676	 20.782  0.573
  3.681	144.387	 19.956  0.382
  3.882	143.237	 16.344  0.574
  0.710	143.346	 14.220  0.425
  2.335	141.336	 11.465 -0.195
  3.303	138.672	 13.967 -2.728
 -0.136	138.606	 15.615  0.474
 -1.994	138.634	 12.318  0.566
 -0.222	135.635	 10.856 -1.065
 -0.651	133.885	 14.190 -0.258
 -4.348	134.587	 13.967 -0.733
 -4.343	133.116	 10.480  0.449
 -2.631	129.982	 11.701  0.327
 -4.822	129.794	 14.774  0.172
 -7.920	130.447	 12.752 -0.697
 -6.742	127.921	 10.151 -3.291
 -6.239	125.273	 12.713 -3.291
 -9.770	125.591	 14.002  0.571
-11.034	125.177	 10.440 -0.521
 -9.372	121.853	  9.777  0.412
-10.600	120.420	 13.085 -0.188
-14.125	121.720	 12.678  0.534
-14.824	121.357	  8.959  0.238
-11.547	119.862	  7.759  0.488
-10.810	122.387	  5.079 -0.239
 -8.735	125.518	  4.880 -1.250
-10.382	128.898	  4.416  0.498
 -9.360	131.589	  1.930  0.173
 -8.304	134.637	  3.915  0.565
 -9.107	138.294	  3.411 -3.291
 -6.141	139.759	  5.133  0.566
 -6.321	143.265	  6.605  0.567
 -2.899	144.379	  5.423  0.371
 -0.887	145.552	  2.401 -0.197
  0.268	142.716	  0.137 -0.238
  3.758	144.168	 -0.073  0.298
  4.032	144.422	  3.709  0.420
  2.722	141.020	  4.627  0.547
  4.751	139.329	  1.898 -1.122
  7.835	140.720	  3.598 -3.291
  7.603	138.975	  6.949  0.547
  4.761	136.523	  7.128  0.239
  7.486	133.910	  6.919 -1.126
  9.579	135.092	  9.864 -2.886
  6.586	134.274	 12.094  0.066
  5.106	131.309	 10.270  0.547
  5.182	128.004	 12.156  0.523
  3.043	125.547	 10.196  0.533
  3.337	122.683	  7.709  0.459
  0.586	124.076	  5.465 -0.234
 -0.112	127.425	  3.916  0.411
 -3.600	128.846	  3.394  0.567
 -4.842	130.920	  0.510 -0.365
 -5.023	134.637	  0.959  0.393
 -5.661	138.063	 -0.531  0.517
 -5.373	141.614	  0.683  0.326
 -8.051	144.136	  1.495  0.241
 -8.197	147.733	  2.619  0.494
-11.731	147.899	  4.025  0.536
-11.993	150.443	  6.900  0.567
-14.141	150.314	 10.117  0.290
-17.449	149.490	  8.460  0.566
-19.366	149.584	 11.742  0.532
-17.694	148.680	 15.043  0.514
-20.101	145.850	 14.170  0.566
-17.540	142.996	 14.345  0.547
-17.605	144.128	 17.850  0.397
-15.150	146.000	 20.036  0.374
-15.928	146.482	 23.727  0.566
BRIEF 1N5Y A 558              
 38.211	121.454	-27.318       
 34.602	120.462	-26.539       
 33.248	119.373	-23.165       
 32.430	115.862	-21.899       
 29.558	117.505	-20.010       
 26.298	115.638	-20.329       
 24.173	117.530	-22.803       
 21.008	119.229	-21.474       
 17.854	118.070	-23.347       
 15.743	120.768	-25.002       
 12.515	120.200	-26.894       
 10.367	122.505	-29.010       
  7.207	124.230	-27.835       
  4.214	121.792	-27.851       
  2.790	121.006	-31.283       
  5.321	123.042	-33.215       
  7.917	122.088	-35.755       
 11.282	123.701	-36.330       
 12.058	126.724	-38.470       
 11.776	126.404	-42.249       
 12.722	129.986	-43.060       
 13.995	130.848	-46.554       
 17.446	132.383	-47.055       
 18.037	135.812	-48.645       
 20.601	135.792	-51.474       
 23.906	137.357	-50.530       
 26.815	138.900	-52.383       
 29.542	136.574	-53.634       
 31.460	139.197	-51.779       
 29.825	138.038	-48.529       
 29.316	134.386	-49.411       
 32.904	133.341	-50.029       
 33.487	135.377	-46.879       
 31.217	133.183	-44.794       
 32.681	130.050	-46.350       
 36.073	130.863	-44.815       
 34.398	131.196	-41.433       
 32.133	128.148	-41.370       
 34.797	125.881	-42.783       
 36.766	127.034	-39.785       
 33.980	126.344	-37.320       
 33.438	123.013	-39.036       
 36.999	121.936	-38.480       
 36.788	123.343	-34.936       
 33.845	121.064	-34.128       
 31.258	123.761	-33.578       
 29.237	122.760	-36.613       
 28.766	119.995	-39.102       
 27.500	119.576	-42.627       
 24.006	118.074	-42.757       
 22.145	115.810	-45.121       
 19.204	116.578	-47.431       
 16.420	115.011	-45.372       
 16.813	117.976	-43.007       
 14.071	120.410	-43.839       
 14.722	123.173	-41.365       
 16.509	126.416	-41.985       
 17.124	129.723	-40.253       
 18.636	132.823	-42.002       
 22.241	133.854	-41.998       
 24.056	136.853	-43.314       
 27.441	138.466	-42.761       
 28.538	141.889	-41.580       
 31.724	143.919	-41.295       
 33.326	145.447	-38.229       
 34.613	148.710	-39.756       
 37.629	148.771	-37.407       
 39.251	145.439	-38.242       
 37.706	145.327	-41.736       
 37.122	141.661	-40.831       
 33.860	139.839	-41.414       
 31.691	138.138	-38.819       
 28.957	135.530	-39.007       
 25.456	136.164	-37.802       
 22.585	133.753	-37.747       
 19.034	134.993	-37.196       
 17.617	132.610	-34.623       
 14.526	134.762	-34.145       
 12.129	132.128	-35.443       
 13.931	129.233	-33.704       
 13.614	131.093	-30.451       
  9.965	131.724	-31.224       
  9.738	127.931	-31.468       
 12.239	126.810	-28.841       
 10.543	125.482	-25.699       
 10.803	127.772	-22.729       
 13.222	127.175	-19.929       
 13.013	128.153	-16.331       
 15.803	130.695	-16.273       
 18.217	130.188	-13.450       
 20.092	133.524	-13.189       
 18.021	135.177	-10.435       
 19.589	138.601	 -9.993       
 22.955	140.271	-10.477       
 25.576	140.218	 -7.725       
 26.752	143.428	 -6.090       
 30.274	144.397	 -4.807       
 28.669	145.695	 -1.663       
 28.190	142.048	 -0.801       
 31.773	140.958	 -1.116       
 34.099	140.635	  1.865       
 37.729	141.797	  1.960       
 39.924	138.921	  0.879       
 43.708	138.545	  1.304       
 44.092	137.411	 -2.297       
 41.722	137.978	 -5.177       
 41.712	136.854	 -8.806       
 39.293	137.190	-11.685       
 39.091	135.239	-14.915       
 36.962	134.664	-17.955       
 36.384	131.767	-20.301       
 36.840	131.846	-24.049       
 34.424	130.377	-26.567       
 32.130	130.008	-23.613       
 29.186	128.816	-25.706       
 31.152	127.217	-28.496       
 32.523	125.006	-25.748       
 29.314	123.266	-24.649       
 27.582	120.433	-26.500       
 24.167	121.260	-27.880       
 21.569	118.538	-27.389       
 22.228	115.990	-30.147       
 18.476	115.620	-30.674       
 18.007	119.359	-31.274       
 20.737	120.291	-33.698       
 18.650	119.583	-36.766       
 16.769	122.756	-35.987       
 19.873	124.965	-35.934       
 20.233	124.057	-39.562       
 21.186	126.958	-41.753       
 22.283	127.369	-45.368       
 25.122	129.429	-46.765       
 23.988	130.142	-50.385       
 25.925	129.433	-53.505       
 27.425	132.247	-55.572       
 24.669	131.794	-58.183       
 21.419	129.927	-59.103       
 23.493	126.720	-59.315       
 23.629	123.724	-56.917       
 22.049	123.989	-53.451       
 23.994	126.123	-51.035       
 26.032	124.567	-48.249       
 23.979	123.214	-45.326       
 25.195	123.288	-41.737       
 23.913	122.418	-38.287       
 25.155	123.337	-34.832       
 26.893	121.022	-32.373       
 27.492	123.568	-29.621       
 25.440	126.321	-27.975       
 24.480	128.721	-30.838       
 24.888	132.355	-29.950       
 21.662	134.262	-29.709       
 19.405	131.302	-29.142       
 16.969	131.156	-26.296       
 18.677	128.277	-24.549       
 22.360	129.163	-24.676       
 22.481	131.294	-21.501       
 20.613	129.144	-19.066       
 22.129	125.988	-20.426       
 25.680	127.354	-20.231       
 25.084	128.672	-16.736       
 23.692	125.350	-15.489       
 26.601	123.542	-17.126       
 29.189	125.880	-15.628       
 27.659	125.465	-12.194       
 27.785	121.640	-12.435       
 31.442	121.974	-13.357       
 32.396	124.047	-10.376       
 30.265	121.759	 -8.249       
 33.096	119.352	 -7.260       
 35.730	122.025	 -7.016       
 33.943	124.103	 -4.411       
 33.306	121.017	 -2.273       
 37.115	120.526	 -2.229       
 38.000	124.142	 -1.537       
 35.008	125.349	  0.596       
 37.054	128.308	  1.814       
 37.341	130.189	 -1.449       
 34.441	132.188	 -2.885       
 33.873	132.055	 -6.611       
 31.183	134.331	 -8.018       
 30.270	132.787	-11.301       
 28.395	135.176	-13.540       
 27.752	133.703	-16.949       
 31.205	133.195	-18.482       
 33.178	135.025	-15.831       
 34.761	133.960	-12.593       
 35.601	136.062	 -9.596       
 37.770	134.104	 -7.210       
 38.906	135.332	 -3.820       
 40.442	133.791	 -0.709       
 42.297	134.563	  2.537       
 45.457	132.756	  1.401       
 49.007	133.860	  0.546       
 49.626	135.400	 -2.896       
 51.522	132.204	 -3.670       
 49.277	129.350	 -2.638       
 46.397	131.351	 -4.175       
 47.879	130.799	 -7.640       
 48.779	127.255	 -6.644       
 45.001	126.951	 -6.258       
 43.812	129.256	 -9.041       
 46.110	127.264	-11.249       
 44.619	124.042	 -9.934       
 41.329	125.575	-11.025       
 42.254	126.543	-14.579       
 43.614	123.040	-15.061       
 40.277	121.819	-13.811       
 38.164	123.687	-16.346       
 40.565	122.875	-19.132       
 39.984	119.242	-18.311       
 36.312	120.148	-18.858       
 36.642	122.169	-22.001       
 36.595	125.508	-20.369       
 39.379	127.561	-21.928       
 40.664	130.179	-19.525       
 42.525	132.474	-21.947       
 45.007	135.107	-20.828       
 42.600	137.925	-20.033       
 42.505	137.348	-16.311       
 43.293	139.919	-13.608       
 46.045	138.813	-11.259       
 47.236	141.022	 -8.385       
 46.107	143.702	-10.819       
 43.669	145.755	 -8.746       
 41.660	147.622	 -9.771       
 39.817	144.457	-10.688       
 37.238	145.343	-13.298       
 34.264	143.170	-12.355       
 30.587	143.502	-13.226       
 31.141	147.083	-14.279       
 32.882	148.180	-11.096       
 36.472	148.527	 -9.991       
 37.491	146.480	 -7.037       
 40.166	148.015	 -4.846       
 41.885	146.142	 -1.976       
 40.210	148.422	  0.515       
 37.254	149.853	 -1.483       
 35.316	149.834	 -4.776       
 34.159	152.258	 -7.448       
 31.713	152.072	-10.338       
 33.296	152.347	-13.761       
 32.748	156.018	-14.753       
 29.441	157.166	-16.190       
 29.305	159.696	-19.036       
 26.171	161.760	-18.568       
 24.645	162.846	-21.940       
 24.934	166.677	-22.141       
 23.670	167.275	-25.690       
 22.162	170.499	-27.156       
 18.480	169.615	-27.690       
 16.571	166.788	-25.951       
 14.085	164.377	-27.466       
 12.081	161.862	-25.457       
 14.361	158.892	-26.156       
 17.427	160.890	-25.191       
 15.869	161.350	-21.720       
 15.484	157.617	-21.101       
 19.204	157.345	-21.745       
 19.712	159.849	-18.981       
 17.217	158.801	-16.354       
 18.313	155.174	-16.558       
 21.992	156.045	-16.381       
 21.146	158.192	-13.399       
 19.446	155.253	-11.646       
 22.440	153.107	-12.225       
 24.256	155.920	-10.420       
 21.911	156.098	 -7.463       
 23.333	152.777	 -6.260       
 26.424	154.593	 -5.011       
 26.097	158.374	 -5.475       
 24.260	159.574	 -2.324       
 20.775	160.957	 -2.806       
 19.663	161.346	 -6.410       
 16.475	162.960	 -7.603       
 14.889	161.945	-10.893       
 11.143	162.426	-10.362       
 11.816	165.832	-11.962       
 12.811	164.843	-15.488       
 11.180	161.471	-14.983       
  7.707	162.843	-15.687       
  8.908	164.650	-18.797       
  8.330	161.401	-20.711       
  4.896	160.887	-19.153       
  1.953	161.193	-21.483       
  1.337	159.070	-24.570       
  4.608	160.465	-26.029       
  6.455	159.112	-29.106       
 10.102	157.998	-29.472       
 11.930	160.646	-31.545       
  9.703	163.619	-30.656       
 11.658	166.573	-29.255       
 10.754	168.076	-25.906       
 11.633	171.241	-23.863       
 13.331	170.785	-20.473       
 11.410	172.595	-17.733       
 13.157	174.329	-14.786       
 11.370	172.029	-12.378       
 13.095	169.472	-14.572       
 16.197	171.578	-15.077       
 17.332	171.981	-11.473       
 17.211	168.194	-11.406       
 19.881	167.698	-14.042       
 21.870	170.584	-12.533       
 21.630	169.418	 -8.895       
 22.258	165.860	-10.006       
 25.287	166.474	-12.210       
 26.624	168.212	 -9.127       
 26.724	165.206	 -6.855       
 27.849	162.897	 -9.655       
 30.781	165.266	-10.287       
 32.249	164.770	 -6.795       
 34.197	161.449	 -6.664       
 32.950	158.818	 -4.193       
 33.497	155.155	 -3.397       
 31.926	152.288	 -1.490       
 33.228	149.602	  0.872       
 32.932	145.870	  1.487       
 30.639	144.094	  3.914       
 31.822	142.959	  7.311       
 29.743	140.173	  8.931       
 30.145	140.756	 12.671       
 29.267	144.450	 12.350       
 25.479	144.416	 11.832       
 23.811	146.593	  9.177       
 22.341	150.104	  9.091       
 19.993	151.857	  6.693       
 19.356	155.561	  7.091       
 16.439	157.180	  5.285       
 16.165	160.832	  4.326       
 13.106	162.705	  3.059       
 13.267	164.324	 -0.404       
 11.085	166.156	 -2.899       
  7.462	165.095	 -3.345       
  7.686	161.355	 -3.833       
 11.484	161.037	 -3.690       
 13.375	159.331	 -0.842       
 17.009	158.471	 -0.213       
 19.015	155.961	  1.778       
 22.503	154.810	  2.492       
 23.239	151.448	  4.040       
 26.312	151.114	  6.156       
 27.947	149.468	  9.137       
 30.550	152.006	 10.196       
 30.084	155.795	 10.785       
 30.009	157.268	  7.267       
 31.487	154.585	  5.077       
 28.538	153.917	  2.758       
 28.162	150.317	  1.602       
 25.498	151.175	 -0.934       
 22.901	153.914	 -1.496       
 19.614	154.127	 -3.330       
 16.338	155.920	 -3.850       
 12.574	155.414	 -3.562       
  9.885	157.100	 -5.558       
  7.004	154.774	 -6.386       
  3.592	155.941	 -5.158       
  1.540	152.859	 -4.197       
 -1.928	154.297	 -4.639       
 -3.688	157.522	 -5.507       
 -4.434	158.785	 -1.996       
 -1.483	158.109	  0.260       
  0.391	159.808	  3.079       
  3.980	159.974	  4.354       
  4.212	157.279	  7.001       
  2.793	154.852	  4.506       
  5.584	155.686	  2.066       
  8.274	155.584	  4.703       
  6.832	152.221	  5.733       
  6.989	151.254	  2.042       
 10.608	152.388	  1.852       
 11.605	150.204	  4.760       
  9.950	147.247	  3.176       
 11.908	147.676	 -0.020       
 15.189	148.410	  1.768       
 14.807	145.218	  3.774       
 14.235	142.890	  0.901       
 17.087	144.507	 -1.023       
 19.415	143.591	  1.838       
 18.212	140.091	  2.366       
 19.244	139.700	 -1.267       
 22.792	140.906	 -0.706       
 23.542	139.943	  2.838       
 20.803	137.481	  3.756       
 20.195	139.606	  6.835       
 17.936	142.515	  7.809       
 19.327	145.947	  8.699       
 18.761	148.287	 11.636       
 17.157	151.603	 10.696       
 17.608	155.283	 11.447       
 14.444	157.085	 10.395       
 13.174	160.727	 10.178       
 10.035	160.057	 12.194       
  9.872	160.040	 15.978       
  8.587	157.069	 17.901       
  5.705	159.374	 18.861       
  4.501	159.809	 15.283       
  4.714	156.057	 14.714       
  3.334	154.886	 18.068       
  0.183	156.772	 17.100       
  0.062	155.601	 13.512       
  0.119	151.864	 13.875       
 -2.200	152.005	 16.815       
 -5.008	154.002	 15.263       
 -4.802	152.492	 11.732       
 -7.114	149.585	 10.867       
 -4.667	147.965	  8.525       
 -1.971	145.984	 10.271       
  1.631	147.218	 10.033       
  5.099	147.146	 11.538       
  8.699	148.229	 11.151       
 11.795	146.397	 12.329       
 14.174	147.665	 15.004       
 14.903	151.346	 14.387       
 15.841	154.562	 16.166       
 14.917	158.177	 15.314       
 17.485	160.236	 13.425       
 16.958	163.993	 13.690       
 17.355	165.264	 10.157       
 14.443	167.039	  8.411       
 12.488	167.324	  6.415       
 10.788	165.182	  9.025       
  7.858	162.844	  8.650       
  4.692	163.253	 10.687       
  0.983	163.202	  9.844       
 -0.407	166.679	  9.252       
 -3.988	166.371	 10.322       
 -6.068	164.268	 12.668       
 -9.716	163.312	 12.957       
-11.612	163.230	 16.252       
-12.811	160.258	 18.233       
-15.850	162.012	 19.699       
-18.313	164.616	 18.286       
-17.134	168.054	 19.365       
-19.376	170.674	 21.019       
-18.993	174.219	 19.702       
-19.427	173.415	 15.995       
-22.355	172.881	 13.678       
-22.968	169.330	 12.591       
-22.824	169.609	  8.802       
-24.831	166.904	  7.046       
-23.168	166.389	  3.621       
-24.046	164.522	  0.445       
-24.042	164.800	 -3.368       
-25.425	162.917	 -6.354       
-25.162	162.569	-10.104       
-26.771	161.043	-13.167       
-24.441	158.864	-15.283       
-26.548	159.441	-18.422       
-25.850	163.190	-18.063       
-22.435	163.714	-16.350       
-24.215	166.262	-14.100       
-25.190	166.412	-10.458       
-25.397	168.643	 -7.396       
-23.805	168.490	 -3.946       
-24.238	170.382	 -0.697       
-25.325	170.323	  2.942       
-27.757	171.191	  5.728       
-26.464	172.300	  9.154       
-28.331	171.866	 12.469       
-28.784	175.672	 12.458       
-30.855	175.455	  9.262       
-27.940	176.701	  7.072       
-27.750	175.317	  3.526       
-25.621	175.320	  0.363       
-25.899	173.397	 -2.940       
-23.347	173.851	 -5.721       
-24.113	172.038	 -8.946       
-21.366	170.302	-10.862       
-20.828	168.873	-14.291       
-18.766	165.912	-15.510       
-18.409	164.224	-12.162       
-20.014	161.155	-10.612       
-21.711	160.230	 -7.289       
-18.500	159.297	 -5.711       
-16.876	162.619	 -6.560       
-19.965	164.611	 -5.629       
-20.198	162.982	 -2.215       
-16.550	163.732	 -1.886       
-17.452	167.233	 -3.050       
-19.988	167.933	 -0.340       
-17.373	167.174	  2.271       
-15.278	169.902	  0.620       
-17.731	172.746	  1.199       
-18.448	171.983	  4.843       
-14.668	172.303	  5.270       
-14.706	175.948	  4.141       
-18.235	176.947	  5.133       
-17.340	176.061	  8.693       
-15.248	177.294	 11.586       
-12.123	175.716	 12.990       
-14.196	172.995	 14.571       
-16.913	170.901	 12.940       
-18.811	167.645	 12.720       
-19.481	166.398	  9.203       
-21.739	163.551	  8.290       
-21.644	161.415	  5.169       
-23.023	158.251	  3.764       
-20.115	157.390	  1.443       
-17.748	154.891	  3.073       
-15.782	155.758	  0.010       
-15.144	159.404	  0.940       
-15.144	158.451	  4.590       
-12.531	155.792	  4.110       
-10.270	157.892	  1.964       
-10.149	160.391	  4.790       
 -9.688	158.297	  7.930       
 -6.539	157.012	  6.207       
 -5.147	160.427	  7.022       
 -4.016	161.063	  3.439       
 -1.552	163.878	  3.100       
 -1.141	163.921	 -0.650       
 -2.991	162.579	 -3.656       
 -3.427	162.735	 -7.379       
 -6.726	164.643	 -7.743       
 -6.857	168.215	 -6.501       
-10.294	167.851	 -4.872       
 -8.775	165.472	 -2.336       
 -5.627	167.559	 -2.177       
 -7.736	170.504	 -1.169       
-10.032	168.467	  1.059       
 -6.755	167.679	  2.732       
 -5.768	171.342	  2.940       
 -8.975	172.255	  4.778       
 -8.177	169.520	  7.319       
 -4.664	170.660	  8.027       
 -6.120	174.169	  8.366       
 -8.974	173.432	 10.795       
 -8.278	172.690	 14.467       
-10.908	170.008	 14.979       
-12.881	167.748	 12.713       
-14.954	164.657	 13.264       
-16.756	162.578	 10.630       
-19.496	160.154	 11.228       
-21.319	157.884	  8.870       
-24.892	156.877	  8.244       
-26.600	154.474	  5.783       
-28.100	156.760	  3.134       
-31.628	155.874	  2.048       
-32.403	154.614	  5.549       
-34.372	157.552	  6.978       
-31.781	158.874	  9.394       
-32.858	162.481	  9.784       
-29.935	164.803	  9.156       
-29.539	163.049	  5.814       
-33.015	163.058	  4.225       
-32.679	166.824	  4.267       
-29.442	166.996	  2.263       
-30.541	164.080	  0.126       
-33.708	165.539	 -1.360       
-31.861	168.845	 -1.552       
-29.313	167.256	 -3.872       
-31.647	164.671	 -5.447       
-33.016	167.239	 -7.961       
-32.262	164.726	-10.737       
-32.688	161.218	 -9.305       
-33.129	159.492	-12.652       
-33.658	159.803	-16.406       
BRIEF 1N5Y L 211              
 22.731	132.757	 40.619       
 19.673	135.025	 40.662       
 20.240	136.277	 44.200       
 16.996	136.371	 46.220       
 16.981	138.655	 49.250       
 14.577	139.023	 52.122       
 15.998	142.002	 53.959       
 13.925	141.448	 57.061       
 15.454	138.563	 58.979       
 13.720	138.340	 62.396       
 10.406	140.231	 62.600       
  8.105	140.011	 65.659       
  4.324	140.695	 65.700       
  1.023	139.868	 67.452       
 -2.241	137.962	 66.930       
 -4.868	139.681	 64.788       
 -2.177	141.878	 63.178       
 -1.471	142.215	 59.434       
  2.085	141.674	 58.141       
  4.094	142.040	 54.959       
  7.371	140.358	 54.038       
  9.636	141.326	 51.172       
 11.488	139.091	 48.699       
 13.751	141.300	 46.540       
 15.175	139.550	 43.464       
 18.325	140.264	 41.419       
 16.622	140.785	 38.055       
 13.207	140.856	 36.362       
 11.963	137.412	 37.389       
  8.659	138.126	 35.719       
  6.546	136.774	 38.607       
  8.022	133.316	 39.004       
  8.245	133.452	 42.745       
  6.950	130.939	 45.214       
  6.426	131.258	 48.959       
  7.159	128.555	 51.500       
  6.223	128.324	 55.214       
  8.503	126.320	 57.524       
  6.959	125.811	 60.987       
  9.128	125.596	 64.138       
  8.986	121.787	 63.887       
 10.377	121.897	 60.378       
  7.682	120.724	 58.007       
  7.579	122.865	 54.887       
  4.453	123.831	 53.001       
  3.510	125.683	 49.825       
  1.550	128.920	 50.367       
  1.639	130.855	 47.111       
  2.770	129.789	 43.640       
  3.106	132.273	 40.744       
  3.550	135.183	 43.169       
 -0.173	135.520	 43.869       
 -1.988	132.179	 43.553       
 -2.937	130.419	 46.796       
 -2.051	126.777	 46.989       
 -5.105	124.608	 47.586       
 -5.980	124.448	 51.242       
 -4.330	127.649	 52.274       
 -6.140	130.157	 54.480       
 -7.561	133.115	 52.507       
 -5.779	135.385	 54.960       
 -2.775	134.867	 52.699       
 -1.805	137.270	 49.907       
  0.936	137.594	 47.366       
  2.165	140.685	 45.573       
  5.239	141.633	 43.571       
  6.645	142.764	 40.246       
  9.935	142.646	 38.439       
 12.375	142.591	 41.356       
 10.394	143.455	 44.462       
  7.799	141.090	 45.905       
  5.775	140.850	 49.102       
  3.905	138.368	 51.219       
  1.148	139.566	 53.506       
 -0.732	137.654	 56.212       
 -4.272	139.014	 56.779       
 -4.776	138.688	 60.513       
 -2.430	136.501	 62.438       
 -3.528	133.213	 63.917       
 -1.198	131.355	 66.328       
  0.341	129.085	 63.662       
  1.278	131.786	 61.185       
  4.105	132.711	 63.552       
  6.802	130.816	 61.642       
  9.854	131.045	 59.341       
  9.137	132.068	 55.696       
 10.723	131.396	 52.322       
 10.396	132.595	 48.750       
 11.835	130.614	 45.865       
 12.479	131.805	 42.352       
 12.153	129.641	 39.247       
 12.821	131.912	 36.286       
 16.203	130.379	 35.724       
 18.043	127.396	 37.147       
 19.692	127.217	 39.466       
 16.547	127.706	 41.557       
 16.915	129.871	 44.659       
 15.295	130.671	 47.977       
 15.446	133.843	 50.017       
 17.160	134.015	 53.424       
 13.762	133.514	 54.956       
 11.980	135.683	 57.455       
 11.224	134.315	 60.963       
  7.854	135.675	 62.085       
  7.889	135.869	 65.884       
  5.802	137.036	 68.829       
  5.841	140.397	 70.621       
  5.827	140.012	 74.409       
  6.303	142.628	 77.113       
 10.074	142.853	 77.429       
 11.665	141.036	 80.429       
 15.098	140.397	 81.911       
 17.611	137.512	 81.800       
 17.514	135.545	 85.020       
 21.184	134.688	 85.495       
 22.577	131.606	 87.179       
 26.217	130.476	 87.326       
 27.780	127.192	 88.429       
 30.968	125.551	 89.664       
 32.676	122.632	 87.899       
 30.948	119.549	 89.286       
 33.213	117.631	 91.621       
 33.123	114.779	 89.122       
 34.020	116.846	 86.095       
 37.016	117.917	 88.106       
 37.820	114.414	 89.304       
 38.507	113.294	 85.742       
 40.578	116.399	 85.006       
 38.427	119.137	 83.493       
 36.158	122.082	 84.301       
 33.434	124.135	 82.703       
 31.507	127.088	 83.964       
 27.875	126.955	 83.006       
 25.905	130.182	 83.048       
 22.138	130.298	 82.390       
 20.224	133.267	 81.040       
 16.514	132.506	 81.107       
 13.219	133.704	 79.730       
 14.539	137.126	 78.774       
 13.133	139.269	 75.952       
 13.825	140.104	 73.149       
 16.500	137.851	 71.671       
 19.654	139.974	 71.197       
 21.997	139.677	 74.169       
 25.645	139.664	 75.156       
 27.853	137.730	 77.482       
 31.333	138.344	 78.805       
 33.635	136.125	 80.799       
 35.684	138.050	 83.332       
 38.002	135.791	 85.359       
 39.737	137.498	 88.291       
 38.523	140.786	 86.834       
 40.339	139.814	 83.618       
 38.352	138.949	 80.471       
 38.665	135.758	 78.344       
 37.073	134.218	 75.232       
 39.254	131.109	 74.854       
 36.771	128.378	 75.855       
 33.407	130.077	 75.489       
 30.506	128.198	 73.953       
 26.896	129.252	 73.748       
 23.483	128.048	 72.657       
 20.291	130.005	 72.103       
 16.828	128.503	 72.306       
 14.026	129.251	 69.930       
 11.133	131.403	 71.066       
  9.152	129.379	 73.614       
  5.665	128.943	 72.132       
  3.964	129.245	 75.519       
  5.554	132.310	 77.184       
  7.293	133.876	 74.160       
 10.733	134.184	 75.707       
 14.297	133.034	 75.175       
 16.998	131.301	 77.188       
 20.703	130.823	 76.608       
 23.387	128.475	 77.887       
 26.948	129.666	 77.778       
 29.852	127.458	 78.803       
 33.472	128.317	 79.619       
 35.643	125.271	 79.149       
 39.037	125.665	 80.751       
 41.322	122.861	 81.853       
 41.645	121.605	 85.444       
 45.179	122.822	 86.160       
 44.108	126.290	 84.960       
 40.876	126.235	 87.018       
 42.857	125.278	 90.134       
 45.084	128.249	 89.199       
 42.697	131.135	 89.833       
 39.811	132.310	 92.035       
 37.320	134.667	 90.355       
 35.003	133.615	 87.519       
 32.443	136.094	 86.259       
 29.564	135.735	 83.845       
 28.253	139.054	 82.539       
 24.966	139.704	 80.822       
 24.283	142.745	 78.664       
 20.562	142.968	 77.869       
 18.594	145.933	 76.505       
 16.728	146.261	 79.803       
 19.250	147.579	 82.325       
 22.143	149.856	 81.433       
 24.139	148.061	 84.121       
 25.274	144.631	 82.956       
 23.606	141.870	 84.944       
 26.269	139.844	 86.689       
 26.540	136.892	 89.063       
 29.822	135.168	 89.950       
 31.875	133.153	 92.425       
 35.319	132.297	 93.853       
 36.567	128.735	 94.457       
BRIEF 1N5Y H 225              
 -3.201	111.423	 49.315       
  0.409	112.293	 48.347       
  3.550	111.730	 50.421       
  7.303	111.383	 50.262       
  9.766	110.076	 52.793       
 13.509	110.452	 52.598       
 15.552	107.385	 53.468       
 19.204	107.726	 54.372       
 22.313	106.685	 56.311       
 21.882	109.364	 58.954       
 25.633	109.542	 59.502       
 28.490	109.530	 56.994       
 32.243	109.411	 57.357       
 34.160	112.230	 55.650       
 35.157	111.820	 51.995       
 32.629	109.006	 51.535       
 29.366	108.982	 49.631       
 25.751	108.729	 50.711       
 22.589	107.790	 48.885       
 19.316	109.375	 49.869       
 16.144	107.664	 48.714       
 12.791	109.386	 48.364       
  9.875	106.989	 48.319       
  6.625	108.434	 47.148       
  3.049	107.457	 46.525       
  0.286	109.457	 44.924       
  1.837	110.435	 41.621       
  3.903	108.856	 38.943       
  7.224	110.143	 37.760       
  6.013	109.270	 34.282       
  3.321	111.953	 34.042       
  4.273	115.089	 32.198       
  4.590	117.944	 34.665       
  6.044	115.898	 37.511       
  9.567	115.684	 38.877       
 11.298	115.431	 42.238       
 13.381	118.092	 43.883       
 16.102	117.617	 46.498       
 16.328	120.506	 48.934       
 18.858	120.896	 51.697       
 18.978	122.942	 54.924       
 22.128	123.057	 57.093       
 22.000	123.364	 60.865       
 20.314	126.725	 61.572       
 20.646	128.254	 58.068       
 17.997	128.401	 55.343       
 16.778	126.245	 52.464       
 19.080	125.459	 49.528       
 18.088	123.967	 46.169       
 20.057	120.879	 45.154       
 18.569	119.173	 42.144       
 15.418	118.324	 40.326       
 15.070	115.090	 38.450       
 12.275	115.379	 35.869       
 10.164	112.740	 34.072       
 11.937	113.320	 30.743       
 15.272	112.730	 32.528       
 16.250	116.303	 31.684       
 17.812	116.695	 35.143       
 19.134	119.999	 36.529       
 21.882	120.433	 39.158       
 23.060	123.139	 41.496       
 26.297	124.316	 39.784       
 28.121	124.639	 43.050       
 27.936	120.873	 43.466       
 27.136	119.113	 40.150       
 30.617	117.569	 40.469       
 29.503	115.616	 43.557       
 25.909	115.037	 42.625       
 23.795	112.635	 40.649       
 20.139	111.907	 40.458       
 18.278	108.746	 39.572       
 14.830	107.232	 39.649       
 13.221	103.800	 39.816       
 10.070	104.959	 38.143       
  8.343	101.638	 38.659       
  8.802	101.747	 42.418       
  8.112	105.434	 42.803       
 11.498	106.002	 44.253       
 13.896	108.816	 43.592       
 17.564	108.986	 44.493       
 20.309	111.423	 45.214       
 23.985	110.576	 45.547       
 26.732	112.801	 46.877       
 30.414	112.020	 46.546       
 33.310	112.892	 48.797       
 31.239	114.534	 51.524       
 32.681	116.987	 54.020       
 31.444	118.359	 57.350       
 29.640	121.204	 55.628       
 27.404	118.570	 54.061       
 25.961	117.813	 57.462       
 22.320	118.868	 57.127       
 18.705	117.909	 56.697       
 17.697	116.794	 53.257       
 14.211	117.163	 51.825       
 12.765	115.652	 48.703       
  9.714	117.400	 47.349       
  7.282	116.643	 44.567       
  7.973	119.463	 42.154       
  5.420	119.750	 39.408       
  4.617	121.850	 36.387       
  0.870	122.524	 36.283       
  0.586	125.124	 33.513       
  2.178	127.658	 31.218       
  3.274	129.779	 34.223       
  2.911	127.613	 37.305       
  5.746	125.325	 38.411       
  6.042	124.724	 42.156       
  7.078	122.208	 44.834       
  3.543	121.164	 45.825       
  4.404	118.706	 48.610       
  7.305	118.209	 50.909       
  8.839	115.320	 52.791       
  9.983	115.549	 56.365       
 13.667	115.264	 55.731       
 16.543	113.111	 56.840       
 19.349	114.039	 59.121       
 22.629	113.509	 57.356       
 25.664	114.482	 59.344       
 29.347	114.069	 58.570       
 31.564	112.989	 61.452       
 34.546	110.733	 61.877       
 33.502	110.076	 65.458       
 32.785	106.789	 67.249       
 29.457	106.527	 69.075       
 30.463	107.342	 72.655       
 28.101	107.818	 75.675       
 27.883	111.159	 77.466       
 29.504	111.961	 80.773       
 26.924	113.717	 82.977       
 27.442	116.365	 85.655       
 25.060	118.146	 88.032       
 24.751	121.865	 88.509       
 24.237	122.816	 92.158       
 24.754	126.513	 93.114       
 27.615	127.235	 95.521       
 28.620	130.263	 97.644       
 25.226	131.859	 96.853       
 23.339	129.248	 98.916       
 19.514	129.804	 98.842       
 16.864	132.186	100.343       
 13.033	131.769	100.614       
 12.297	131.979	 96.877       
 13.343	130.005	 93.813       
 16.448	128.354	 92.535       
 17.763	126.960	 89.309       
 19.408	123.590	 88.978       
 21.256	122.509	 85.882       
 22.593	119.379	 84.250       
 25.570	118.899	 81.986       
 25.750	116.295	 79.244       
 29.205	116.493	 77.674       
 31.077	114.527	 75.053       
 28.730	112.157	 73.235       
 27.936	110.948	 69.735       
 25.752	111.059	 67.932       
 22.639	113.091	 68.468       
 20.229	112.942	 70.014       
 19.843	112.838	 73.802       
 16.707	112.712	 75.839       
 16.767	114.726	 79.045       
 14.017	114.801	 81.625       
 13.848	115.877	 85.235       
 12.888	113.652	 88.123       
 11.904	110.833	 85.739       
  9.303	112.974	 84.015       
  7.842	114.473	 87.195       
  9.283	117.947	 86.745       
  8.422	119.641	 83.440       
  7.553	123.295	 84.024       
 10.502	125.643	 84.395       
 12.732	123.376	 82.350       
 15.172	124.323	 79.607       
 17.242	121.876	 77.654       
 19.515	123.784	 75.312       
 20.297	122.670	 71.779       
 23.700	121.007	 71.786       
 26.901	122.116	 70.115       
 30.079	120.481	 68.744       
 33.165	120.166	 70.926       
 36.296	118.556	 69.442       
 33.899	116.771	 67.114       
 31.695	115.633	 70.024       
 28.315	116.927	 71.215       
 27.609	118.837	 74.436       
 24.431	120.270	 75.971       
 22.877	121.665	 79.114       
 19.521	121.570	 80.827       
 18.142	123.946	 83.455       
 15.331	123.312	 85.849       
 13.920	126.004	 88.131       
 11.993	125.126	 91.300       
 10.889	127.000	 94.453       
 13.322	126.643	 97.367       
 10.501	125.277	 99.428       
 11.141	122.092	 97.435       
 14.899	121.889	 97.135       
 17.069	120.418	 98.593       
 14.335	119.170	100.915       
 12.908	117.057	 98.096       
 15.131	115.034	 95.780       
 15.605	116.485	 92.281       
 17.249	114.300	 89.683       
 18.442	114.726	 86.109       
 17.375	112.053	 83.571       
 19.769	111.439	 80.674       
 19.224	108.959	 77.816       
 21.537	108.331	 74.809       
 19.932	105.829	 72.373       
 22.975	105.064	 70.268       
 25.178	103.897	 73.141       
 22.295	102.217	 74.900       
 22.902	104.069	 78.170       
 20.627	105.869	 80.620       
 21.980	107.774	 83.581       
 20.330	109.589	 86.481       
 22.082	112.401	 88.340       
 21.035	113.547	 91.825       
 21.433	117.314	 92.165       
 23.042	117.312	 95.595       
 23.657	120.783	 97.057       
 27.322	121.858	 97.146       
 29.340	121.423	100.365       
 31.863	124.371	100.726       
