BRIEF 1N6Q B 429              
 14.400	103.622	 -5.006  0.567
 12.409	103.533	 -1.703  0.493
  9.250	101.391	 -2.337  0.539
  8.254	 98.432	 -4.614  0.148
  4.728	 99.833	 -4.390  0.291
  3.183	100.784	 -7.771 -0.496
  3.144	104.514	 -8.585  0.459
 -0.329	106.124	 -8.704  0.031
 -1.028	108.423	-11.735  0.567
 -2.064	112.062	-11.420  0.533
 -2.979	114.616	-14.065 -0.308
 -3.454	118.315	-13.232  0.566
 -6.843	119.969	-13.915  0.400
 -7.529	120.072	-17.699  0.497
 -6.323	123.060	-19.683  0.488
 -3.949	124.014	-16.862  0.573
 -0.193	123.693	-16.846  0.523
  2.107	123.191	-13.900  0.565
  3.488	125.806	-11.472  0.567
  5.842	128.455	-12.788 -1.123
  6.268	130.541	 -9.632  0.061
  9.477	132.462	 -8.893  0.457
 11.832	131.981	 -5.944  0.572
 11.703	134.664	 -3.322  0.547
 14.769	135.834	 -1.453  0.567
 15.896	133.703	  1.461  0.566
 18.065	134.762	  4.349  0.381
 21.393	132.937	  4.874  0.243
 20.165	131.295	  8.059  0.517
 17.486	129.644	  5.892  0.514
 19.448	128.907	  2.768  0.412
 22.121	127.185	  4.840 -0.063
 19.402	125.039	  6.399  0.533
 17.488	124.523	  3.172  0.415
 20.752	123.351	  1.618 -3.233
 21.783	120.762	  4.209 -0.586
 18.258	119.336	  4.284  0.534
 18.242	119.117	  0.488  0.563
 21.765	117.746	  0.082 -3.226
 20.879	114.858	  2.318 -0.660
 17.485	114.206	  0.746  0.022
 19.360	113.965	 -2.553  0.571
 21.639	111.186	 -1.288 -0.511
 18.821	109.031	  0.048  0.075
 17.614	110.121	 -3.384  0.565
 14.096	111.286	 -2.524  0.514
 15.075	114.340	 -4.520  0.574
 17.012	114.715	 -7.779 -0.007
 19.034	117.580	 -9.189 -1.072
 17.673	119.117	-12.471  0.330
 18.501	122.047	-14.783  0.565
 16.711	124.601	-17.065  0.567
 15.074	121.985	-19.279  0.300
 12.341	121.710	-16.614  0.534
 10.063	124.770	-17.276  0.498
  8.231	124.501	-13.991  0.481
  8.899	125.772	-10.488  0.534
  7.567	126.453	 -6.973  0.536
  9.231	128.237	 -4.158  0.567
 10.849	126.885	 -1.048 -3.286
 11.833	128.354	  2.249  0.565
 12.447	126.790	  5.639  0.408
 11.243	127.467	  9.159  0.574
 13.139	126.606	 12.338  0.283
 10.260	125.140	 14.298  0.457
 10.246	126.433	 17.873  0.570
  8.267	123.294	 18.476 -0.410
 11.462	121.226	 18.060  0.018
 14.361	123.592	 17.279 -0.024
 14.821	121.544	 14.107 -0.238
 14.679	123.222	 10.682  0.547
 11.917	122.042	  8.369  0.572
 11.954	122.522	  4.575  0.570
  8.765	124.083	  3.257 -0.115
  7.636	124.108	 -0.350  0.408
  4.791	126.478	 -1.199  0.572
  2.841	123.938	 -3.271  0.486
 -0.328	126.074	 -3.333  0.371
 -0.437	126.517	 -7.104  0.463
  0.431	122.918	 -7.844  0.490
 -2.027	121.953	 -5.129  0.534
 -4.699	123.975	 -6.871  0.401
 -3.839	122.724	-10.381 -0.305
 -4.081	119.043	 -9.343  0.536
 -7.437	118.246	 -7.734  0.523
 -9.830	115.545	 -8.946  0.424
 -7.314	113.820	 -6.762  0.407
 -7.684	114.907	 -3.130 -0.381
-11.295	116.214	 -2.967  0.517
-13.296	114.099	 -5.386  0.366
-11.266	110.909	 -5.979  0.425
 -9.401	110.119	 -2.768  0.566
-10.885	112.551	 -0.317  0.565
-10.022	111.764	  3.273  0.453
-13.232	111.773	  5.440  0.498
-13.710	114.023	  8.428  0.573
-14.062	113.135	 12.144  0.567
-17.425	114.625	 13.049 -0.399
-16.265	114.563	 16.656  0.565
-12.616	115.607	 16.504  0.112
-13.861	119.078	 17.403 -0.240
-15.677	117.403	 20.306 -0.241
-12.534	116.223	 22.180 -0.697
-11.080	118.216	 25.045 -0.749
 -7.475	117.619	 24.167  0.540
 -6.095	117.102	 20.650  0.282
 -2.460	117.034	 19.496  0.382
 -0.853	117.388	 16.093  0.323
  1.911	115.141	 14.921  0.566
  4.031	116.127	 11.927  0.572
  3.906	112.868	 10.034  0.491
  5.786	114.166	  6.988  0.565
  8.532	111.609	  6.431  0.474
  5.866	108.939	  6.244  0.574
  5.772	110.210	  2.663  0.564
  9.405	109.835	  1.631  0.407
  8.668	106.147	  1.172  0.575
  6.264	106.173	 -1.789  0.141
  7.363	106.697	 -5.385  0.498
  5.919	109.826	 -6.962  0.566
  4.191	109.289	-10.312 -0.867
  6.735	109.199	-13.104 -3.291
  5.368	111.864	-15.376 -3.291
  3.997	114.091	-12.627  0.407
  7.438	114.841	-11.216  0.472
  8.422	117.704	-13.481  0.457
  5.825	119.726	-11.603  0.564
  7.351	119.615	 -8.134  0.536
 10.582	121.274	 -9.210  0.533
 11.965	124.058	 -6.987  0.486
 15.063	126.205	 -6.704  0.536
 17.605	127.482	 -4.180  0.494
 18.763	131.100	 -3.912  0.567
 22.377	131.849	 -3.295  0.540
 23.407	134.899	 -1.238 -3.291
 24.289	137.922	 -3.316  0.574
 23.509	135.726	 -6.298  0.534
 26.932	134.156	 -6.113 -0.147
 25.964	131.207	 -8.278  0.141
 22.888	130.279	-10.276  0.567
 19.980	128.578	 -8.561  0.565
 20.045	124.896	 -7.664 -0.938
 16.983	123.114	 -9.013  0.522
 15.623	119.711	 -7.896  0.481
 12.409	117.735	 -8.095  0.474
 10.574	115.062	 -6.152  0.564
 10.622	111.298	 -6.882  0.574
  8.639	110.240	 -3.875  0.574
  5.360	111.730	 -2.584  0.566
  6.252	115.386	 -1.712  0.498
  5.695	117.289	  1.519  0.523
  2.784	119.653	  1.668  0.488
  1.259	118.559	 -1.594  0.547
 -2.451	117.768	 -1.372  0.570
 -1.803	114.509	 -3.231  0.565
  0.491	112.785	 -0.764  0.575
 -1.967	112.261	  2.052  0.498
 -4.479	111.123	 -0.577  0.033
 -2.094	108.591	 -2.018  0.494
 -0.523	107.531	  1.302  0.565
 -3.971	107.428	  2.889  0.523
 -4.070	103.729	  2.158 -3.265
 -0.978	102.703	  4.068  0.325
 -1.865	105.317	  6.696  0.530
 -5.261	103.787	  7.376  0.224
 -3.477	100.471	  7.828 -1.110
 -0.730	101.717	 10.139  0.534
 -3.496	103.044	 12.376  0.566
 -6.009	100.186	 12.200 -1.105
 -4.540	 98.500	 15.328  0.428
 -3.968	101.575	 17.500  0.008
 -7.554	102.566	 16.782  0.169
 -9.037	 99.153	 17.554 -3.291
 -7.088	 98.854	 20.841 -3.291
 -7.825	102.487	 21.661  0.413
-11.340	103.028	 20.321  0.357
-11.770	106.301	 22.205 -3.289
 -8.949	108.291	 20.624 -3.285
 -9.787	110.044	 17.371 -0.455
 -7.288	110.446	 14.538  0.534
 -7.513	112.740	 11.517 -0.021
 -4.972	113.491	  8.822  0.572
 -4.639	116.792	  6.963  0.564
 -1.627	116.819	  4.654 -0.247
  1.589	116.572	  6.692  0.572
 -0.181	116.257	 10.059  0.523
 -1.971	113.825	 12.294  0.566
 -4.707	115.225	 14.520  0.054
 -5.133	112.965	 17.543  0.366
 -7.686	114.012	 20.114 -0.136
 -8.675	112.416	 23.393  0.504
-10.891	112.820	 26.426  0.474
 -8.354	111.589	 28.962  0.490
 -6.645	113.766	 31.557 -0.205
 -3.951	115.894	 29.962  0.327
 -1.409	113.754	 31.782 -3.288
 -2.868	110.640	 30.244 -0.019
 -3.293	112.176	 26.799  0.482
  0.360	113.265	 26.658  0.521
  1.146	109.649	 27.436 -3.291
 -1.209	108.121	 24.879  0.397
  0.211	110.518	 22.258 -0.497
  3.700	109.611	 23.322 -0.143
  2.578	105.999	 22.896 -0.615
  1.253	106.546	 19.392  0.490
  4.619	108.054	 18.531  0.472
  5.668	104.492	 19.224 -3.291
  3.179	102.375	 17.372  0.206
  4.235	104.585	 14.500  0.490
  7.944	104.178	 14.976 -0.465
  7.340	100.386	 14.779 -3.291
  6.341	101.171	 11.206  0.547
  9.197	103.443	 10.157  0.565
  7.162	106.593	 10.464 -1.228
  9.292	108.822	 12.605 -0.958
  7.748	112.027	 13.989  0.574
  9.590	115.185	 15.233  0.567
 11.000	115.502	 18.732  0.425
  9.039	118.253	 20.470 -0.458
 11.087	119.594	 23.373  0.457
  9.846	120.683	 26.801  0.528
 12.053	123.120	 28.740  0.523
 12.157	123.278	 32.471  0.457
 12.856	127.069	 32.584  0.463
  9.845	129.508	 32.998  0.567
  7.618	129.912	 29.914  0.567
  6.348	126.450	 29.706  0.486
  5.342	126.989	 26.108 -0.280
  5.377	123.268	 25.538  0.392
  2.346	123.289	 27.830  0.486
  0.272	124.582	 24.936  0.488
  1.144	121.846	 22.460  0.481
 -2.246	120.252	 22.843  0.462
 -5.373	121.858	 21.453  0.566
 -8.568	122.048	 23.473  0.573
-11.683	122.539	 21.253  0.567
-13.671	123.871	 24.224  0.523
-12.306	127.326	 24.990  0.230
-13.493	127.524	 21.390  0.547
-16.426	129.911	 21.773  0.498
-18.294	131.785	 19.061  0.533
-18.316	135.540	 19.752  0.474
-21.655	137.281	 18.915 -0.130
-22.033	141.045	 18.554  0.289
-23.233	143.469	 21.200 -3.291
-24.448	147.085	 21.513  0.566
-22.766	149.078	 24.353  0.567
-24.558	150.858	 27.114 -3.267
-24.637	154.608	 27.538 -0.060
-26.372	156.148	 30.565 -1.113
-27.519	158.929	 28.206 -0.132
-27.124	158.916	 24.401  0.238
-25.682	161.882	 22.514  0.498
-26.774	162.183	 18.862  0.491
-23.501	160.576	 17.824  0.534
-24.183	157.494	 19.935  0.474
-27.546	157.050	 18.261  0.534
-26.251	156.964	 14.684  0.572
-23.320	154.617	 15.325  0.514
-25.643	152.190	 17.082  0.490
-28.053	152.750	 14.193  0.491
-25.549	151.550	 11.616  0.565
-24.359	148.513	 13.600  0.570
-27.948	147.529	 14.211  0.566
-28.399	148.163	 10.503  0.494
-25.481	146.022	  9.413  0.393
-26.420	143.188	 11.737  0.574
-29.832	143.278	 10.116  0.540
-28.182	141.471	  7.185  0.523
-26.977	138.660	  9.423  0.574
-30.067	138.281	 11.656  0.481
-33.157	139.703	  9.748 -3.291
-35.146	140.535	 12.903  0.487
-33.442	143.843	 13.542  0.331
-35.690	146.916	 13.245 -0.913
-34.385	150.493	 13.371 -0.198
-37.202	152.921	 12.463 -3.291
-38.909	152.855	 15.850 -0.230
-35.453	153.674	 17.176  0.415
-33.890	156.071	 14.678  0.475
-36.906	158.408	 14.829 -1.083
-35.140	160.210	 17.713  0.414
-32.961	161.589	 14.916 -1.077
-35.368	163.497	 12.699  0.321
-33.821	166.861	 11.894  0.565
-30.401	168.275	 11.169 -3.291
-29.119	168.537	 14.736  0.344
-25.766	169.028	 16.455 -0.195
-24.166	165.684	 17.310  0.566
-23.173	166.413	 20.885  0.574
-26.883	166.573	 21.927 -0.517
-27.929	164.217	 24.748 -0.712
-31.063	162.711	 23.163 -1.129
-33.333	160.875	 25.641 -2.611
-34.491	157.334	 24.963  0.187
-38.171	156.994	 24.161  0.536
-39.902	154.026	 25.801 -3.291
-41.008	153.389	 22.243  0.186
-37.331	153.403	 21.297  0.574
-35.601	151.730	 24.292  0.461
-38.439	149.257	 23.743 -0.040
-36.354	147.779	 20.933  0.517
-32.815	148.918	 21.716  0.414
-32.662	146.269	 24.415  0.408
-34.929	144.177	 22.209  0.408
-32.546	144.077	 19.243  0.454
-29.749	143.081	 21.635  0.372
-31.736	139.998	 22.682  0.571
-31.426	139.000	 19.022  0.534
-27.644	139.289	 19.071  0.415
-27.227	136.662	 21.799 -1.098
-27.691	133.430	 19.784 -1.082
-26.802	131.322	 16.679  0.073
-27.553	132.577	 13.185  0.450
-30.495	132.005	 10.773  0.483
-30.623	128.498	  9.256  0.565
-26.834	128.349	  9.037 -0.248
-25.266	125.344	  7.393  0.481
-21.894	124.227	  6.198  0.564
-21.675	123.003	  2.639  0.327
-18.461	120.875	  2.364  0.429
-18.738	121.433	 -1.373 -0.258
-17.832	125.134	 -1.159  0.514
-14.690	127.039	 -0.189 -1.026
-14.035	128.613	  3.163  0.339
-13.347	132.282	  3.758 -1.103
-12.073	134.068	  6.819  0.326
-11.836	137.718	  7.668  0.463
 -9.552	139.292	 10.245 -1.109
 -9.812	142.886	 11.563  0.523
 -7.082	144.338	 13.638  0.570
 -9.350	145.241	 16.560  0.523
 -6.875	146.994	 18.807 -0.636
 -3.994	146.578	 21.252 -3.291
 -3.155	142.988	 20.391 -1.729
 -6.798	141.977	 19.882  0.523
 -8.039	140.426	 16.608  0.393
-11.375	139.049	 15.562  0.340
-12.482	136.839	 12.704  0.398
-15.370	135.212	 10.841  0.523
-15.448	132.100	  8.819  0.371
-18.093	131.800	  6.109  0.066
-18.884	130.192	  2.814  0.572
-21.748	132.492	  1.923  0.133
-21.766	136.293	  2.468 -0.810
-23.163	137.285	  5.861 -1.107
-23.930	133.661	  6.798  0.401
-20.830	132.841	  8.828  0.249
-20.158	129.516	 10.466  0.566
-17.991	131.027	 13.130  0.343
-16.751	134.192	 14.784  0.574
-14.302	134.603	 17.599  0.565
-11.357	136.615	 18.684  0.457
 -7.798	135.378	 18.892  0.481
 -6.745	137.315	 22.024  0.368
 -2.947	137.382	 21.993 -1.075
  0.317	135.542	 22.655 -3.291
  2.051	137.434	 25.500 -1.050
  5.263	137.220	 23.446 -1.110
  3.560	138.985	 20.521 -0.865
  6.468	141.412	 20.783  0.573
  3.940	144.148	 19.908  0.382
  4.252	143.058	 16.271  0.574
  0.989	143.139	 14.282  0.425
  2.565	141.185	 11.451 -0.195
  3.668	138.484	 13.862 -2.728
  0.350	138.526	 15.688  0.474
 -1.530	138.516	 12.430  0.566
  0.260	135.527	 10.972 -1.065
 -0.280	133.718	 14.280 -0.258
 -3.998	134.521	 14.097 -0.733
 -4.032	133.030	 10.610  0.449
 -2.311	129.787	 11.603  0.327
 -4.557	129.691	 14.646  0.172
 -7.723	130.244	 12.634 -0.697
 -6.458	127.748	 10.066 -3.291
 -5.906	125.025	 12.625 -3.291
 -9.435	125.538	 13.848  0.571
-10.978	125.184	 10.386 -0.521
 -9.170	121.876	  9.923  0.412
-10.379	120.394	 13.213 -0.188
-13.905	121.720	 12.865  0.534
-14.689	121.253	  9.155  0.238
-11.476	119.773	  7.841  0.488
-10.645	122.354	  5.219 -0.239
 -8.421	125.398	  4.918 -1.250
-10.176	128.779	  4.400  0.498
 -9.118	131.578	  2.029  0.173
 -7.958	134.597	  3.970  0.565
 -8.898	138.224	  3.488 -3.291
 -5.804	139.671	  5.137  0.566
 -6.054	143.149	  6.726  0.567
 -2.604	144.151	  5.439  0.371
 -0.632	145.480	  2.441 -0.197
  0.580	142.620	  0.251 -0.238
  4.135	143.901	 -0.052  0.298
  4.520	144.174	  3.736  0.420
  2.959	140.808	  4.573  0.547
  5.106	139.233	  1.886 -1.122
  8.158	140.684	  3.557 -3.291
  7.800	138.818	  6.849  0.547
  4.952	136.363	  7.074  0.239
  7.573	133.607	  6.861 -1.126
  9.631	134.860	  9.845 -2.886
  6.793	134.112	 12.251  0.066
  5.279	131.203	 10.365  0.547
  5.424	127.880	 12.154  0.523
  3.195	125.471	 10.195  0.533
  3.628	122.612	  7.717  0.459
  0.940	124.009	  5.429 -0.234
  0.160	127.438	  3.959  0.411
 -3.378	128.726	  3.438  0.567
 -4.725	130.752	  0.546 -0.365
 -4.825	134.473	  1.118  0.393
 -5.384	137.914	 -0.471  0.517
 -5.177	141.502	  0.761  0.326
 -7.743	144.185	  1.603  0.241
 -7.879	147.799	  2.732  0.494
-11.420	148.011	  4.063  0.536
-11.645	150.533	  6.947  0.567
-13.768	150.408	 10.207  0.290
-17.176	149.680	  8.645  0.566
-19.283	150.364	 11.743  0.532
-17.426	148.913	 14.773  0.514
-19.565	145.804	 14.196  0.566
-17.301	143.228	 14.321  0.547
-17.361	144.312	 17.788  0.397
-14.932	146.159	 19.991  0.374
-15.664	146.547	 23.729  0.566
BRIEF 1N6Q A 558              
 38.112	121.576	-27.392       
 34.452	120.602	-26.789       
 33.156	119.194	-23.491       
 32.591	115.634	-22.208       
 29.683	117.154	-20.251       
 26.364	115.411	-20.699       
 23.974	117.269	-22.948       
 20.796	118.911	-21.647       
 17.620	117.680	-23.397       
 15.662	120.459	-25.085       
 12.319	119.854	-26.822       
 10.192	122.116	-29.011       
  7.196	124.026	-27.695       
  4.521	121.249	-27.533       
  2.850	120.457	-30.822       
  5.017	122.631	-33.052       
  7.849	121.779	-35.448       
 11.231	123.112	-36.472       
 11.867	126.361	-38.326       
 11.594	126.155	-42.118       
 12.471	129.756	-42.949       
 13.843	130.779	-46.348       
 17.350	132.134	-46.706       
 17.538	135.304	-48.661       
 20.119	135.719	-51.398       
 23.446	137.279	-50.587       
 26.433	138.766	-52.376       
 29.368	136.606	-53.498       
 31.114	139.158	-51.383       
 29.187	137.868	-48.359       
 28.710	134.254	-49.433       
 32.351	133.314	-49.914       
 32.819	135.453	-46.821       
 30.568	133.177	-44.776       
 32.010	130.072	-46.426       
 35.295	131.049	-44.780       
 33.937	131.268	-41.264       
 31.764	128.150	-41.526       
 34.581	126.038	-42.982       
 36.561	127.254	-40.039       
 33.770	126.379	-37.645       
 33.037	123.010	-39.194       
 36.677	122.085	-38.775       
 36.492	123.282	-35.163       
 33.571	120.937	-34.476       
 31.242	123.800	-33.604       
 29.071	122.651	-36.537       
 28.589	119.851	-39.076       
 27.313	119.488	-42.639       
 23.784	117.996	-42.701       
 22.011	115.571	-44.983       
 19.302	116.369	-47.519       
 16.389	114.958	-45.556       
 16.625	117.897	-43.104       
 13.768	120.280	-43.889       
 14.718	122.943	-41.444       
 16.492	126.213	-41.938       
 16.823	129.517	-40.178       
 18.251	132.574	-42.019       
 21.852	133.612	-41.711       
 23.523	136.671	-43.188       
 26.852	138.289	-42.498       
 28.290	141.681	-41.643       
 31.564	143.643	-41.627       
 33.177	145.059	-38.475       
 34.303	148.307	-40.192       
 37.346	148.567	-37.873       
 38.827	145.196	-38.826       
 36.729	144.919	-41.989       
 36.757	141.207	-41.086       
 33.446	139.383	-41.115       
 31.191	137.570	-38.685       
 28.344	135.107	-39.095       
 24.948	136.310	-38.023       
 22.278	133.646	-37.789       
 18.713	134.833	-37.179       
 17.359	132.369	-34.594       
 14.108	134.315	-34.300       
 11.858	131.478	-35.405       
 13.490	128.701	-33.434       
 13.142	130.764	-30.288       
  9.455	131.020	-31.085       
  9.226	127.240	-31.274       
 11.830	126.183	-28.724       
 10.408	124.945	-25.415       
 10.766	127.431	-22.575       
 13.220	126.779	-19.778       
 12.979	127.800	-16.173       
 15.756	130.398	-16.211       
 18.389	129.933	-13.524       
 20.297	133.242	-13.330       
 18.244	134.566	-10.407       
 19.729	138.025	 -9.942       
 23.053	139.753	-10.646       
 25.745	139.803	 -7.953       
 27.012	142.961	 -6.265       
 30.411	144.049	 -4.814       
 28.777	145.288	 -1.644       
 28.316	141.608	 -0.891       
 31.932	140.550	 -1.010       
 34.358	140.064	  1.865       
 37.986	141.191	  1.757       
 39.989	138.126	  0.773       
 43.757	137.874	  1.153       
 44.480	136.737	 -2.387       
 42.160	137.204	 -5.369       
 41.922	136.225	 -9.030       
 39.451	136.749	-11.848       
 39.023	134.445	-14.891       
 37.105	134.037	-18.083       
 36.415	131.150	-20.371       
 36.977	131.233	-24.104       
 34.283	129.973	-26.458       
 32.042	129.389	-23.469       
 28.913	128.799	-25.610       
 30.882	127.167	-28.432       
 32.245	124.784	-25.813       
 29.079	123.178	-24.518       
 27.516	120.342	-26.569       
 24.044	121.039	-27.910       
 21.623	118.192	-27.304       
 22.204	115.610	-30.026       
 18.476	115.381	-30.891       
 17.865	119.097	-31.314       
 20.622	120.052	-33.730       
 18.592	119.245	-36.787       
 16.588	122.343	-35.931       
 19.582	124.682	-35.814       
 19.920	123.975	-39.539       
 20.847	126.813	-41.812       
 22.086	127.274	-45.368       
 24.871	129.393	-46.785       
 23.707	129.991	-50.426       
 25.650	129.387	-53.596       
 26.759	132.461	-55.528       
 24.336	131.732	-58.397       
 21.177	129.704	-59.081       
 23.463	126.663	-59.010       
 23.322	123.457	-56.957       
 21.911	123.943	-53.434       
 23.984	125.967	-50.997       
 26.017	124.282	-48.302       
 23.877	122.928	-45.445       
 24.930	123.052	-41.805       
 23.656	122.182	-38.353       
 24.762	123.375	-34.923       
 26.676	121.149	-32.510       
 27.533	123.514	-29.684       
 25.420	126.180	-28.014       
 24.151	128.481	-30.807       
 24.501	132.090	-29.693       
 21.267	134.062	-30.073       
 19.216	131.022	-29.129       
 16.757	130.896	-26.258       
 18.352	127.965	-24.471       
 21.979	128.860	-24.910       
 22.232	131.163	-21.828       
 20.510	128.913	-19.279       
 22.112	125.775	-20.567       
 25.674	127.071	-20.374       
 24.914	128.323	-16.909       
 23.872	124.992	-15.445       
 26.699	123.325	-17.276       
 29.157	125.745	-15.753       
 27.551	125.092	-12.338       
 27.998	121.307	-12.585       
 31.564	121.674	-13.730       
 32.454	123.763	-10.701       
 30.297	121.556	 -8.519       
 33.078	119.149	 -7.487       
 35.933	121.598	 -7.238       
 33.916	123.670	 -4.765       
 33.242	120.740	 -2.439       
 37.006	120.145	 -2.322       
 37.913	123.729	 -1.462       
 34.915	124.964	  0.568       
 36.907	127.963	  1.758       
 37.347	129.756	 -1.574       
 34.619	131.941	 -3.028       
 33.872	131.304	 -6.672       
 31.505	133.966	 -7.957       
 30.312	132.567	-11.236       
 28.433	134.810	-13.652       
 27.722	132.959	-16.903       
 31.387	132.095	-17.516       
 33.029	134.955	-15.620       
 34.763	133.482	-12.616       
 35.929	135.645	 -9.724       
 37.910	133.549	 -7.289       
 38.996	134.742	 -3.878       
 40.390	133.156	 -0.721       
 42.444	133.984	  2.371       
 45.449	131.920	  1.245       
 49.035	132.939	  0.475       
 49.646	134.243	 -3.056       
 51.431	130.945	 -3.562       
 49.059	128.245	 -2.285       
 46.502	130.407	 -4.069       
 48.195	130.213	 -7.469       
 48.502	126.469	 -6.759       
 44.726	126.385	 -6.418       
 43.950	128.832	 -9.220       
 46.043	126.650	-11.484       
 44.558	123.491	-10.029       
 41.229	124.936	-11.125       
 42.176	126.098	-14.625       
 43.416	122.571	-15.220       
 40.115	121.216	-13.935       
 38.073	123.188	-16.431       
 40.523	122.575	-19.241       
 39.946	118.921	-18.529       
 36.288	119.798	-19.107       
 36.504	121.827	-22.283       
 36.559	125.180	-20.602       
 39.488	127.100	-21.971       
 40.711	129.666	-19.428       
 42.532	132.073	-21.808       
 45.140	134.583	-20.727       
 42.553	137.211	-19.972       
 42.603	136.498	-16.267       
 43.664	139.130	-13.751       
 46.211	137.960	-11.199       
 47.579	140.272	 -8.455       
 46.142	143.000	-10.677       
 43.786	145.222	 -8.767       
 41.824	147.155	 -9.969       
 40.001	143.934	-10.818       
 37.491	144.601	-13.593       
 34.507	142.487	-12.531       
 30.826	142.767	-13.443       
 31.220	146.357	-14.554       
 33.125	147.342	-11.425       
 36.748	147.714	-10.389       
 37.599	145.854	 -7.249       
 40.303	147.456	 -5.118       
 41.840	145.582	 -2.166       
 40.231	147.905	  0.343       
 37.412	149.423	 -1.751       
 35.469	149.227	 -5.019       
 34.671	151.616	 -7.824       
 31.878	151.598	-10.358       
 33.563	151.732	-13.740       
 33.388	155.353	-14.986       
 29.943	156.492	-16.067       
 29.854	159.106	-18.841       
 26.305	160.394	-19.349       
 25.173	161.750	-22.761       
 25.101	165.559	-22.453       
 23.418	166.304	-25.807       
 22.328	169.843	-26.865       
 18.715	169.208	-27.875       
 17.154	166.334	-25.951       
 14.810	163.888	-27.605       
 12.519	161.427	-25.862       
 14.764	158.402	-26.459       
 17.982	160.204	-25.500       
 16.454	160.713	-22.058       
 16.190	156.959	-21.405       
 19.915	156.728	-22.051       
 20.354	159.279	-19.275       
 17.526	158.549	-16.825       
 18.726	154.950	-16.936       
 22.464	155.595	-16.566       
 21.426	157.794	-13.648       
 19.757	154.737	-12.077       
 22.891	152.672	-12.573       
 24.726	155.290	-10.473       
 22.019	155.513	 -7.816       
 23.623	152.377	 -6.389       
 26.729	154.197	 -5.292       
 26.184	157.939	 -5.673       
 24.044	159.368	 -2.803       
 20.632	160.788	 -3.648       
 20.320	161.011	 -7.422       
 16.825	162.503	 -7.670       
 15.506	161.589	-11.136       
 11.748	161.901	-10.555       
 12.416	165.201	-12.335       
 13.628	164.755	-15.918       
 11.677	161.516	-15.756       
  8.150	162.927	-16.113       
  9.539	164.288	-19.361       
  9.172	160.921	-21.093       
  5.713	160.857	-19.512       
  2.582	160.898	-21.586       
  2.550	158.934	-24.836       
  5.706	160.018	-26.682       
  7.480	158.937	-29.881       
 10.939	157.402	-29.695       
 12.852	160.086	-31.614       
 10.508	162.929	-30.790       
 12.379	165.958	-29.517       
 11.558	167.287	-26.061       
 12.146	170.593	-24.073       
 14.347	170.265	-20.989       
 12.053	171.801	-18.339       
 14.081	173.668	-15.700       
 12.383	171.393	-13.179       
 14.168	168.630	-15.064       
 17.156	170.989	-15.298       
 17.438	171.104	-11.511       
 17.557	167.304	-11.430       
 20.189	167.101	-14.160       
 22.043	169.973	-12.491       
 22.326	168.381	 -9.030       
 22.937	164.914	-10.476       
 25.629	166.011	-12.942       
 27.148	167.576	 -9.821       
 27.308	164.435	 -7.718       
 28.648	162.314	-10.628       
 31.528	164.811	-10.716       
 32.966	164.124	 -7.249       
 34.480	160.615	 -7.289       
 33.371	158.120	 -4.603       
 34.012	154.532	 -3.502       
 32.082	151.734	 -1.832       
 33.318	149.306	  0.795       
 33.253	145.544	  1.275       
 30.921	143.730	  3.678       
 32.228	142.852	  7.127       
 30.279	139.902	  8.616       
 30.306	140.660	 12.353       
 29.631	144.411	 12.116       
 25.872	144.224	 11.495       
 24.142	146.307	  8.830       
 22.673	149.807	  8.888       
 20.272	151.419	  6.440       
 19.486	155.118	  6.694       
 16.511	156.702	  4.971       
 16.460	160.339	  3.870       
 13.378	162.261	  2.848       
 13.768	164.071	 -0.486       
 11.685	166.003	 -2.971       
  8.089	164.835	 -3.226       
  8.014	161.103	 -3.890       
 11.803	160.623	 -3.825       
 13.739	158.919	 -0.999       
 17.403	158.032	 -0.439       
 19.350	155.539	  1.606       
 22.921	154.566	  2.297       
 23.570	151.102	  3.674       
 26.613	151.025	  5.919       
 28.366	149.328	  8.828       
 30.951	151.758	 10.238       
 30.875	155.647	 10.299       
 30.634	157.296	  6.893       
 31.654	154.429	  4.690       
 28.845	153.392	  2.410       
 28.415	149.748	  1.555       
 25.987	150.803	 -1.145       
 23.364	153.536	 -1.654       
 20.131	153.956	 -3.590       
 16.776	155.633	 -4.077       
 13.106	154.675	 -3.899       
 10.231	156.807	 -5.233       
  7.359	154.588	 -6.343       
  4.150	156.224	 -5.077       
  2.017	153.167	 -4.216       
 -1.703	153.888	 -4.589       
 -3.771	156.926	 -5.562       
 -4.057	158.599	 -2.142       
 -1.053	157.932	  0.119       
  0.898	159.862	  2.792       
  4.378	159.845	  4.317       
  4.625	157.121	  6.901       
  3.293	154.691	  4.297       
  6.013	155.735	  1.867       
  8.660	155.309	  4.555       
  7.105	151.977	  5.577       
  7.437	150.862	  1.942       
 10.936	152.333	  1.800       
 12.049	150.172	  4.722       
 10.305	147.105	  3.352       
 11.968	147.431	 -0.029       
 15.358	148.133	  1.575       
 15.154	144.984	  3.683       
 14.382	142.619	  0.868       
 17.279	144.199	 -1.085       
 19.685	143.339	  1.756       
 18.358	139.854	  2.277       
 19.517	139.429	 -1.304       
 23.010	140.760	 -0.758       
 23.870	139.722	  2.742       
 21.054	137.358	  3.599       
 20.418	139.465	  6.725       
 17.966	142.260	  7.600       
 19.619	145.545	  8.528       
 19.265	148.027	 11.389       
 17.470	151.257	 10.614       
 18.085	154.920	 11.382       
 14.875	156.696	 10.405       
 13.856	160.385	 10.278       
 10.588	159.960	 12.190       
 10.467	159.775	 15.981       
  9.138	156.873	 17.980       
  6.196	159.047	 18.965       
  4.931	159.559	 15.413       
  5.252	155.883	 14.435       
  3.784	154.552	 17.695       
  0.601	156.509	 16.988       
  0.442	155.380	 13.392       
  0.191	151.629	 13.732       
 -1.941	151.781	 16.795       
 -4.406	154.083	 15.009       
 -4.395	152.232	 11.659       
 -6.752	149.323	 10.944       
 -4.249	147.657	  8.661       
 -1.446	145.668	 10.264       
  2.066	147.102	 10.089       
  5.551	146.980	 11.502       
  9.166	148.029	 11.014       
 12.236	146.211	 12.310       
 14.676	147.496	 14.958       
 15.375	151.178	 14.322       
 16.328	154.391	 16.085       
 15.355	157.971	 15.206       
 17.881	160.003	 13.267       
 17.469	163.727	 13.720       
 17.858	164.910	 10.285       
 14.976	166.733	  8.568       
 12.951	166.748	  6.553       
 11.367	164.885	  9.098       
  8.402	162.640	  8.578       
  5.179	163.095	 10.557       
  1.508	163.005	  9.625       
  0.079	166.491	  9.100       
 -3.510	166.292	 10.238       
 -5.605	164.229	 12.631       
 -9.268	163.296	 12.889       
-11.139	163.193	 16.199       
-12.318	160.199	 18.192       
-15.362	161.984	 19.641       
-17.775	164.611	 18.279       
-16.563	168.054	 19.306       
-18.768	170.740	 20.923       
-18.134	174.217	 19.523       
-18.821	173.439	 15.872       
-21.835	172.871	 13.626       
-22.437	169.292	 12.529       
-22.267	169.559	  8.729       
-24.306	166.826	  7.069       
-22.727	166.318	  3.618       
-23.539	164.407	  0.427       
-23.542	164.659	 -3.382       
-24.991	162.775	 -6.348       
-24.691	162.426	-10.110       
-26.338	160.838	-13.143       
-24.003	158.682	-15.232       
-26.215	159.218	-18.285       
-25.422	162.941	-18.026       
-22.008	163.462	-16.369       
-23.658	166.036	-14.098       
-24.919	166.282	-10.513       
-24.914	168.478	 -7.393       
-23.283	168.365	 -3.943       
-23.629	170.297	 -0.686       
-24.831	170.203	  2.919       
-27.254	171.127	  5.699       
-25.907	172.289	  9.092       
-27.708	171.847	 12.441       
-28.200	175.652	 12.394       
-30.304	175.383	  9.241       
-27.387	176.602	  7.049       
-27.175	175.170	  3.493       
-25.075	175.166	  0.317       
-25.429	173.231	 -2.972       
-22.900	173.691	 -5.770       
-23.732	171.860	 -8.999       
-21.010	169.999	-10.903       
-20.366	168.757	-14.447       
-18.174	165.864	-15.526       
-18.015	163.918	-12.226       
-19.722	160.906	-10.646       
-21.193	160.019	 -7.232       
-17.773	159.250	 -5.667       
-16.673	162.630	 -6.970       
-19.640	164.508	 -5.589       
-19.726	162.754	 -2.202       
-16.049	163.602	 -1.934       
-16.988	167.047	 -3.150       
-19.479	167.742	 -0.358       
-16.821	167.038	  2.256       
-14.809	169.774	  0.559       
-17.251	172.631	  1.120       
-17.972	171.887	  4.766       
-14.199	172.137	  5.098       
-14.204	175.781	  4.040       
-17.705	176.803	  5.032       
-16.779	175.989	  8.599       
-14.641	177.205	 11.482       
-11.490	175.606	 12.833       
-13.609	172.954	 14.488       
-16.334	170.839	 12.882       
-18.269	167.598	 12.710       
-18.963	166.330	  9.178       
-21.310	163.502	  8.344       
-21.137	161.345	  5.200       
-22.527	158.118	  3.861       
-19.643	157.276	  1.513       
-17.347	154.753	  3.144       
-15.354	155.627	  0.084       
-14.725	159.292	  0.927       
-14.705	158.364	  4.588       
-12.125	155.633	  4.170       
 -9.869	157.697	  1.973       
 -9.706	160.275	  4.761       
 -9.247	158.224	  7.920       
 -6.092	156.826	  6.266       
 -4.695	160.278	  7.013       
 -3.652	160.947	  3.406       
 -1.103	163.685	  3.044       
 -0.725	163.704	 -0.714       
 -2.577	162.294	 -3.709       
 -3.020	162.482	 -7.438       
 -6.312	164.413	 -7.714       
 -6.425	168.012	 -6.519       
 -9.854	167.666	 -4.906       
 -8.357	165.235	 -2.415       
 -5.218	167.362	 -2.256       
 -7.255	170.362	 -1.235       
 -9.565	168.285	  0.935       
 -6.278	167.520	  2.618       
 -5.319	171.163	  2.760       
 -8.505	172.052	  4.626       
 -7.647	169.391	  7.227       
 -4.112	170.518	  7.890       
 -5.610	174.024	  8.199       
 -8.455	173.354	 10.653       
 -7.765	172.674	 14.327       
-10.401	170.025	 14.893       
-12.381	167.704	 12.676       
-14.415	164.610	 13.282       
-16.277	162.565	 10.657       
-19.056	160.120	 11.285       
-20.832	157.751	  8.987       
-24.426	156.840	  8.268       
-26.127	154.400	  5.864       
-27.680	156.735	  3.290       
-31.231	155.880	  2.171       
-31.975	154.619	  5.687       
-33.983	157.479	  7.170       
-31.333	158.917	  9.469       
-32.417	162.527	  9.750       
-29.412	164.779	  9.255       
-29.080	163.072	  5.891       
-32.502	163.039	  4.207       
-32.173	166.818	  4.323       
-28.959	166.941	  2.269       
-30.000	163.983	  0.171       
-33.208	165.451	 -1.244       
-31.364	168.767	 -1.528       
-28.828	167.114	 -3.821       
-31.221	164.588	 -5.379       
-32.512	167.180	 -7.879       
-31.719	164.598	-10.565       
-32.280	161.073	 -9.195       
-32.775	159.334	-12.541       
-33.314	159.604	-16.296       
BRIEF 1N6Q L 211              
 22.889	131.994	 40.746       
 20.017	134.487	 40.583       
 20.390	135.781	 44.154       
 17.115	135.897	 46.138       
 16.971	138.190	 49.164       
 14.584	138.689	 52.050       
 15.808	141.813	 53.844       
 13.897	141.409	 57.092       
 15.548	138.471	 58.880       
 13.626	137.862	 62.142       
 10.299	139.754	 62.388       
  8.092	139.522	 65.520       
  4.375	140.355	 65.488       
  1.244	139.376	 67.442       
 -2.020	137.487	 67.025       
 -4.531	139.510	 65.080       
 -1.826	141.536	 63.284       
 -1.296	141.707	 59.523       
  2.246	141.307	 58.239       
  4.153	141.432	 54.953       
  7.551	139.984	 54.062       
 10.031	141.134	 51.423       
 11.607	138.950	 48.716       
 13.726	140.936	 46.252       
 15.392	139.145	 43.332       
 18.503	139.999	 41.288       
 16.600	140.251	 38.008       
 13.124	140.552	 36.558       
 12.220	136.980	 37.485       
  8.829	137.718	 35.903       
  6.668	136.511	 38.828       
  8.275	133.105	 38.898       
  8.484	133.118	 42.704       
  7.046	130.634	 45.175       
  6.404	130.942	 48.924       
  7.160	128.317	 51.602       
  6.180	127.981	 55.306       
  8.577	126.074	 57.520       
  6.972	125.507	 60.938       
  9.283	125.348	 64.014       
  8.975	121.524	 63.956       
 10.532	121.336	 60.517       
  7.917	120.423	 57.928       
  7.782	122.608	 54.796       
  4.482	123.534	 53.171       
  3.550	125.327	 49.939       
  1.668	128.577	 50.313       
  1.937	130.614	 47.156       
  3.135	129.746	 43.657       
  3.461	132.258	 40.773       
  3.973	135.201	 42.996       
  0.291	135.539	 43.986       
 -1.581	132.230	 43.493       
 -2.826	130.106	 46.417       
 -2.033	126.444	 46.901       
 -5.054	124.250	 47.594       
 -6.224	124.145	 51.170       
 -4.298	127.229	 52.204       
 -5.988	129.856	 54.411       
 -7.393	132.906	 52.602       
 -5.486	135.208	 54.950       
 -2.619	134.471	 52.626       
 -1.603	136.804	 49.781       
  1.290	137.143	 47.405       
  2.485	140.116	 45.445       
  5.539	141.340	 43.592       
  6.763	142.302	 40.144       
 10.024	141.951	 38.316       
 12.353	142.098	 41.309       
 10.291	142.993	 44.360       
  7.797	140.595	 45.860       
  5.945	140.231	 49.159       
  4.000	137.757	 51.256       
  1.149	139.190	 53.279       
 -0.550	137.220	 56.049       
 -3.943	138.882	 56.566       
 -4.318	138.497	 60.321       
 -2.072	136.271	 62.373       
 -3.097	133.041	 64.037       
 -1.015	130.739	 66.210       
  0.105	128.555	 63.303       
  1.459	131.355	 61.170       
  4.268	132.141	 63.547       
  7.143	130.315	 61.841       
  9.933	130.798	 59.293       
  9.151	131.764	 55.670       
 10.845	131.021	 52.383       
 10.646	132.360	 48.844       
 11.950	130.365	 45.901       
 12.722	131.720	 42.446       
 12.111	129.253	 39.592       
 12.959	131.396	 36.619       
 16.306	129.864	 35.894       
 18.211	126.959	 37.420       
 19.922	126.938	 39.712       
 16.767	127.443	 41.785       
 17.113	129.663	 44.829       
 15.259	130.450	 48.064       
 15.546	133.508	 50.279       
 17.193	133.316	 53.686       
 13.807	132.963	 55.270       
 11.999	135.347	 57.542       
 11.380	134.086	 61.094       
  7.921	135.280	 62.187       
  7.860	135.525	 65.990       
  5.551	136.707	 68.791       
  6.088	140.061	 70.537       
  6.056	139.661	 74.344       
  6.595	142.238	 77.101       
 10.380	142.394	 77.609       
 11.781	140.456	 80.552       
 15.308	140.123	 81.880       
 17.679	137.104	 81.978       
 17.343	134.981	 85.096       
 21.060	134.238	 85.241       
 22.485	131.276	 87.153       
 26.148	130.254	 87.367       
 27.699	126.913	 88.331       
 30.768	125.209	 89.800       
 32.527	122.461	 87.811       
 30.745	119.401	 89.258       
 33.125	117.344	 91.378       
 33.198	114.385	 88.985       
 33.917	116.651	 86.032       
 36.893	117.804	 88.064       
 37.422	114.251	 89.303       
 38.377	113.454	 85.703       
 40.514	116.498	 84.919       
 37.981	118.737	 83.232       
 36.347	121.984	 84.268       
 33.347	123.600	 82.600       
 31.404	126.512	 83.978       
 27.762	126.528	 83.032       
 25.677	129.729	 83.171       
 21.975	129.723	 82.236       
 20.223	132.841	 81.045       
 16.526	132.129	 81.223       
 13.252	133.336	 79.790       
 14.537	136.745	 78.709       
 13.115	138.983	 75.994       
 14.064	139.814	 73.332       
 16.564	137.336	 71.911       
 19.552	139.682	 71.322       
 21.517	139.082	 74.506       
 25.242	139.234	 75.140       
 27.389	137.165	 77.469       
 30.886	137.822	 78.763       
 33.240	135.604	 80.694       
 35.608	137.429	 83.027       
 38.081	135.390	 85.086       
 39.443	137.356	 88.028       
 38.345	140.443	 86.127       
 40.352	139.558	 83.010       
 38.048	138.509	 80.153       
 38.487	135.023	 78.593       
 38.265	133.955	 74.961       
 39.216	130.251	 74.848       
 36.789	127.704	 76.309       
 33.665	129.794	 75.733       
 30.585	128.150	 74.240       
 27.018	129.196	 73.691       
 23.611	127.789	 72.760       
 20.342	129.634	 72.191       
 16.826	128.253	 72.163       
 13.890	128.871	 69.934       
 11.141	131.160	 71.156       
  9.263	129.112	 73.749       
  5.772	128.650	 72.346       
  4.101	129.377	 75.686       
  5.850	132.205	 77.507       
  7.323	133.575	 74.266       
 10.811	133.911	 75.727       
 14.340	132.715	 74.967       
 16.941	131.024	 77.097       
 20.622	130.282	 76.590       
 23.302	127.914	 77.877       
 26.862	129.276	 77.858       
 29.799	127.190	 78.925       
 33.409	127.923	 79.813       
 35.627	124.893	 79.223       
 39.067	125.026	 80.781       
 41.474	122.403	 81.945       
 41.415	121.306	 85.572       
 44.900	122.706	 86.175       
 43.663	126.012	 84.742       
 40.503	125.836	 86.816       
 42.612	125.054	 89.883       
 44.900	127.948	 88.887       
 42.344	130.682	 89.574       
 39.619	131.551	 92.058       
 37.209	133.970	 90.369       
 34.881	133.219	 87.456       
 32.188	135.595	 86.231       
 29.203	135.439	 83.914       
 27.965	138.768	 82.528       
 24.634	139.295	 80.815       
 24.228	142.396	 78.683       
 20.511	142.559	 77.788       
 18.381	145.393	 76.432       
 16.845	145.742	 79.883       
 19.389	147.127	 82.334       
 21.840	149.906	 81.569       
 24.041	147.672	 83.729       
 25.031	144.104	 82.857       
 23.490	141.500	 85.126       
 26.167	139.438	 86.838       
 26.431	136.399	 89.139       
 29.656	134.622	 90.103       
 31.654	132.540	 92.582       
 35.066	131.385	 93.858       
 36.369	127.824	 94.013       
BRIEF 1N6Q H 225              
 -2.866	110.927	 49.147       
  0.568	112.086	 47.887       
  3.511	111.433	 50.196       
  7.273	111.241	 50.116       
  9.723	109.690	 52.509       
 13.450	110.266	 52.655       
 15.571	107.230	 53.537       
 19.262	107.535	 54.404       
 22.260	106.278	 56.408       
 21.815	109.061	 58.959       
 25.541	109.292	 59.628       
 28.373	109.107	 57.102       
 32.136	108.890	 57.316       
 34.091	111.877	 55.944       
 34.946	111.510	 52.249       
 32.709	108.505	 51.601       
 29.486	108.495	 49.550       
 25.937	108.412	 50.836       
 22.671	107.696	 49.066       
 19.240	109.119	 49.807       
 16.116	107.274	 48.678       
 12.882	109.154	 48.228       
  9.955	106.761	 48.299       
  6.661	108.230	 47.163       
  3.096	107.297	 46.406       
  0.266	109.239	 44.815       
  1.849	110.029	 41.436       
  4.326	108.393	 39.087       
  7.575	109.854	 37.801       
  6.073	109.288	 34.364       
  3.135	111.703	 34.233       
  4.480	114.566	 32.137       
  4.602	117.533	 34.499       
  6.216	115.665	 37.406       
  9.689	115.593	 38.882       
 11.398	115.211	 42.231       
 13.606	117.873	 43.784       
 16.118	117.437	 46.562       
 16.451	120.264	 49.077       
 19.106	120.524	 51.761       
 19.052	122.462	 55.052       
 22.086	122.663	 57.299       
 21.513	122.774	 61.035       
 19.874	126.142	 61.751       
 20.558	127.603	 58.295       
 18.209	128.094	 55.348       
 16.984	125.954	 52.475       
 19.443	125.144	 49.666       
 18.516	123.541	 46.318       
 20.309	120.373	 45.179       
 18.828	118.931	 42.057       
 15.599	118.108	 40.374       
 15.054	114.902	 38.446       
 12.403	115.234	 35.773       
 10.225	112.669	 34.028       
 12.112	113.162	 30.756       
 15.364	112.861	 32.694       
 16.519	116.386	 31.925       
 17.772	116.503	 35.498       
 19.348	119.810	 36.573       
 22.035	120.112	 39.274       
 23.131	122.652	 41.767       
 26.191	124.046	 39.967       
 28.122	124.307	 43.209       
 27.976	120.546	 43.696       
 27.177	118.870	 40.357       
 30.672	117.397	 40.547       
 29.517	115.359	 43.565       
 25.766	115.097	 43.149       
 23.971	112.576	 40.956       
 20.255	112.114	 40.620       
 18.192	109.156	 39.439       
 15.017	107.121	 39.761       
 13.358	103.695	 39.517       
  9.977	104.888	 38.314       
  8.573	101.416	 38.589       
  9.052	101.349	 42.371       
  8.215	105.011	 42.733       
 11.549	105.796	 44.270       
 13.903	108.588	 43.365       
 17.460	108.671	 44.647       
 20.261	111.132	 45.157       
 23.909	110.078	 45.495       
 26.555	112.383	 46.918       
 30.246	111.652	 46.480       
 33.150	112.504	 48.759       
 31.070	114.125	 51.503       
 32.668	116.619	 53.845       
 31.557	117.758	 57.293       
 29.737	120.647	 55.637       
 27.360	118.186	 53.976       
 25.698	117.529	 57.318       
 22.098	118.696	 57.012       
 18.490	117.627	 56.738       
 17.604	116.446	 53.268       
 14.188	116.865	 51.788       
 12.822	115.340	 48.649       
  9.796	117.146	 47.324       
  7.318	116.468	 44.572       
  7.811	119.172	 42.003       
  5.320	119.564	 39.193       
  4.980	121.850	 36.185       
  1.232	122.493	 36.088       
  0.783	125.089	 33.397       
  2.516	127.524	 31.112       
  3.476	129.626	 34.105       
  3.335	127.474	 37.232       
  6.016	125.170	 38.580       
  6.254	124.482	 42.287       
  7.448	121.896	 44.815       
  3.944	121.085	 45.995       
  4.580	118.406	 48.582       
  7.522	117.761	 50.834       
  8.811	114.958	 52.926       
 10.157	115.419	 56.407       
 13.754	114.950	 55.501       
 16.586	112.759	 56.639       
 19.334	113.779	 58.947       
 22.668	113.120	 57.338       
 25.660	114.003	 59.502       
 29.291	113.859	 58.442       
 31.651	112.947	 61.276       
 34.380	110.403	 61.792       
 33.364	110.397	 65.430       
 33.011	106.960	 67.013       
 29.817	106.203	 68.977       
 30.372	107.247	 72.605       
 27.938	107.658	 75.557       
 27.793	110.927	 77.495       
 29.228	111.505	 80.953       
 26.687	113.368	 83.067       
 27.517	116.036	 85.626       
 25.104	117.699	 88.041       
 24.748	121.428	 88.563       
 24.082	122.463	 92.164       
 24.362	126.169	 93.093       
 26.671	127.224	 95.900       
 28.753	130.271	 97.045       
 25.579	132.243	 96.471       
 23.193	129.668	 97.959       
 19.483	129.289	 98.721       
 16.900	131.722	100.029       
 13.047	131.926	 99.915       
 12.369	131.951	 96.142       
 13.009	129.534	 93.266       
 16.372	127.913	 92.613       
 17.638	126.828	 89.199       
 19.124	123.336	 88.964       
 21.298	122.205	 86.080       
 22.499	119.050	 84.405       
 25.397	118.663	 82.001       
 25.666	116.077	 79.231       
 29.187	116.216	 77.782       
 31.071	114.371	 75.053       
 28.597	112.066	 73.290       
 27.961	110.727	 69.772       
 25.884	110.740	 67.962       
 22.759	112.790	 68.549       
 20.268	112.692	 69.949       
 19.859	112.513	 73.715       
 16.732	112.278	 75.785       
 16.898	114.373	 78.932       
 14.157	114.498	 81.564       
 13.767	115.546	 85.196       
 12.583	113.244	 87.962       
 11.673	110.718	 85.260       
  9.017	113.024	 83.829       
  7.657	114.059	 87.236       
  9.215	117.518	 87.026       
  8.454	119.357	 83.788       
  7.342	123.010	 83.986       
 10.425	125.149	 84.401       
 12.787	122.960	 82.381       
 15.194	124.051	 79.626       
 17.250	121.666	 77.521       
 19.506	123.450	 75.064       
 20.441	122.287	 71.584       
 23.827	120.575	 71.613       
 27.116	121.849	 70.230       
 30.102	120.115	 68.678       
 33.118	120.077	 70.922       
 36.005	118.343	 69.201       
 33.687	116.244	 67.072       
 31.738	115.301	 70.192       
 28.393	116.581	 71.425       
 27.816	118.587	 74.612       
 24.622	120.078	 76.054       
 22.832	121.059	 79.230       
 19.351	121.287	 80.716       
 18.206	123.671	 83.407       
 15.273	122.830	 85.653       
 13.823	125.409	 88.028       
 11.871	124.725	 91.239       
 10.835	126.756	 94.351       
 13.198	126.306	 97.302       
 10.348	124.826	 99.280       
 10.957	121.638	 97.257       
 14.696	121.331	 96.841       
 16.791	120.159	 98.621       
 13.944	118.933	100.847       
 12.746	116.701	 98.022       
 15.124	114.841	 95.684       
 15.740	116.077	 92.120       
 17.260	113.859	 89.483       
 18.506	114.236	 85.927       
 17.400	111.502	 83.492       
 19.888	111.116	 80.637       
 19.489	108.562	 77.854       
 21.520	108.129	 74.687       
 19.928	105.518	 72.372       
 23.010	104.936	 70.179       
 25.039	103.517	 73.093       
 22.220	101.651	 74.828       
 22.807	103.746	 77.950       
 20.493	105.401	 80.450       
 21.785	107.381	 83.388       
 20.548	109.502	 86.304       
 22.246	112.197	 88.321       
 21.028	113.452	 91.668       
 21.395	117.178	 92.217       
 22.942	117.122	 95.686       
 23.438	120.689	 96.997       
 26.836	122.437	 97.119       
 29.106	121.570	100.077       
 31.709	124.340	100.721       
