BRIEF 1N8Z C 581              
-13.448	 83.309	120.146 -0.709
-15.849	 81.450	122.314 -0.127
-12.851	 81.118	124.696 -0.030
-11.268	 83.517	127.256  1.758
 -9.210	 83.118	130.419 -0.384
-10.590	 84.321	133.690 -0.327
 -8.796	 86.188	136.410  0.662
 -7.181	 85.257	139.725 -0.956
 -7.827	 88.282	141.872  0.164
-10.090	 86.831	144.554 -1.005
-11.154	 89.607	146.945 -1.049
 -8.514	 92.160	146.021 -0.025
 -9.552	 95.733	145.348 -1.653
 -8.803	 96.783	141.747 -0.394
 -6.228	 99.564	141.655 -0.903
 -8.757	101.500	139.608  0.544
-12.430	100.794	139.089 -0.292
-12.681	102.739	135.804 -0.023
-10.214	100.282	134.260  0.133
-11.609	 97.312	136.179 -0.382
-14.836	 97.544	134.241 -0.133
-13.067	 97.890	130.906 -1.108
-10.907	 94.834	131.628 -0.505
-13.938	 92.741	132.613 -0.340
-15.630	 93.772	129.321 -0.390
-12.606	 93.126	127.126 -1.079
-12.054	 89.824	128.860 -0.866
-15.584	 88.527	128.600  0.833
-17.347	 90.171	125.690 -0.151
-18.320	 87.494	123.227  0.642
-16.875	 84.847	125.517  1.902
-18.625	 81.512	126.031  0.696
-16.003	 79.409	127.856  0.832
-13.960	 80.834	130.686  1.515
-10.684	 78.986	131.280  0.613
 -9.952	 79.677	134.899  1.593
-12.104	 81.802	137.097  0.281
-15.023	 84.093	136.520  1.289
-14.673	 86.768	139.205  0.633
-17.034	 89.677	139.402  1.199
-16.106	 92.020	142.156  0.731
-16.338	 95.677	143.162 -0.484
-18.848	 96.438	140.415  0.442
-20.820	 99.686	140.874 -0.408
-24.582	100.202	140.775 -1.398
-24.515	101.666	137.308 -0.323
-22.546	 98.816	135.655 -0.617
-23.579	 97.407	132.267 -0.247
-22.659	 93.795	132.318 -0.513
-24.279	 92.731	129.043  0.224
-20.850	 91.560	127.886  0.586
-21.408	 88.682	130.379  0.117
-24.527	 87.317	128.545  0.366
-22.824	 84.670	126.458 -0.672
-20.941	 82.773	129.206  1.199
-22.023	 79.090	129.276  0.171
-19.037	 77.465	130.840  0.767
-16.713	 78.188	133.722  0.816
-13.654	 75.956	134.185  0.752
-12.622	 77.182	137.637  0.574
-14.854	 78.839	140.223  0.342
-17.360	 81.636	139.946  0.214
-17.046	 84.489	142.465  0.101
-19.460	 87.438	142.664  0.162
-18.229	 89.596	145.467  0.384
-18.150	 93.130	146.912  0.386
-20.650	 94.348	144.301 -0.027
-23.296	 97.037	144.310  0.457
-24.877	 95.818	141.009  0.744
-28.418	 94.669	141.458 -0.530
-27.853	 91.941	138.877 -0.353
-25.246	 90.103	136.808  1.375
-26.663	 88.435	133.687  0.657
-25.258	 84.939	133.886  0.167
-28.547	 83.414	132.747  0.444
-26.710	 81.263	130.284  0.939
-24.095	 79.890	132.711  0.487
-24.549	 76.162	132.320  0.436
-21.716	 74.465	134.154  1.062
-18.884	 75.338	136.416  1.287
-16.251	 72.649	136.589  0.955
-14.480	 73.628	139.766  1.010
-11.033	 72.859	138.395 -0.298
 -9.882	 75.491	140.905 -0.838
-11.906	 76.384	143.988 -0.314
-12.387	 79.566	145.998  0.555
-11.020	 79.205	149.538 -0.436
-10.184	 75.670	148.315 -0.505
-13.790	 74.542	148.879  0.363
-16.183	 76.548	146.700 -0.268
-17.168	 76.469	143.001  0.749
-19.652	 79.276	143.487  0.208
-19.084	 82.072	146.017  0.994
-21.424	 85.050	146.353 -0.002
-20.231	 87.369	149.097 -0.298
-20.766	 90.772	150.570  0.075
-22.896	 92.055	147.752  0.708
-24.327	 95.068	149.532 -0.664
-23.545	 98.744	150.063 -0.095
-20.390	100.291	151.675 -0.966
-20.405	101.210	155.370 -0.534
-32.095	102.261	145.782 -1.975
-30.464	100.470	147.454 -2.184
-27.394	 98.611	146.133 -2.282
-26.766	 94.867	146.202  0.119
-27.466	 91.730	144.209  0.966
-31.036	 90.687	144.348 -0.494
-31.333	 87.340	142.604  0.329
-28.647	 84.922	141.475  0.321
-30.469	 84.562	138.114  0.255
-28.525	 81.368	137.383  0.457
-31.367	 79.738	135.389 -0.085
-29.153	 77.498	133.237  0.607
-26.679	 76.604	135.975  1.673
-27.276	 72.979	135.960  0.665
-23.889	 71.303	136.692  0.919
-21.065	 71.878	139.234  1.893
-18.442	 69.182	138.772  0.376
-16.329	 69.850	141.881 -0.108
-16.601	 72.116	144.947  1.305
-19.512	 73.737	146.775  0.065
-21.418	 77.001	147.182  0.778
-20.703	 79.912	149.505  0.334
-23.341	 82.589	149.802  0.818
-22.766	 85.041	152.712 -0.707
-23.495	 88.715	153.608  0.295
-25.907	 89.408	150.686  1.363
-28.512	 91.851	152.144 -0.528
-30.810	 92.174	149.114 -0.096
-30.437	 88.650	147.903  0.878
-33.530	 86.369	147.844  1.902
-34.150	 82.821	146.647  0.400
-30.693	 81.454	147.279 -0.382
-32.081	 78.987	149.878 -0.897
-34.731	 77.717	147.560  1.010
-32.342	 75.990	145.166  0.979
-31.839	 72.213	145.378  0.552
-28.042	 72.348	145.221  0.831
-28.169	 68.559	145.520 -0.601
-29.341	 68.608	141.882 -0.053
-26.711	 70.962	140.485  0.681
-23.727	 69.275	142.116 -0.187
-22.398	 66.315	140.111 -1.283
-23.003	 62.682	141.221 -0.787
-19.457	 62.539	142.584 -0.405
-19.819	 65.934	144.306 -1.180
-22.769	 65.410	146.852 -0.992
-20.293	 65.584	149.714 -2.405
-19.925	 69.175	148.485 -0.825
-19.931	 71.896	151.165 -0.737
-22.810	 74.337	151.115 -0.536
-22.894	 77.335	153.317  0.119
-25.739	 79.669	152.558 -1.092
-26.756	 82.668	154.615 -0.974
-30.216	 84.147	154.289  0.486
-29.901	 87.194	156.462 -0.247
-31.339	 90.052	154.423 -0.190
-32.713	 93.572	154.587 -1.655
-35.648	 93.076	152.310 -0.783
-38.545	 90.731	152.889 -0.819
-38.667	 88.121	150.163  1.883
-41.816	 86.776	148.503 -0.953
-42.030	 83.040	147.765 -0.945
-41.066	 81.610	144.360  1.884
-43.590	 81.813	141.501  0.164
-46.398	 79.271	142.033 -0.735
-45.335	 78.127	138.607  0.340
-42.040	 76.661	139.955  1.897
-42.386	 72.885	140.545 -2.305
-41.173	 72.769	144.146 -2.200
-40.133	 75.702	146.255 -0.937
-37.318	 76.253	143.753 -0.329
-36.187	 79.329	141.706  1.665
-33.387	 81.742	140.710  0.533
-35.517	 84.875	140.866  0.774
-39.147	 85.942	141.062 -0.384
-40.219	 85.272	137.458  0.568
-42.096	 82.263	136.140 -0.525
-38.930	 82.170	133.982  0.101
-36.604	 81.587	136.895  0.111
-37.533	 78.141	138.078  1.846
-34.768	 75.673	138.803  1.149
-34.945	 72.921	136.224 -0.546
-33.842	 69.695	137.810 -0.618
-31.577	 67.378	135.938  0.908
-30.291	 64.688	138.368  0.300
-32.809	 63.800	141.050 -0.534
-35.605	 63.582	138.515  0.200
-34.289	 60.835	136.179  1.885
-35.065	 57.190	135.277 -0.353
-33.031	 54.349	136.800 -1.781
-29.306	 54.872	137.313 -1.024
-29.082	 58.076	135.228  0.716
-26.626	 60.878	135.824 -0.717
-28.501	 63.481	133.794 -0.195
-31.807	 64.102	131.967  1.057
-34.285	 66.356	130.253 -1.385
-37.343	 64.812	131.923  0.586
-38.693	 61.869	133.929 -1.010
-38.484	 59.224	131.165 -0.602
-35.744	 56.774	130.062 -0.897
-35.893	 58.535	126.688 -0.827
-35.280	 61.780	128.553 -0.297
-31.966	 60.326	129.806  1.513
-28.758	 62.000	128.624  1.883
-25.794	 60.209	127.190  1.083
-23.240	 59.240	129.847 -0.733
-20.735	 61.674	128.278  0.589
-23.018	 64.665	128.814  1.711
-22.505	 66.967	131.758  0.814
-25.446	 69.344	132.360  0.511
-28.574	 67.967	130.704  1.167
-29.262	 67.397	127.060  1.870
-31.777	 68.082	124.376  0.310
-31.804	 64.529	123.165  0.441
-30.496	 61.069	123.865  0.486
-27.164	 61.131	122.059 -0.680
-23.573	 62.415	122.535 -0.284
-24.258	 65.223	120.061  0.164
-27.163	 66.602	122.193  0.318
-25.437	 67.522	125.450  1.902
-25.831	 70.891	127.166 -0.350
-22.126	 70.433	128.116  1.168
-19.407	 67.760	127.956  1.902
-18.357	 65.627	130.968 -0.148
-14.834	 65.691	129.738 -0.164
-14.121	 66.722	126.179 -0.897
-15.881	 68.307	123.291 -1.188
-14.572	 66.647	120.165 -0.843
-15.946	 68.562	117.222  0.041
-19.416	 68.942	118.794  0.395
-19.479	 65.434	120.237 -0.740
-18.882	 64.796	123.907  1.902
-16.141	 62.239	124.496  0.400
-14.204	 60.774	127.384 -0.546
-10.902	 61.736	125.726 -0.402
 -9.489	 63.388	122.535  1.902
 -7.931	 61.303	119.764  1.234
 -4.261	 60.498	120.490 -1.091
 -1.706	 62.552	118.609 -0.080
 -0.175	 59.243	117.644 -0.340
 -1.070	 55.663	116.663 -0.968
  1.382	 52.897	117.291  0.975
  2.771	 50.447	114.760 -0.324
  0.878	 47.210	115.571 -0.043
  4.059	 45.087	115.253 -0.560
  6.959	 47.471	116.052 -0.429
  5.292	 50.155	118.213  1.161
  6.799	 53.142	116.429  0.266
  4.935	 56.393	116.701  1.597
  2.706	 57.123	113.710  0.706
  1.019	 60.538	113.444 -0.334
 -2.745	 60.336	113.865  0.844
 -4.414	 62.568	111.261  0.691
 -7.412	 62.545	113.605  0.061
 -5.072	 63.326	116.564  1.641
 -5.890	 66.359	118.750  0.230
 -4.625	 68.257	121.751 -0.323
 -6.696	 68.795	124.816  0.418
 -7.310	 72.455	125.570  0.214
 -9.594	 72.864	128.527  0.187
-12.617	 70.702	127.975  0.226
-12.128	 70.835	124.163 -0.106
-10.309	 68.985	121.398  1.182
 -8.343	 71.208	119.261  0.264
 -6.150	 70.667	116.150 -0.281
 -3.501	 73.057	117.470 -0.761
 -2.844	 74.752	120.735  0.843
 -4.184	 78.270	120.964 -0.551
 -1.537	 80.862	120.190 -1.907
  0.090	 81.437	123.567 -0.641
 -0.033	 77.922	124.978 -0.323
  2.626	 75.192	124.927 -0.426
  2.070	 71.918	123.087  0.504
  2.833	 68.745	124.970  0.813
  4.284	 65.453	123.783 -0.623
  1.305	 63.903	125.629 -0.072
 -1.136	 65.711	123.286  0.447
 -2.150	 68.534	125.708 -0.104
 -1.986	 72.316	125.790  1.902
 -0.691	 74.049	128.884  0.829
  1.187	 77.053	130.251 -0.120
  3.861	 75.353	132.303 -0.331
  5.567	 72.232	131.047  1.902
  4.909	 68.810	132.683  0.706
  7.546	 67.059	134.907 -0.709
 11.069	 66.516	133.406  0.715
  9.950	 68.443	130.287  0.285
 11.498	 71.640	128.880 -0.017
 10.306	 74.198	126.328 -1.062
 11.729	 74.569	122.831 -0.048
 10.875	 76.706	119.806 -0.994
  9.863	 74.929	116.552 -1.637
  5.971	 78.180	118.000 -2.370
  6.609	 76.658	121.393  0.074
  6.587	 72.963	122.323 -1.074
  7.261	 70.912	125.450  1.900
  9.518	 67.904	125.031 -0.382
 11.282	 65.258	127.141 -0.699
 14.726	 66.315	128.262  1.902
 17.326	 64.010	126.630 -0.450
 20.133	 64.683	129.094  0.722
 18.617	 65.398	132.584 -0.284
 16.499	 68.562	132.586  1.901
 18.750	 71.598	132.014 -0.374
 18.471	 74.061	134.889  0.985
 16.561	 77.336	134.521 -0.245
 15.965	 80.803	135.940  1.902
 12.741	 81.271	137.940 -2.408
 10.646	 84.389	138.435  0.044
  7.976	 85.063	141.054 -1.657
  5.208	 82.509	141.169 -0.591
  7.553	 79.658	140.476  0.612
  9.643	 77.183	142.423  0.114
 11.273	 78.620	145.588  0.342
  9.636	 81.932	144.606 -0.428
  6.041	 80.592	144.382 -1.865
  4.676	 82.469	147.437 -1.676
  7.163	 85.394	147.064 -1.841
  5.599	 88.878	146.846 -0.200
  8.133	 91.141	145.194  0.101
 11.620	 91.476	143.825  0.637
 13.757	 92.558	146.763  0.660
 17.354	 92.940	147.777  0.711
 17.228	 89.339	148.996 -0.269
 16.395	 87.770	145.628  0.868
 17.311	 90.284	142.860  0.633
 20.715	 88.767	142.289  0.248
 18.882	 85.488	141.725 -0.848
 18.437	 87.001	138.245 -0.011
 22.055	 87.766	137.448  0.064
 22.832	 86.590	133.920  0.668
 19.342	 85.379	133.091  1.902
 18.122	 85.659	129.433  0.725
 14.700	 84.237	130.238  0.765
 12.738	 84.200	133.470  1.555
 10.128	 81.470	133.968 -0.530
  7.508	 83.276	136.007  0.447
  7.182	 86.936	136.875  0.399
  8.640	 90.103	138.248 -0.324
  6.926	 92.530	140.534 -0.699
  8.280	 95.678	142.078  0.919
  6.176	 97.035	144.946  0.762
  6.861	 99.785	147.508  0.369
  8.493	 97.187	149.804 -0.428
 11.037	 96.638	146.993  0.645
 12.455	100.123	147.727  0.894
 11.138	102.320	150.627 -2.425
  9.694	 96.398	156.153 -1.026
 13.072	 96.273	157.898  0.080
 14.430	 94.749	154.683  0.407
 17.280	 96.610	152.901 -0.617
 16.007	 98.547	149.830  0.909
 16.827	 97.818	146.173  0.266
 19.285	100.459	145.048 -0.015
 18.660	101.465	141.426 -0.578
 21.975	 99.960	140.194  0.881
 21.120	 96.456	141.394  0.285
 18.275	 96.677	138.910 -0.004
 20.798	 96.500	136.148 -0.475
 20.763	 92.680	136.536 -0.065
 17.848	 92.745	134.107  0.644
 19.921	 94.050	131.246 -0.108
 20.266	 90.487	129.788  0.056
 16.554	 89.748	130.184  0.790
 14.792	 89.011	126.896  0.180
 11.682	 87.031	127.858  0.431
  9.437	 86.899	130.888  1.215
  7.071	 83.921	130.654  0.581
  4.883	 85.458	133.358  0.384
  4.029	 89.119	133.894  0.256
  5.713	 92.426	134.675  0.140
  4.235	 94.532	137.455 -0.137
  5.628	 97.890	138.572  0.857
  3.948	 99.801	141.398 -0.447
  7.099	101.328	142.810 -0.061
 10.277	102.239	141.040 -0.222
 13.291	104.483	141.811  0.719
 12.563	108.208	141.380 -0.517
 16.062	108.707	140.035 -0.070
 15.300	106.460	136.996  0.156
 13.288	108.088	134.189 -0.293
 12.242	104.895	132.395  1.451
 12.273	101.116	132.347  0.509
 15.427	100.984	130.310  0.379
 16.787	 98.208	132.486  1.375
 14.235	 96.173	130.431 -0.219
 15.492	 97.602	127.135  0.103
 16.193	 94.085	125.780  0.707
 12.988	 92.669	127.081  0.671
 11.447	 91.375	123.825 -0.599
  8.398	 89.429	125.055 -1.053
  6.274	 89.205	128.196  1.091
  4.231	 86.106	127.403 -0.109
  1.654	 86.342	130.178  1.185
  1.154	 82.642	130.810 -0.127
  0.751	 83.985	134.319 -2.349
 -1.053	 87.190	134.831  0.337
 -1.059	 89.760	137.553 -1.209
 -4.405	 89.213	139.231 -0.247
 -4.954	 86.744	136.387 -0.101
 -5.654	 89.728	134.075 -0.235
 -2.606	 91.910	133.281 -0.559
  0.755	 90.974	131.821  1.384
  2.144	 94.455	131.976  0.463
  1.225	 96.734	134.891  1.028
  2.629	100.203	135.516 -0.004
  1.037	102.258	138.279  0.090
  2.119	105.141	140.523  1.127
  5.698	105.346	139.275 -0.331
  7.380	108.666	138.692  0.313
  8.885	107.417	135.329 -0.182
  8.895	109.876	132.456  0.062
  8.798	107.365	129.557 -0.030
  8.731	103.542	129.123  0.424
 11.880	102.747	127.161  0.360
 10.792	 99.162	126.581 -1.149
 12.268	 99.612	123.182  0.193
 12.761	 95.911	122.517  0.561
  9.305	 94.769	123.579  1.018
  7.436	 93.381	120.592 -0.148
  4.968	 90.964	122.208 -0.635
  2.486	 90.799	124.985  1.631
  1.657	 87.090	124.563 -0.824
 -1.610	 87.498	126.345  0.150
 -3.049	 89.510	129.243  0.531
 -3.892	 93.188	129.376  0.503
 -1.671	 96.236	129.855  0.682
 -2.601	 98.557	132.622 -1.207
 -0.767	101.852	132.828  0.486
 -2.406	104.166	135.355  0.541
 -1.574	106.937	137.818 -0.410
  1.835	107.812	136.478  1.386
  2.004	111.575	137.009 -0.085
  4.905	112.310	134.635 -0.090
  4.732	109.477	132.161  0.940
  4.417	110.488	128.486  1.902
  5.084	108.159	125.544 -0.019
  2.333	105.676	126.263  0.080
 -0.023	106.531	123.347  0.264
  3.122	106.518	121.316  0.067
  3.537	102.767	121.543 -1.733
  1.528	100.860	118.861 -0.927
 -0.044	 98.565	121.445  0.496
 -1.977	 96.957	118.506 -1.372
  1.312	 95.344	117.464 -1.498
  2.260	 93.869	120.812 -0.737
 -1.092	 92.175	121.347 -0.198
 -1.747	 88.682	120.057 -0.699
 -5.452	 88.148	120.843 -0.670
 -8.570	 90.358	120.553 -2.436
 -9.232	 90.092	124.326 -2.176
 -6.234	 92.378	124.857  0.108
 -6.016	 96.136	125.210 -0.788
 -4.331	 98.997	126.905 -0.866
 -6.090	100.343	129.936 -1.110
 -4.875	103.759	130.916 -1.517
 -5.791	106.691	133.130 -1.091
 -4.091	109.415	135.284 -0.473
 -0.822	109.347	133.300  1.302
  0.609	112.601	131.946 -0.484
 -2.101	114.273	129.834  0.017
 -1.168	114.029	126.170 -0.575
 -1.682	117.665	125.166 -0.523
  0.704	118.490	128.059 -1.270
  3.327	116.163	126.668  1.902
  2.995	117.926	123.285 -2.436
  2.716	121.307	125.076 -1.566
  6.204	120.691	126.456 -2.340
  7.161	119.391	122.986 -0.677
  7.593	115.679	123.848 -1.762
  6.785	113.687	120.651 -0.455
  8.558	110.831	118.866  1.138
 11.700	111.670	116.960 -0.429
 11.483	112.423	113.193 -1.236
 13.407	109.292	112.263  0.242
 10.809	106.968	113.823  0.823
  8.537	105.099	111.385  0.937
  4.811	105.960	111.747 -0.673
  5.254	108.149	114.861 -1.703
  5.675	105.115	117.153  0.635
  8.148	105.091	120.041  1.218
  8.957	104.064	123.576  0.248
 10.332	107.409	124.768  0.895
 12.151	110.545	123.447 -0.054
 14.887	110.614	120.856  0.230
 16.505	108.627	118.086  0.061
 17.205	105.474	120.206 -1.446
 13.595	104.830	121.248 -0.235
 11.866	104.229	117.897  1.747
  9.706	101.176	117.456 -0.271
 10.867	100.673	113.879  1.013
 13.586	102.993	112.593  1.638
 12.416	104.740	109.443 -1.658
 15.820	105.057	107.875 -1.424
 18.997	103.420	109.115 -1.233
 20.389	102.348	112.432 -2.088
 23.869	102.895	113.567  0.046
 24.231	100.916	116.755 -1.778
 20.915	101.748	118.450 -0.762
 20.587	105.266	117.104 -1.159
 18.140	105.685	114.327  1.292
 19.902	107.863	111.738  0.845
 19.235	109.746	108.547 -2.268
 21.933	108.218	106.337 -1.357
 24.836	105.843	106.720  1.264
 28.247	107.166	105.743  0.114
 28.200	105.355	102.433 -1.571
 29.035	108.333	100.263 -2.418
 30.305	110.891	102.800 -2.383
 31.556	111.071	106.336  0.810
 34.551	110.419	108.479 -1.044
 34.632	106.575	108.877 -0.830
 32.867	105.106	105.766  0.987
 30.261	102.425	106.067  1.563
 28.147	100.017	104.166 -0.378
 24.539	 98.947	104.768 -0.952
 23.451	 95.563	105.877 -2.379
 19.679	 95.259	106.226 -1.956
 19.403	 98.937	107.141 -1.509
 22.230	 98.705	109.702 -2.413
 25.213	101.037	109.168  0.765
 28.332	 98.963	109.643 -2.243
 31.920	100.139	109.370 -2.011
 33.983	 99.677	106.252  1.773
 37.293	 97.972	107.207  0.319
 39.756	100.775	108.085 -0.208
 41.961	 99.855	105.123  0.366
 39.404	100.711	102.390  1.625
 40.242	104.036	100.719 -0.509
 37.211	106.252	101.253 -1.669
 35.934	106.938	 97.728 -1.425
 34.705	110.092	 96.067 -0.206
 31.334	109.794	 94.337 -1.598
 31.236	106.024	 94.679 -0.709
 30.665	103.546	 97.430 -2.345
 33.656	102.654	 99.716  1.214
 32.995	 98.946	100.439  1.737
 30.674	 95.973	 99.869 -1.927
 30.966	 94.545	103.379  1.551
 33.063	 94.446	106.560  0.537
 36.294	 92.622	105.476  0.441
 39.542	 94.116	104.077  0.347
 39.007	 92.227	100.772 -0.198
 35.696	 94.001	100.285 -0.078
 37.159	 97.481	 99.562  1.801
 36.915	 99.200	 96.247 -1.414
 40.496	100.352	 96.705 -0.914
 43.241	100.031	 99.270  1.762
 44.117	102.946	101.472  0.135
 47.665	101.727	101.588  0.815
 48.904	 98.367	100.336 -0.910
 47.339	 95.124	 99.321 -0.801
 48.308	 91.674	100.376  0.926
 45.813	 90.029	 98.026  0.665
 42.995	 89.555	 98.487 -0.733
 43.360	 92.008	101.445 -0.483
 44.057	 95.669	101.837  1.764
 46.551	 96.072	104.653  1.063
 48.300	 98.855	106.527 -1.897
 51.783	 97.349	106.228 -0.701
 53.492	 94.609	104.253  1.593
 54.069	 91.716	106.730  1.267
 57.553	 91.642	108.287 -2.378
 56.507	 85.392	106.242 -0.250
 58.471	 88.469	105.131  0.237
 56.968	 90.592	102.362  0.078
 57.690	 93.858	100.529  0.836
 55.698	 96.480	 98.578 -1.778
 55.330	 95.973	 94.847  0.518
 55.429	 99.108	 92.725 -1.721
 51.640	 98.849	 92.344 -0.534
 51.362	 98.606	 96.134 -0.568
 50.916	 94.827	 96.434 -0.955
 53.000	 92.730	 98.825  1.894
 55.430	 90.312	 97.178 -0.237
 57.368	 87.802	 99.287 -0.382
 61.011	 88.585	100.018  1.900
 63.204	 86.317	 97.906  1.135
 65.597	 85.886	100.826 -0.950
 64.550	 83.606	103.676  1.847
BRIEF 1N8Z A 214              
 34.791	 87.461	 89.035       
 38.253	 86.374	 88.028       
 38.371	 83.435	 85.699       
 41.454	 81.275	 85.277       
 41.751	 79.468	 81.964       
 43.963	 76.464	 82.316       
 45.530	 74.737	 79.389       
 45.964	 72.185	 78.230       
 43.270	 70.148	 79.838       
 45.483	 67.075	 79.573       
 49.004	 66.174	 78.472       
 51.230	 63.159	 77.887       
 54.879	 63.379	 78.749       
 57.629	 60.860	 79.522       
 60.074	 60.533	 82.451       
 62.817	 63.092	 82.131       
 60.572	 65.521	 80.307       
 60.125	 69.251	 80.874       
 56.398	 69.769	 81.190       
 54.636	 73.150	 81.051       
 51.134	 74.037	 82.289       
 49.630	 77.441	 81.598       
 46.792	 79.369	 83.045       
 45.566	 82.767	 81.969       
 43.795	 85.088	 84.294       
 40.815	 87.008	 82.854       
 42.035	 90.128	 84.588       
 44.992	 91.334	 86.567       
 45.774	 89.107	 89.468       
 49.256	 90.468	 90.298       
 51.136	 87.539	 91.801       
 48.213	 86.130	 93.821       
 48.359	 82.720	 92.125       
 48.898	 79.252	 93.556       
 49.501	 75.757	 92.117       
 48.121	 72.507	 93.497       
 48.730	 68.848	 92.745       
 45.879	 66.342	 93.098       
 46.538	 62.598	 92.928       
 43.898	 59.895	 92.505       
 41.578	 59.973	 95.509       
 43.704	 62.497	 97.437       
 43.404	 66.097	 98.633       
 45.185	 68.619	 96.445       
 48.569	 69.581	 97.806       
 50.149	 72.987	 97.410       
 53.208	 73.194	 95.121       
 53.660	 76.890	 94.349       
 52.455	 80.107	 95.899       
 52.625	 83.830	 95.128       
 53.229	 82.682	 91.490       
 56.802	 81.477	 91.797       
 57.681	 80.362	 95.284       
 58.438	 76.673	 95.892       
 56.338	 75.486	 98.854       
 58.113	 73.712	101.780       
 59.293	 70.184	100.896       
 58.164	 70.274	 97.234       
 60.836	 68.904	 94.887       
 62.830	 71.698	 93.307       
 61.821	 70.126	 89.984       
 58.612	 72.148	 90.264       
 58.847	 75.803	 89.321       
 56.323	 78.560	 88.734       
 56.444	 81.734	 86.623       
 54.307	 84.723	 85.597       
 54.292	 86.558	 82.257       
 51.605	 89.210	 82.520       
 48.311	 87.395	 83.088       
 49.737	 84.046	 81.948       
 51.059	 81.827	 84.722       
 53.220	 78.792	 84.181       
 53.918	 75.683	 86.254       
 56.995	 73.823	 85.060       
 57.902	 70.286	 85.992       
 61.490	 70.230	 84.762       
 62.280	 66.541	 84.820       
 59.026	 64.625	 84.927       
 59.045	 61.701	 87.327       
 56.501	 58.847	 87.608       
 55.108	 60.236	 90.957       
 54.169	 63.379	 89.046       
 51.191	 61.607	 87.560       
 48.358	 63.908	 88.705       
 45.899	 66.706	 88.042       
 47.376	 70.191	 88.442       
 45.332	 73.360	 89.235       
 46.208	 77.049	 89.224       
 44.218	 79.168	 91.661       
 43.938	 82.934	 91.925       
 43.433	 84.663	 95.322       
 43.702	 88.286	 94.103       
 40.031	 88.881	 94.822       
 37.367	 86.923	 96.686       
 36.083	 84.471	 95.664       
 39.366	 82.622	 94.927       
 39.071	 80.653	 91.698       
 40.395	 77.440	 90.335       
 41.511	 76.620	 86.821       
 39.846	 73.540	 85.226       
 42.963	 71.496	 86.049       
 45.276	 69.752	 83.666       
 45.871	 66.021	 83.791       
 49.484	 64.875	 83.361       
 49.787	 61.376	 82.005       
 53.060	 59.512	 81.741       
 54.126	 57.841	 78.497       
 56.225	 54.778	 79.213       
 57.438	 51.712	 77.383       
 54.988	 49.013	 76.232       
 54.098	 46.496	 78.941       
 52.422	 43.169	 78.159       
 49.740	 42.497	 80.769       
 49.637	 39.491	 83.036       
 46.244	 37.888	 82.483       
 44.323	 35.976	 85.176       
 40.935	 34.304	 85.332       
 38.746	 33.962	 88.457       
 35.667	 31.742	 88.639       
 32.775	 32.696	 90.905       
 33.322	 31.722	 94.531       
 30.981	 29.032	 95.933       
 29.555	 31.665	 98.302       
 28.238	 33.952	 95.560       
 26.976	 30.938	 93.603       
 24.460	 29.914	 96.293       
 22.989	 33.473	 96.274       
 21.868	 33.261	 92.624       
 24.505	 35.351	 90.872       
 27.951	 34.677	 89.451       
 30.747	 37.075	 88.697       
 33.517	 35.745	 86.483       
 36.482	 38.033	 86.865       
 39.373	 38.544	 84.502       
 42.362	 40.600	 85.463       
 45.037	 42.252	 83.394       
 47.838	 43.378	 85.645       
 50.462	 46.053	 85.004       
 50.242	 47.012	 81.397       
 50.886	 50.039	 79.197       
 49.343	 51.651	 77.286       
 45.791	 51.918	 78.692       
 43.867	 50.681	 75.681       
 42.956	 46.964	 75.554       
 40.133	 44.769	 74.203       
 38.606	 42.204	 76.568       
 36.184	 39.649	 75.199       
 34.713	 36.573	 76.978       
 34.358	 33.102	 75.372       
 31.659	 31.212	 77.351       
 31.812	 27.607	 76.145       
 33.353	 29.276	 72.993       
 30.704	 31.959	 72.262       
 31.138	 35.772	 72.375       
 29.367	 37.973	 74.951       
 27.552	 41.374	 74.820       
 25.921	 43.582	 77.462       
 26.895	 41.275	 80.351       
 30.451	 42.487	 81.003       
 31.991	 45.539	 82.631       
 35.516	 46.931	 82.662       
 37.274	 48.837	 85.403       
 40.699	 50.368	 85.056       
 42.908	 51.766	 87.816       
 44.725	 55.106	 87.641       
 48.275	 55.106	 86.246       
 50.624	 53.626	 88.852       
 52.728	 56.246	 90.574       
 55.880	 54.114	 90.516       
 55.860	 52.092	 87.293       
 53.183	 54.069	 85.359       
 51.146	 51.060	 84.264       
 47.396	 50.423	 84.441       
 45.590	 47.364	 85.666       
 42.211	 46.387	 84.326       
 39.403	 44.246	 85.641       
 36.716	 42.620	 83.488       
 33.622	 41.236	 85.168       
 31.173	 38.869	 83.453       
 27.882	 38.920	 85.354       
 25.528	 35.984	 85.107       
 22.665	 34.471	 87.034       
 23.492	 31.185	 88.751       
 21.302	 29.476	 86.138       
 22.770	 31.056	 82.964       
 26.251	 30.212	 84.370       
 25.519	 26.540	 85.220       
 24.509	 26.063	 81.566       
 28.034	 26.139	 80.222       
 31.384	 24.356	 80.745       
 34.366	 26.353	 79.431       
 34.976	 29.947	 80.641       
 37.376	 32.086	 78.644       
 38.706	 35.622	 78.808       
 40.511	 36.815	 75.672       
 42.703	 39.882	 75.746       
 44.410	 41.699	 72.928       
 46.791	 44.493	 73.835       
 49.460	 46.435	 71.923       
 52.045	 44.585	 74.074       
 51.266	 40.902	 73.526       
 52.647	 39.104	 70.464       
 49.576	 36.914	 70.112       
 46.264	 37.673	 71.899       
 46.077	 35.754	 75.204       
 43.118	 33.577	 76.181       
 42.696	 32.826	 79.905       
 40.111	 30.223	 80.741       
 38.849	 27.692	 83.277       
 36.489	 24.731	 83.427       
 33.333	 25.173	 85.491       
 33.398	 23.001	 88.614       
 36.763	 21.344	 87.834       
 38.182	 22.932	 90.979       
BRIEF 1N8Z B 220              
 51.585	 67.843	111.470       
 48.607	 70.138	110.904       
 45.550	 68.011	110.192       
 42.028	 68.645	108.991       
 39.414	 65.909	109.287       
 36.111	 66.035	107.442       
 33.074	 64.075	108.678       
 29.336	 63.778	108.065       
 29.531	 62.511	104.492       
 27.028	 60.021	103.124       
 23.716	 59.633	101.318       
 21.289	 62.561	101.260       
 17.797	 62.519	 99.866       
 17.234	 65.228	 97.225       
 15.803	 68.279	 98.975       
 17.479	 67.141	102.158       
 19.921	 68.675	104.599       
 23.291	 67.493	105.861       
 25.958	 68.865	108.114       
 29.584	 68.426	107.247       
 32.156	 68.937	109.901       
 35.882	 69.822	109.786       
 37.848	 69.250	113.000       
 41.183	 71.048	112.888       
 44.088	 69.637	114.787       
 47.506	 71.251	115.202       
 46.543	 74.939	114.753       
 43.788	 77.276	115.928       
 41.058	 78.048	113.418       
 40.734	 81.488	114.995       
 44.192	 82.255	113.446       
 42.972	 81.811	109.794       
 40.356	 81.400	107.139       
 38.742	 78.029	106.644       
 37.257	 77.197	103.278       
 35.206	 74.293	102.037       
 36.073	 73.212	 98.543       
 34.179	 70.605	 96.633       
 34.826	 68.341	 93.701       
 31.969	 66.696	 91.738       
 32.984	 63.208	 90.430       
 35.662	 63.581	 87.743       
 35.441	 67.369	 87.666       
 37.515	 70.276	 88.936       
 37.925	 71.910	 92.301       
 35.132	 74.433	 93.210       
 35.501	 76.875	 96.105       
 32.293	 76.813	 98.152       
 32.589	 79.026	101.228       
 34.991	 80.544	103.655       
 34.730	 81.577	107.298       
 36.944	 83.597	109.510       
 36.324	 82.190	112.990       
 37.598	 85.211	115.024       
 34.534	 87.150	113.907       
 32.402	 84.586	112.079       
 32.599	 86.678	108.865       
 31.620	 84.436	105.914       
 31.821	 84.464	102.128       
 30.029	 82.149	 99.670       
 30.130	 80.934	 96.037       
 27.086	 81.863	 93.991       
 26.170	 78.223	 93.459       
 25.488	 77.724	 97.141       
 24.572	 81.096	 98.674       
 21.351	 80.779	100.639       
 21.536	 76.992	100.943       
 24.868	 76.157	102.554       
 25.962	 77.695	105.826       
 29.533	 77.921	106.963       
 30.236	 78.318	110.634       
 32.910	 77.755	113.216       
 33.027	 76.488	116.731       
 36.293	 77.870	118.188       
 36.035	 75.840	121.445       
 35.773	 72.556	119.485       
 38.354	 73.897	116.955       
 35.904	 72.734	114.352       
 34.447	 74.239	111.177       
 31.071	 73.300	109.696       
 29.171	 73.341	106.444       
 25.426	 73.175	106.995       
 24.165	 72.109	103.646       
 20.540	 72.759	103.064       
 18.268	 72.015	100.133       
 20.683	 69.676	 98.328       
 20.324	 68.468	 94.752       
 22.161	 66.109	 92.460       
 24.413	 68.975	 91.221       
 25.802	 68.927	 94.797       
 27.044	 65.340	 94.771       
 30.784	 65.865	 95.313       
 33.762	 65.321	 97.625       
 33.900	 68.159	100.097       
 37.300	 69.215	101.337       
 38.123	 71.674	104.004       
 41.228	 73.773	103.768       
 42.948	 76.650	105.398       
 44.969	 79.589	104.329       
 47.428	 78.673	106.986       
 49.172	 81.850	108.030       
 48.510	 85.577	108.132       
 50.222	 86.715	104.940       
 49.879	 83.452	103.169       
 46.645	 83.234	101.257       
 47.309	 79.977	 99.482       
 45.690	 76.814	100.781       
 48.480	 74.898	102.448       
 46.467	 72.176	104.210       
 43.457	 70.180	103.175       
 41.426	 67.424	104.763       
 41.087	 63.986	103.153       
 37.545	 64.783	101.864       
 34.013	 63.387	102.529       
 31.814	 62.201	 99.678       
 28.291	 63.648	 99.796       
 25.993	 61.736	 97.532       
 22.636	 63.343	 96.751       
 20.159	 60.682	 95.678       
 16.627	 59.234	 96.181       
 17.906	 55.629	 96.299       
 18.747	 53.949	 99.603       
 21.747	 52.403	101.326       
 22.697	 48.835	100.443       
 25.711	 47.208	102.056       
 27.980	 44.987	 99.951       
 28.457	 41.256	 99.808       
 32.184	 40.448	 99.778       
 33.360	 37.396	 97.850       
 36.862	 35.958	 97.502       
 38.792	 35.798	 94.299       
 40.589	 32.581	 94.998       
 44.195	 32.121	 93.849       
 44.869	 29.025	 91.704       
 46.751	 27.790	 88.595       
 44.635	 30.134	 86.394       
 45.788	 33.134	 88.435       
 49.495	 32.216	 88.604       
 52.205	 33.409	 86.184       
 55.816	 32.681	 87.078       
 56.323	 32.562	 90.835       
 53.310	 34.784	 91.356       
 49.703	 34.450	 92.420       
 46.914	 36.962	 92.039       
 44.086	 37.024	 94.491       
 41.526	 39.559	 95.627       
 38.042	 40.385	 96.828       
 34.911	 41.208	 94.926       
 32.819	 43.758	 96.698       
 29.405	 43.439	 95.169       
 26.097	 45.265	 95.377       
 26.479	 48.445	 97.407       
 25.148	 51.953	 97.371       
 26.394	 54.564	 97.726       
 30.142	 55.180	 97.293       
 32.733	 54.940	 98.774       
 34.140	 51.536	 99.704       
 37.443	 51.050	101.454       
 39.499	 47.864	100.943       
 42.794	 47.074	102.630       
 44.819	 43.864	102.934       
 46.014	 42.209	106.101       
 45.014	 45.308	107.992       
 47.319	 47.570	105.963       
 50.508	 45.476	106.210       
 50.188	 44.542	102.554       
 50.112	 47.391	100.074       
 52.554	 46.467	 97.289       
 50.984	 44.960	 94.245       
 47.520	 46.128	 95.377       
 44.971	 47.476	 92.932       
 41.542	 48.421	 94.158       
 39.452	 49.167	 91.133       
 37.226	 52.215	 90.614       
 33.673	 51.136	 91.373       
 31.465	 50.296	 88.425       
 27.851	 51.333	 88.554       
 25.603	 48.444	 87.586       
 22.312	 48.788	 85.760       
 20.875	 47.720	 89.124       
 21.793	 51.158	 90.452       
 24.205	 49.375	 92.814       
 28.030	 49.698	 92.679       
 30.552	 46.926	 92.366       
 34.349	 46.940	 92.745       
 37.196	 44.489	 93.057       
 40.433	 44.710	 95.014       
 43.274	 42.504	 93.921       
 46.810	 41.707	 94.924       
 49.835	 39.809	 93.642       
 51.759	 37.523	 95.988       
 54.597	 35.016	 95.893       
 52.792	 31.727	 95.329       
 55.342	 30.187	 97.711       
 53.573	 32.127	100.467       
 50.151	 30.553	 99.742       
 48.877	 28.568	102.728       
 51.927	 29.793	104.705       
 50.745	 33.470	104.934       
 47.097	 34.242	105.480       
 45.513	 36.921	103.248       
 42.543	 38.963	104.379       
 40.831	 41.801	102.630       
 39.315	 44.370	104.939       
 36.347	 45.918	103.302       
 34.545	 48.855	104.819       
 31.307	 50.502	103.570       
 30.857	 53.302	106.106       
 27.303	 54.269	104.866       
 26.147	 50.692	105.634       
 28.249	 50.219	108.743       
 29.539	 47.162	106.880       
 32.977	 45.887	107.980       
 34.061	 42.624	106.433       
 37.314	 40.811	106.974       
 37.507	 37.994	104.437       
 40.269	 35.385	104.294       
 41.122	 34.519	100.695       
 42.693	 31.074	100.211       
 43.071	 28.375	 97.505       
