BRIEF 1NBY C 129              
 62.365	  6.218	 32.962  1.118
 62.228	  4.006	 29.882 -0.584
 60.223	  5.725	 27.154 -0.595
 58.006	  4.029	 24.631 -1.709
 59.057	  4.877	 21.055  0.844
 56.015	  6.986	 20.116  1.452
 55.885	  8.467	 23.613  0.052
 59.431	  9.761	 23.130  0.784
 58.732	 10.933	 19.575  1.143
 55.872	 13.076	 20.894 -0.761
 58.017	 14.450	 23.721 -0.788
 60.927	 15.234	 21.418  0.858
 58.466	 16.971	 19.107 -1.014
 57.155	 19.059	 21.983 -2.367
 60.779	 19.826	 22.829 -2.225
 61.522	 21.155	 19.339  0.912
 63.563	 18.423	 17.638  0.089
 61.248	 17.945	 14.690 -0.248
 63.122	 19.745	 11.910 -0.429
 65.614	 21.429	 14.231 -0.352
 68.548	 22.725	 12.146 -0.643
 67.391	 20.515	  9.277 -0.094
 67.001	 17.231	 11.163 -0.823
 63.656	 15.455	 10.983  0.135
 62.252	 13.942	 14.177  0.153
 63.093	 10.423	 12.997 -0.105
 66.824	 11.063	 13.443  0.424
 66.420	 11.803	 17.143  1.147
 64.149	  8.848	 17.910  0.284
 66.461	  6.490	 16.058  1.455
 69.455	  8.036	 17.832  0.986
 67.828	  7.649	 21.239  0.724
 67.015	  4.023	 20.430 -0.687
 70.601	  3.088	 19.623 -0.141
 72.188	  5.217	 22.339  1.115
 70.075	  4.133	 25.317  1.483
 67.087	  2.064	 24.250 -1.085
 65.016	  5.088	 25.314 -0.300
 66.248	  4.887	 28.929  0.472
 66.687	  8.261	 30.652  1.322
 68.824	  6.755	 33.414 -2.360
 71.331	  5.083	 31.120  0.950
 74.977	  5.687	 32.018 -0.398
 78.168	  4.410	 30.444  0.643
 81.627	  4.876	 31.925 -0.964
 84.527	  5.506	 29.568  0.394
 88.236	  4.701	 29.774 -0.899
 89.207	  8.358	 30.171  0.473
 87.243	  8.826	 33.389 -0.251
 84.261	 10.396	 31.641  1.139
 80.712	  9.068	 31.649 -0.033
 77.900	  9.210	 29.082  0.963
 74.576	 10.295	 30.549  0.863
 70.936	  9.903	 29.628  1.475
 68.655	  9.080	 26.757  1.038
 71.155	 10.590	 24.291  1.172
 74.314	  9.481	 26.154  1.482
 75.952	 12.888	 26.567  1.400
 79.636	 12.941	 27.670  1.248
 80.916	 14.514	 30.929  0.766
 84.288	 15.473	 29.448 -0.574
 82.846	 18.011	 27.017 -0.615
 79.170	 18.627	 27.638  1.167
 78.197	 18.378	 31.290  1.470
 79.802	 18.531	 34.694 -0.196
 79.585	 15.661	 37.166 -0.458
 82.144	 17.197	 39.505 -1.679
 84.652	 14.393	 39.016 -1.918
 85.670	 14.264	 35.354 -0.445
 89.193	 15.389	 34.334 -0.974
 89.328	 17.883	 31.457 -2.256
 85.720	 18.990	 31.980  0.200
 84.631	 21.688	 29.510 -1.709
 80.937	 21.670	 30.487  1.166
 79.871	 23.073	 27.111 -0.619
 76.189	 22.753	 27.959  1.477
 76.793	 24.390	 31.343 -0.852
 74.747	 21.782	 33.171 -0.131
 75.353	 19.173	 35.856 -0.716
 75.313	 15.689	 34.317  1.454
 72.725	 14.622	 36.888 -0.228
 70.284	 16.890	 35.042 -0.928
 70.698	 14.559	 32.057  0.627
 69.360	 11.525	 33.935 -0.021
 65.893	 12.903	 34.675 -0.178
 62.571	 11.447	 33.526  0.270
 62.010	 14.984	 32.187  0.560
 63.959	 15.224	 28.922  1.056
 64.208	 19.021	 29.025 -1.024
 67.901	 19.202	 29.907 -0.269
 69.001	 16.460	 27.531  0.662
 67.228	 18.091	 24.608  0.333
 68.564	 21.585	 25.424 -2.366
 72.053	 20.124	 25.443  1.470
 71.478	 18.057	 22.272  1.002
 70.211	 21.204	 20.550  0.305
 73.537	 22.907	 21.349 -0.615
 75.712	 19.917	 20.457  0.933
 74.032	 19.647	 17.051 -0.482
 74.560	 23.353	 16.412 -0.882
 78.282	 22.687	 15.906 -0.142
 79.403	 22.036	 12.325 -0.491
 79.581	 18.285	 13.004 -0.223
 75.806	 18.255	 13.493  1.114
 74.395	 14.885	 14.569  0.665
 77.670	 13.209	 13.623 -1.180
 78.449	 13.916	 17.274  0.958
 76.551	 10.720	 18.099  1.204
 78.542	  7.796	 16.706 -0.081
 75.596	  5.417	 17.159  0.399
 73.565	  7.775	 14.955  0.981
 76.202	  7.833	 12.215 -2.219
 76.484	  4.044	 12.215 -1.064
 72.825	  3.094	 12.674 -0.573
 70.688	  6.030	 11.515  1.469
 72.510	  8.403	  9.166 -1.062
 71.185	  7.929	  5.631  0.159
 68.413	  5.454	  6.391 -1.076
 64.656	  5.892	  6.262 -0.614
 64.693	  7.551	  9.701  0.143
 61.077	  8.612	  9.302 -0.398
 60.245	  4.935	  9.778 -0.615
 60.907	  5.552	 13.459 -0.044
 57.923	  7.886	 13.807 -0.222
 55.476	  6.365	 11.325 -0.915
 52.500	  4.744	 13.007 -0.748
 52.791	  7.285	 15.803  1.461
 49.774	  9.528	 16.327 -1.586
 51.769	 12.673	 17.025 -0.417
BRIEF 1NBY A 214              
 64.975	 33.291	  6.217       
 62.433	 33.015	  9.025       
 60.606	 36.257	  9.740       
 59.400	 37.080	 13.245       
 56.623	 39.610	 13.574       
 55.986	 41.205	 16.952       
 52.860	 43.054	 18.028       
 51.943	 45.567	 19.097       
 54.906	 47.710	 18.052       
 54.353	 49.669	 21.263       
 52.175	 49.410	 24.332       
 51.719	 51.880	 27.161       
 50.760	 50.559	 30.574       
 50.636	 51.472	 34.241       
 52.932	 49.623	 36.691       
 50.826	 46.873	 38.223       
 49.061	 46.146	 34.942       
 49.684	 42.744	 33.380       
 50.552	 42.408	 29.689       
 50.987	 39.956	 26.838       
 53.405	 40.451	 23.961       
 52.970	 38.558	 20.711       
 55.609	 37.068	 18.437       
 54.626	 35.208	 15.292       
 56.843	 33.133	 13.013       
 56.516	 32.881	  9.213       
 57.408	 29.163	  9.412       
 56.878	 26.716	 12.300       
 59.782	 26.868	 14.743       
 58.431	 24.420	 17.306       
 59.676	 25.616	 20.735       
 62.893	 27.228	 19.505       
 61.887	 30.769	 20.356       
 63.575	 32.965	 22.973       
 62.637	 36.239	 24.672       
 64.972	 39.132	 25.397       
 64.542	 42.399	 27.256       
 66.726	 45.405	 26.424       
 66.397	 48.520	 28.555       
 67.785	 51.907	 27.530       
 71.561	 51.964	 27.213       
 71.885	 48.385	 28.438       
 72.601	 45.109	 26.651       
 69.891	 42.528	 25.882       
 68.938	 40.162	 28.732       
 67.630	 36.642	 28.100       
 64.287	 36.211	 29.962       
 62.730	 32.991	 28.654       
 64.360	 30.259	 26.594       
 62.767	 27.641	 24.353       
 59.372	 29.317	 24.372       
 58.459	 28.606	 27.981       
 61.496	 27.525	 29.961       
 62.337	 29.538	 33.064       
 65.849	 30.787	 33.679       
 67.090	 30.845	 37.266       
 67.514	 34.431	 38.378       
 64.812	 35.998	 36.199       
 61.815	 37.449	 38.161       
 58.867	 35.082	 38.372       
 56.533	 37.663	 36.821       
 57.980	 36.821	 33.390       
 56.599	 33.718	 31.647       
 56.411	 32.421	 28.104       
 53.947	 30.261	 26.186       
 53.234	 29.042	 22.673       
 54.585	 26.663	 20.047       
 54.827	 26.430	 16.281       
 54.273	 29.947	 14.937       
 52.444	 31.648	 17.804       
 54.236	 32.823	 20.935       
 53.388	 35.043	 23.895       
 55.561	 36.678	 26.527       
 53.539	 37.452	 29.631       
 54.408	 39.848	 32.453       
 52.471	 39.530	 35.746       
 51.935	 43.074	 36.959       
 54.605	 45.103	 35.192       
 57.092	 46.769	 37.530       
 58.674	 50.202	 37.331       
 61.943	 48.655	 36.156       
 60.372	 46.628	 33.332       
 59.983	 49.391	 30.772       
 62.038	 49.049	 27.615       
 62.277	 46.843	 24.528       
 61.309	 43.168	 24.257       
 62.473	 40.995	 21.352       
 61.930	 37.374	 20.357       
 64.639	 35.361	 18.558       
 64.385	 31.978	 16.821       
 67.110	 29.340	 16.769       
 65.261	 26.627	 14.831       
 66.983	 27.468	 11.597       
 70.104	 29.296	 10.455       
 70.288	 32.222	 10.110       
 68.967	 32.975	 13.591       
 66.575	 35.923	 13.354       
 64.997	 38.513	 15.645       
 61.531	 40.030	 15.705       
 61.198	 43.800	 15.293       
 60.507	 44.247	 18.982       
 57.715	 45.642	 21.131       
 58.309	 48.763	 23.181       
 56.845	 48.762	 26.690       
 56.271	 52.381	 27.782       
 54.737	 54.188	 30.747       
 51.158	 55.378	 30.503       
 50.294	 58.829	 31.829       
 47.724	 61.551	 31.177       
 47.629	 63.204	 27.762       
 49.438	 66.548	 27.503       
 49.593	 68.921	 24.531       
 53.039	 70.009	 23.339       
 54.499	 73.436	 24.047       
 55.664	 74.666	 20.652       
 58.302	 77.318	 19.963       
 59.702	 78.369	 16.580       
 63.075	 80.034	 15.903       
 64.415	 81.829	 12.832       
 67.996	 81.461	 11.519       
 70.578	 83.242	 13.682       
 72.486	 86.246	 12.319       
 75.644	 84.135	 12.601       
 74.373	 81.219	 10.533       
 73.076	 83.646	  7.899       
 76.495	 85.282	  7.661       
 77.877	 81.795	  7.043       
 75.457	 81.320	  4.179       
 73.076	 78.909	  5.844       
 69.558	 79.148	  7.266       
 68.029	 76.681	  9.735       
 64.536	 77.201	 11.138       
 63.965	 75.335	 14.396       
 60.807	 74.175	 16.035       
 60.656	 72.634	 19.524       
 57.637	 70.577	 20.610       
 58.117	 69.824	 24.283       
 56.561	 67.676	 27.013       
 53.660	 66.062	 25.200       
 51.918	 62.711	 25.617       
 51.217	 60.357	 23.909       
 54.265	 60.128	 21.671       
 52.586	 60.176	 18.270       
 52.543	 63.598	 16.711       
 52.719	 65.062	 13.205       
 54.747	 68.123	 12.239       
 54.255	 69.942	  8.947       
 56.309	 72.829	  7.634       
 54.918	 75.461	  5.304       
 56.807	 78.181	  3.445       
 54.709	 80.953	  1.849       
 51.680	 78.651	  2.091       
 53.289	 75.580	  0.544       
 53.972	 72.411	  2.494       
 57.709	 71.693	  2.638       
 59.339	 68.269	  3.174       
 62.847	 68.633	  1.756       
 65.418	 69.824	  4.258       
 63.392	 68.761	  7.289       
 65.116	 66.667	  9.984       
 63.417	 65.517	 13.177       
 64.795	 64.278	 16.484       
 62.889	 62.685	 19.384       
 63.984	 62.215	 23.026       
 63.237	 58.952	 24.858       
 60.289	 59.001	 27.246       
 61.172	 61.559	 29.931       
 62.448	 60.071	 33.210       
 61.085	 63.059	 35.076       
 57.490	 63.267	 33.885       
 56.981	 60.450	 31.377       
 56.340	 62.860	 28.503       
 58.075	 63.050	 25.114       
 59.777	 65.958	 23.377       
 60.809	 66.608	 19.765       
 62.800	 69.070	 17.634       
 62.058	 69.630	 13.942       
 64.513	 71.570	 11.841       
 64.167	 72.981	  8.355       
 67.569	 73.709	  6.821       
 67.861	 75.895	  3.714       
 70.637	 77.990	  2.198       
 70.701	 81.714	  2.959       
 69.553	 82.345	 -0.619       
 66.501	 80.090	 -0.351       
 65.550	 81.525	  3.027       
 65.701	 85.121	  1.792       
 63.556	 84.278	 -1.206       
 60.554	 83.564	  1.036       
 58.565	 85.292	  3.777       
 56.215	 83.100	  5.795       
 57.664	 80.219	  7.807       
 55.340	 77.906	  9.709       
 55.516	 74.668	 11.647       
 52.195	 73.055	 12.514       
 51.825	 70.295	 15.087       
 48.897	 67.896	 15.089       
 48.409	 65.909	 18.299       
 45.456	 64.001	 19.732       
 45.082	 66.636	 22.455       
 43.173	 68.830	 19.966       
 41.528	 68.614	 16.549       
 43.069	 72.012	 15.841       
 46.787	 71.958	 14.977       
 49.132	 74.137	 17.053       
 50.596	 76.684	 14.672       
 53.782	 78.682	 15.274       
 55.002	 81.067	 12.610       
 56.904	 84.217	 11.719       
 57.419	 86.437	  8.681       
 60.983	 87.111	  7.636       
 60.116	 90.684	  6.570       
 57.719	 91.797	  9.317       
 58.790	 90.644	 12.764       
BRIEF 1NBY B 210              
 81.541	 34.760	 36.681       
 81.753	 34.890	 32.877       
 82.065	 38.376	 31.446       
 82.565	 39.686	 27.899       
 83.869	 42.986	 26.549       
 84.059	 44.367	 22.996       
 86.947	 46.568	 21.901       
 88.230	 48.051	 18.671       
 88.134	 51.084	 16.350       
 84.973	 53.153	 16.717       
 85.366	 54.550	 13.199       
 85.798	 52.726	  9.894       
 86.034	 54.247	  6.407       
 83.827	 52.975	  3.540       
 85.425	 49.999	  1.725       
 87.753	 49.251	  4.636       
 87.694	 46.470	  7.224       
 85.897	 46.572	 10.565       
 87.704	 44.639	 13.339       
 86.391	 43.970	 16.861       
 87.785	 41.920	 19.718       
 85.712	 40.227	 22.401       
 87.655	 39.503	 25.588       
 86.282	 36.569	 27.605       
 86.966	 36.483	 31.343       
 85.848	 34.056	 34.005       
 85.971	 31.047	 31.711       
 87.877	 29.664	 28.715       
 87.096	 30.721	 25.151       
 86.864	 26.982	 24.557       
 84.128	 26.589	 27.204       
 81.281	 27.802	 24.998       
 80.053	 28.784	 21.515       
 80.506	 32.525	 20.885       
 78.531	 35.002	 18.821       
 78.369	 38.471	 17.290       
 75.073	 40.355	 17.122       
 74.613	 43.927	 15.942       
 71.832	 46.430	 16.384       
 71.064	 48.932	 13.628       
 69.186	 52.178	 14.238       
 65.460	 51.511	 14.554       
 65.868	 48.554	 16.924       
 66.836	 46.115	 14.204       
 68.855	 43.176	 15.506       
 70.953	 40.959	 13.252       
 72.587	 37.684	 14.366       
 75.865	 37.940	 12.467       
 77.199	 34.490	 13.265       
 78.871	 32.245	 15.789       
 81.867	 29.994	 16.227       
 81.326	 26.660	 17.993       
 83.658	 24.359	 19.928       
 85.096	 22.616	 16.840       
 86.173	 25.946	 15.376       
 83.412	 25.718	 12.772       
 81.494	 28.898	 12.010       
 78.033	 29.884	 10.832       
 77.661	 33.254	  9.094       
 74.520	 35.214	  8.257       
 73.862	 34.795	  4.506       
 73.253	 38.528	  4.009       
 76.863	 39.063	  5.100       
 78.377	 35.816	  3.879       
 81.680	 36.525	  2.157       
 82.492	 39.735	  4.039       
 82.572	 38.199	  7.505       
 85.029	 36.110	  9.483       
 84.853	 35.013	 13.112       
 88.010	 33.614	 14.711       
 89.415	 32.895	 18.176       
 92.724	 32.949	 20.012       
 92.879	 30.290	 22.732       
 96.003	 31.809	 24.266       
 94.497	 35.238	 24.902       
 91.000	 33.898	 25.500       
 89.456	 36.268	 22.968       
 87.485	 35.875	 19.757       
 87.138	 38.320	 16.907       
 84.974	 39.786	 14.218       
 86.153	 40.906	 10.791       
 83.711	 42.526	  8.368       
 85.205	 43.620	  5.016       
 84.229	 46.277	  2.478       
 81.973	 48.161	  4.833       
 79.528	 50.899	  3.877       
 77.511	 53.453	  5.814       
 74.844	 50.762	  6.305       
 77.241	 48.820	  8.555       
 77.033	 51.585	 11.173       
 75.625	 49.892	 14.295       
 76.158	 48.810	 17.881       
 78.100	 45.565	 17.978       
 77.784	 43.032	 20.780       
 79.585	 39.810	 21.500       
 77.529	 37.240	 23.420       
 77.487	 33.603	 24.385       
 75.551	 31.323	 22.035       
 73.349	 30.514	 25.026       
 72.517	 34.207	 25.341       
 73.232	 34.204	 29.063       
 76.162	 36.583	 28.784       
 76.536	 39.746	 26.728       
 79.217	 42.384	 26.406       
 78.200	 46.024	 26.958       
 78.333	 46.622	 23.224       
 80.417	 49.038	 21.213       
 79.379	 51.480	 18.507       
 81.189	 51.352	 15.182       
 80.400	 54.109	 12.709       
 81.261	 53.864	  9.012       
 82.022	 57.266	  7.487       
 84.586	 59.073	  5.327       
 84.142	 62.313	  7.301       
 87.108	 64.002	  8.978       
 87.099	 65.445	 12.499       
 85.124	 68.688	 12.329       
 84.366	 71.160	 15.136       
 80.732	 72.282	 15.461       
 79.263	 75.671	 14.575       
 77.098	 76.785	 17.488       
 74.147	 79.079	 16.873       
 71.920	 80.888	 19.357       
 68.144	 80.332	 19.109       
 66.160	 83.331	 20.340       
 62.570	 84.539	 19.840       
 61.746	 86.406	 16.635       
 63.027	 89.949	 17.207       
 63.289	 89.480	 20.977       
 59.548	 89.265	 21.567       
 58.883	 87.683	 24.978       
 55.317	 86.314	 25.071       
 53.731	 84.812	 28.175       
 55.177	 84.228	 31.625       
 57.862	 81.913	 30.266       
 60.418	 81.981	 27.478       
 62.117	 79.160	 25.608       
 65.545	 79.719	 24.075       
 67.814	 77.277	 22.331       
 71.138	 76.315	 20.887       
 71.787	 74.701	 17.491       
 74.995	 72.669	 17.187       
 75.701	 71.935	 13.535       
 78.261	 70.282	 11.311       
 80.427	 68.319	 13.717       
 82.145	 64.953	 13.514       
 82.427	 62.576	 15.219       
 79.936	 62.345	 18.072       
 79.669	 63.292	 20.863       
 79.455	 66.881	 22.082       
 78.441	 67.948	 25.564       
 76.125	 70.904	 25.931       
 75.415	 72.868	 29.084       
 73.629	 76.088	 29.938       
 75.349	 78.737	 32.053       
 78.168	 76.310	 32.696       
 75.734	 74.018	 34.465       
 73.993	 76.639	 36.596       
 70.873	 76.419	 34.443       
 69.881	 72.768	 34.464       
 66.121	 72.635	 34.941       
 63.662	 72.916	 32.037       
 66.201	 71.648	 29.519       
 65.680	 69.312	 26.537       
 68.790	 68.273	 24.620       
 67.960	 66.150	 21.581       
 69.798	 63.221	 19.986       
 72.079	 64.165	 17.097       
 71.078	 63.370	 13.507       
 73.250	 63.032	 10.398       
 73.015	 65.929	  7.925       
 75.254	 65.580	  4.873       
 77.683	 63.266	  6.724       
 77.917	 65.620	  9.710       
 76.031	 65.646	 12.998       
 73.555	 68.244	 14.188       
 71.867	 68.576	 17.525       
 69.859	 71.191	 19.400       
 68.938	 71.981	 22.991       
 66.058	 74.065	 24.333       
 65.900	 75.700	 27.782       
 62.772	 77.203	 29.332       
 62.856	 79.870	 32.039       
 60.430	 82.440	 33.494       
 60.054	 85.728	 31.599       
 61.411	 87.488	 34.678       
 64.615	 85.460	 34.264       
 65.596	 86.386	 30.696       
 66.876	 88.766	 29.338       
 67.541	 90.248	 32.790       
 69.990	 87.417	 33.432       
 72.257	 86.274	 30.599       
 71.859	 82.725	 29.327       
 74.760	 81.104	 27.516       
 75.106	 77.807	 25.684       
 78.437	 75.978	 26.224       
 79.400	 73.297	 23.727       
 82.441	 71.032	 24.051       
 83.603	 68.699	 21.272       
 86.346	 66.466	 22.731       
 87.430	 65.014	 19.399       
 88.456	 68.449	 18.174       
 89.497	 69.738	 21.615       
 87.133	 72.677	 21.250       
 84.721	 74.378	 23.608       
 82.657	 77.374	 22.599       
 80.214	 79.593	 24.438       
 77.292	 81.302	 22.797       
 75.363	 83.962	 24.690       
 71.706	 84.135	 23.651       
