BRIEF 1NBZ C 129              
130.066	 73.970	 42.726  1.104
132.227	 74.116	 45.852 -0.449
130.411	 76.133	 48.520 -0.666
132.260	 78.347	 50.949 -1.155
131.477	 77.298	 54.536  0.856
129.435	 80.358	 55.505  1.462
127.856	 80.482	 52.044  0.033
126.591	 76.931	 52.543  0.815
125.381	 77.659	 56.078  1.119
123.265	 80.573	 54.843 -0.809
121.950	 78.433	 51.974 -0.704
121.088	 75.544	 54.285  0.867
119.407	 77.995	 56.640 -0.967
117.363	 79.303	 53.725 -2.382
116.452	 75.723	 52.834 -2.299
115.131	 75.131	 56.355  0.887
117.692	 72.772	 57.913 -1.019
118.352	 74.839	 61.040 -0.466
116.410	 73.024	 63.763 -0.353
114.746	 70.628	 61.320 -0.188
113.512	 67.812	 63.574 -0.612
115.792	 69.066	 66.359 -0.057
119.017	 69.340	 64.352 -0.817
120.793	 72.699	 64.587  0.194
122.438	 74.131	 61.454  0.173
125.894	 73.244	 62.768 -0.065
125.235	 69.533	 62.293  0.443
124.441	 69.975	 58.602  1.086
127.391	 72.216	 57.751  0.258
129.741	 69.818	 59.555  1.480
128.181	 66.842	 57.769  0.945
128.625	 68.514	 54.386  0.716
132.255	 69.367	 55.148 -0.642
133.251	 65.803	 56.002 -0.093
131.063	 64.198	 53.318  1.151
132.120	 66.217	 50.258  1.492
134.148	 69.232	 51.384 -1.132
131.155	 71.344	 50.334 -0.471
131.335	 70.072	 46.736  0.495
127.972	 69.628	 44.988  1.332
129.499	 67.479	 42.224 -2.380
131.150	 64.963	 44.526  1.013
130.522	 61.344	 43.576 -0.357
131.684	 58.123	 45.224  0.703
131.357	 54.644	 43.748 -0.975
130.552	 51.768	 46.102  0.353
131.282	 48.035	 45.867 -0.911
127.599	 47.075	 45.581  0.441
127.186	 48.969	 42.317 -0.366
125.711	 52.006	 44.058  1.142
127.038	 55.562	 43.996  0.026
126.900	 58.449	 46.483  0.949
125.909	 61.831	 45.042  0.869
126.188	 65.463	 46.054  1.484
127.065	 67.756	 48.914  1.022
125.705	 65.155	 51.367  1.145
126.698	 62.000	 49.435  1.491
123.277	 60.347	 49.155  1.442
123.187	 56.663	 48.112  1.257
121.677	 55.501	 44.790  0.781
120.605	 52.141	 46.223 -0.521
118.332	 53.638	 48.771 -0.643
117.565	 57.159	 48.127  1.176
117.784	 58.182	 44.473  1.486
117.557	 56.567	 41.055 -0.139
120.414	 56.767	 38.564 -0.241
118.952	 54.099	 36.301 -1.821
121.917	 51.781	 36.821 -1.708
121.865	 50.581	 40.434 -0.949
120.481	 47.111	 41.337 -0.944
117.934	 46.945	 44.146 -2.355
117.182	 50.651	 43.804  0.367
114.465	 51.888	 46.176 -1.172
114.504	 55.569	 45.266  1.090
113.039	 56.610	 48.620 -0.826
113.447	 60.294	 47.790  1.486
111.719	 59.722	 44.445 -0.651
114.315	 61.776	 42.598 -0.103
116.949	 61.340	 39.866 -0.740
120.386	 61.091	 41.494  1.464
121.490	 63.630	 38.881 -0.295
119.333	 66.199	 40.679 -0.933
121.612	 65.707	 43.690  0.626
124.581	 67.012	 41.725 -0.036
123.240	 70.500	 41.059 -0.186
124.711	 73.839	 42.130  0.224
121.184	 74.273	 43.501  0.551
121.026	 72.332	 46.780  1.070
117.212	 72.145	 46.771 -1.029
117.005	 68.450	 45.877 -0.341
119.789	 67.398	 48.257  0.643
118.093	 69.190	 51.151  0.313
114.648	 67.698	 50.400 -2.382
116.210	 64.213	 50.352  1.480
118.358	 64.814	 53.425  1.030
115.171	 65.808	 55.276  0.333
113.473	 62.558	 54.288 -0.697
116.534	 60.560	 55.373  0.901
116.788	 62.306	 58.746 -0.526
113.047	 61.774	 59.286 -0.981
113.625	 58.053	 59.847 -0.236
114.287	 56.919	 63.413 -0.400
117.993	 56.699	 62.591 -0.317
118.111	 60.485	 62.253  1.123
121.434	 61.939	 61.096  0.663
123.072	 58.653	 62.087 -1.213
122.446	 57.711	 58.467  0.986
125.591	 59.675	 57.563  1.215
128.604	 57.751	 58.870  0.082
130.928	 60.758	 58.522  0.431
128.534	 62.796	 60.656  0.950
128.490	 60.254	 63.509 -2.203
132.263	 59.924	 63.433 -1.082
133.348	 63.559	 63.214 -0.618
130.293	 65.662	 64.045  1.479
127.927	 63.755	 66.326 -1.092
128.247	 65.389	 69.887  0.199
130.706	 67.983	 69.369 -0.519
130.295	 71.757	 69.373 -0.843
128.748	 71.787	 65.888  0.109
127.840	 75.419	 66.505 -0.076
131.516	 76.144	 65.826 -1.010
130.774	 75.563	 62.131 -0.043
128.250	 78.392	 61.951 -0.327
129.353	 81.072	 64.388 -1.015
131.437	 83.759	 62.734 -0.723
129.131	 83.762	 59.699  1.483
126.475	 86.320	 58.647 -1.501
123.285	 84.480	 59.594 -0.215
BRIEF 1NBZ A 214              
102.479	 71.347	 69.515       
103.233	 73.904	 66.814       
100.007	 75.789	 66.134       
 99.235	 76.959	 62.606       
 96.706	 79.755	 62.283       
 95.082	 80.311	 58.912       
 93.102	 83.337	 57.803       
 90.746	 84.383	 56.665       
 88.564	 81.459	 57.763       
 86.538	 81.985	 54.597       
 87.033	 83.944	 51.390       
 84.383	 84.625	 48.748       
 85.649	 85.584	 45.307       
 84.669	 85.622	 41.661       
 86.546	 83.435	 39.127       
 89.322	 85.530	 37.640       
 90.188	 87.264	 40.906       
 93.552	 86.612	 42.532       
 93.823	 85.696	 46.200       
 96.376	 85.248	 48.960       
 95.825	 82.885	 51.875       
 97.724	 83.280	 55.138       
 99.165	 80.679	 57.500       
101.085	 81.734	 60.603       
103.131	 79.484	 62.880       
103.475	 79.823	 66.668       
107.169	 78.881	 66.323       
109.606	 79.467	 63.468       
109.510	 76.570	 61.016       
111.890	 77.981	 58.410       
110.601	 76.682	 55.066       
108.984	 73.496	 56.373       
105.430	 74.510	 55.523       
103.310	 72.737	 52.885       
100.018	 73.656	 51.216       
 97.101	 71.350	 50.484       
 93.858	 71.694	 48.548       
 90.750	 69.570	 49.260       
 87.277	 70.002	 47.575       
 85.298	 68.638	 50.382       
 86.067	 65.438	 52.099       
 87.512	 64.371	 49.127       
 91.486	 63.472	 49.286       
 93.804	 66.440	 49.899       
 96.226	 67.397	 47.069       
 99.720	 68.746	 47.733       
100.046	 72.062	 45.866       
103.256	 73.593	 47.230       
106.015	 71.970	 49.280       
108.605	 73.605	 51.505       
106.973	 77.035	 51.430       
107.646	 77.867	 47.793       
108.737	 74.787	 45.865       
106.716	 74.024	 42.763       
105.419	 70.495	 42.205       
105.461	 69.272	 38.594       
101.892	 68.804	 37.440       
100.312	 71.508	 39.578       
 98.837	 74.513	 37.697       
101.201	 77.488	 37.489       
 98.599	 79.825	 38.996       
 99.447	 78.361	 42.416       
102.503	 79.735	 44.243       
103.765	 80.011	 47.798       
106.040	 82.370	 49.704       
107.221	 83.085	 53.217       
109.653	 81.781	 55.801       
109.856	 81.476	 59.563       
106.356	 82.061	 60.920       
104.558	 83.878	 58.089       
103.438	 82.072	 54.941       
101.194	 82.866	 51.975       
 99.490	 80.717	 49.335       
 98.770	 82.787	 46.225       
 96.336	 81.863	 43.462       
 96.468	 84.259	 40.550       
 93.216	 84.190	 38.646       
 91.200	 81.630	 40.587       
 89.521	 79.137	 38.242       
 86.074	 77.610	 38.708       
 87.658	 74.335	 39.727       
 89.682	 75.986	 42.500       
 86.945	 76.427	 45.085       
 87.204	 74.308	 48.211       
 89.392	 74.054	 51.298       
 93.051	 74.997	 51.651       
 95.252	 73.828	 54.542       
 98.877	 74.385	 55.535       
100.914	 71.702	 57.305       
104.299	 71.971	 59.022       
106.910	 69.207	 59.004       
109.590	 71.018	 60.975       
108.770	 69.292	 64.247       
106.955	 66.168	 65.320       
104.030	 65.990	 65.693       
103.253	 67.332	 62.237       
100.339	 69.757	 62.482       
 97.773	 71.329	 60.140       
 96.230	 74.782	 60.129       
 92.490	 75.204	 60.606       
 92.012	 75.745	 56.894       
 90.555	 78.478	 54.725       
 87.419	 77.962	 52.666       
 87.461	 79.450	 49.161       
 83.843	 80.070	 48.114       
 82.130	 81.554	 45.050       
 80.892	 85.121	 45.264       
 77.469	 86.103	 43.940       
 74.749	 88.694	 44.547       
 73.108	 88.770	 47.976       
 69.789	 86.923	 48.254       
 67.299	 86.715	 51.112       
 66.274	 83.253	 52.309       
 62.814	 81.835	 51.624       
 61.613	 80.676	 55.045       
 58.989	 78.002	 55.734       
 57.891	 76.542	 59.070       
 56.248	 73.197	 59.748       
 54.405	 71.838	 62.782       
 54.837	 68.296	 64.114       
 53.006	 65.713	 61.995       
 50.142	 63.760	 63.548       
 52.246	 60.634	 63.029       
 55.152	 61.884	 65.128       
 52.740	 63.159	 67.794       
 51.069	 59.746	 67.971       
 54.535	 58.348	 68.723       
 55.043	 60.852	 71.531       
 57.444	 63.178	 69.751       
 57.186	 66.700	 68.360       
 59.632	 68.246	 65.907       
 59.086	 71.758	 64.543       
 60.944	 72.287	 61.265       
 62.102	 75.494	 59.640       
 63.642	 75.663	 56.160       
 65.676	 78.699	 55.074       
 66.486	 78.235	 51.390       
 68.601	 79.803	 48.663       
 70.221	 82.690	 50.519       
 73.570	 84.467	 50.156       
 75.918	 85.208	 51.813       
 76.113	 82.100	 53.993       
 76.136	 83.924	 57.324       
 72.726	 83.753	 58.977       
 71.168	 83.573	 62.445       
 68.124	 81.520	 63.377       
 66.313	 82.072	 66.656       
 63.443	 79.986	 68.017       
 60.757	 81.389	 70.296       
 58.099	 79.480	 72.222       
 55.337	 81.532	 73.859       
 57.605	 84.558	 73.559       
 60.657	 82.942	 75.146       
 63.849	 82.307	 73.210       
 64.529	 78.567	 73.018       
 67.936	 76.943	 72.490       
 67.571	 73.462	 73.975       
 66.505	 70.895	 71.409       
 67.545	 72.915	 68.357       
 69.640	 71.184	 65.684       
 70.761	 72.830	 62.458       
 72.083	 71.502	 59.167       
 73.649	 73.466	 56.327       
 74.071	 72.355	 52.711       
 77.300	 73.057	 50.816       
 77.232	 76.055	 48.489       
 74.665	 75.175	 45.802       
 76.179	 73.905	 42.539       
 73.162	 75.304	 40.693       
 73.088	 78.944	 41.824       
 75.860	 79.363	 44.404       
 73.394	 80.093	 47.198       
 73.167	 78.330	 50.563       
 70.297	 76.572	 52.300       
 69.682	 75.517	 55.894       
 67.217	 73.559	 58.038       
 66.644	 74.264	 61.723       
 64.735	 71.734	 63.794       
 63.309	 72.116	 67.290       
 62.613	 68.714	 68.847       
 60.348	 68.457	 71.896       
 58.318	 65.674	 73.470       
 54.604	 65.576	 72.688       
 53.868	 66.765	 76.230       
 56.163	 69.785	 75.942       
 54.738	 70.741	 72.574       
 51.136	 70.625	 73.778       
 52.050	 72.735	 76.797       
 52.693	 75.778	 74.607       
 50.962	 77.727	 71.850       
 53.124	 80.024	 69.724       
 56.132	 78.646	 67.865       
 58.381	 80.991	 65.916       
 61.421	 80.672	 63.623       
 63.234	 84.016	 63.295       
 65.919	 84.465	 60.644       
 68.366	 87.361	 60.714       
 70.268	 87.912	 57.485       
 72.371	 90.600	 55.804       
 69.642	 91.248	 53.227       
 67.353	 93.045	 55.704       
 67.609	 94.867	 59.022       
 64.371	 93.224	 60.154       
 64.304	 89.448	 60.839       
 62.086	 87.231	 58.715       
 59.522	 85.796	 61.114       
 57.565	 82.627	 60.431       
 55.264	 81.099	 63.012       
 52.053	 79.335	 63.938       
 49.852	 78.814	 66.990       
 48.952	 75.267	 68.048       
 45.259	 76.076	 68.466       
 45.167	 76.789	 65.243       
 45.272	 78.695	 62.320       
BRIEF 1NBZ B 210              
101.787	 54.731	 39.007       
101.488	 54.620	 42.809       
 97.962	 54.316	 44.208       
 96.648	 53.789	 47.738       
 93.345	 52.455	 49.057       
 92.003	 52.259	 52.616       
 89.775	 49.379	 53.709       
 88.263	 48.084	 56.927       
 85.108	 48.108	 59.038       
 83.108	 51.326	 58.872       
 81.762	 50.891	 62.392       
 83.600	 50.421	 65.679       
 82.011	 50.229	 69.128       
 83.301	 52.424	 71.987       
 86.246	 50.843	 73.872       
 87.042	 48.516	 70.955       
 89.784	 48.549	 68.336       
 89.719	 50.430	 65.038       
 91.621	 48.614	 62.257       
 92.343	 49.844	 58.738       
 94.403	 48.535	 55.840       
 96.092	 50.595	 53.130       
 96.856	 48.702	 49.945       
 99.814	 50.049	 47.970       
 99.930	 49.407	 44.222       
102.391	 50.633	 41.608       
105.407	 50.424	 43.907       
106.588	 48.489	 46.974       
105.607	 49.334	 50.545       
109.311	 49.900	 51.205       
109.933	 52.523	 48.495       
108.691	 55.446	 50.618       
107.561	 56.374	 54.145       
103.864	 55.795	 54.880       
101.396	 57.835	 56.917       
 97.887	 57.913	 58.356       
 95.922	 61.181	 58.560       
 92.369	 61.661	 59.811       
 89.777	 64.387	 59.170       
 87.198	 64.955	 61.918       
 83.540	 65.925	 61.238       
 84.416	 69.574	 61.810       
 86.950	 69.296	 58.981       
 90.043	 69.573	 61.201       
 93.005	 67.422	 60.125       
 95.277	 65.336	 62.360       
 98.557	 63.706	 61.280       
 98.358	 60.408	 63.180       
101.838	 59.139	 62.396       
104.066	 57.355	 59.927       
106.365	 54.386	 59.496       
109.715	 54.915	 57.774       
112.136	 52.602	 55.945       
113.876	 51.346	 59.111       
110.535	 50.222	 60.516       
110.705	 53.010	 63.071       
107.413	 54.730	 63.781       
106.339	 58.183	 64.897       
102.992	 58.593	 66.627       
101.088	 61.761	 67.485       
101.341	 62.402	 71.263       
 97.582	 63.025	 71.450       
 96.938	 59.402	 70.520       
 98.859	 58.385	 73.582       
 99.632	 55.179	 72.822       
 96.491	 53.757	 71.532       
 98.064	 53.778	 68.076       
100.142	 51.245	 66.145       
101.309	 51.390	 62.550       
102.695	 48.262	 60.918       
103.389	 46.899	 57.450       
103.433	 43.644	 55.520       
106.063	 43.487	 52.786       
104.583	 40.330	 51.272       
101.167	 41.887	 50.619       
102.503	 45.396	 50.084       
100.111	 46.932	 52.598       
100.486	 48.805	 55.863       
 98.010	 49.086	 58.692       
 96.583	 51.313	 61.374       
 95.416	 50.176	 64.799       
 93.740	 52.524	 67.265       
 92.673	 51.030	 70.618       
 89.955	 52.028	 73.083       
 88.127	 54.310	 70.683       
 85.359	 56.711	 71.679       
 82.830	 58.743	 69.702       
 85.557	 61.366	 69.232       
 87.503	 58.976	 66.983       
 84.726	 59.207	 64.391       
 86.365	 60.608	 61.259       
 87.516	 60.067	 57.702       
 90.766	 58.120	 57.615       
 93.328	 58.476	 54.844       
 96.583	 56.750	 54.162       
 99.163	 58.795	 52.283       
102.806	 58.762	 51.325       
105.054	 60.713	 53.676       
105.896	 62.833	 50.637       
102.247	 63.839	 50.420       
102.247	 63.189	 46.692       
 99.916	 60.177	 46.977       
 96.710	 59.816	 49.018       
 94.038	 57.158	 49.324       
 90.415	 58.131	 48.694       
 89.793	 57.980	 52.420       
 87.318	 55.877	 54.342       
 84.863	 56.838	 57.044       
 85.004	 55.073	 60.399       
 82.172	 55.825	 62.801       
 82.402	 55.014	 66.488       
 79.001	 54.246	 68.018       
 77.235	 51.664	 70.194       
 73.985	 52.190	 68.283       
 72.262	 49.234	 66.641       
 70.875	 49.222	 63.100       
 67.645	 51.203	 63.249       
 65.225	 51.963	 60.427       
 64.063	 55.595	 60.190       
 60.669	 57.052	 61.041       
 59.506	 59.206	 58.135       
 57.225	 62.163	 58.766       
 55.365	 64.371	 56.291       
 55.897	 68.129	 56.485       
 52.931	 70.146	 55.250       
 51.812	 73.757	 55.811       
 49.887	 74.561	 58.983       
 46.213	 73.648	 58.457       
 46.708	 72.998	 54.742       
 47.433	 76.485	 53.788       
 48.929	 77.949	 50.803       
 49.990	 81.538	 50.369       
 51.171	 82.657	 46.979       
 52.049	 81.002	 43.715       
 54.345	 78.468	 45.365       
 54.286	 75.943	 48.186       
 57.089	 74.228	 50.066       
 56.557	 70.757	 51.511       
 59.011	 68.584	 53.356       
 59.992	 65.242	 54.763       
 61.590	 64.532	 58.149       
 63.639	 61.313	 58.441       
 64.338	 60.599	 62.101       
 66.045	 58.090	 64.374       
 67.985	 55.897	 61.983       
 71.343	 54.160	 62.110       
 73.692	 53.847	 60.438       
 73.960	 56.291	 57.553       
 72.990	 56.525	 54.783       
 69.439	 56.855	 53.498       
 68.324	 57.854	 50.024       
 65.357	 60.161	 49.700       
 63.403	 60.897	 46.540       
 60.147	 62.707	 45.776       
 57.499	 60.954	 43.673       
 59.977	 58.173	 42.966       
 62.275	 60.659	 41.263       
 59.666	 62.287	 39.028       
 59.800	 65.430	 41.175       
 63.441	 66.504	 41.179       
 63.636	 70.294	 40.768       
 63.330	 72.718	 43.677       
 64.596	 70.110	 46.155       
 66.904	 70.666	 49.153       
 68.042	 67.558	 51.032       
 70.169	 68.401	 54.051       
 73.134	 66.556	 55.586       
 72.139	 64.272	 58.452       
 72.980	 65.207	 62.047       
 73.263	 63.077	 65.189       
 70.397	 63.283	 67.698       
 70.934	 61.075	 70.746       
 73.131	 58.599	 68.825       
 70.717	 58.407	 65.891       
 70.694	 60.319	 62.610       
 68.069	 62.793	 61.461       
 67.766	 64.407	 58.070       
 65.157	 66.474	 56.259       
 64.325	 67.431	 52.688       
 62.166	 70.214	 51.307       
 60.564	 70.421	 47.874       
 59.071	 73.568	 46.368       
 56.434	 73.491	 43.636       
 53.885	 75.899	 42.170       
 50.677	 76.263	 44.188       
 48.907	 74.983	 41.075       
 50.804	 71.689	 41.425       
 49.849	 70.769	 44.993       
 47.528	 69.479	 46.365       
 45.999	 68.867	 42.914       
 48.801	 66.361	 42.237       
 50.039	 64.005	 44.954       
 53.561	 64.439	 46.300       
 55.195	 61.542	 48.110       
 58.414	 61.205	 50.058       
 60.280	 57.929	 49.414       
 62.934	 56.921	 51.918       
 65.235	 53.927	 51.590       
 67.564	 52.721	 54.339       
 69.808	 49.962	 52.870       
 71.240	 48.782	 56.198       
 67.764	 47.871	 57.467       
 66.419	 46.678	 54.114       
 63.625	 49.240	 54.335       
 61.961	 51.641	 51.944       
 58.901	 53.622	 52.935       
 56.615	 56.085	 51.198       
 54.919	 59.002	 52.892       
 52.350	 61.038	 50.984       
 52.168	 64.709	 51.957       
