BRIEF 1NDG C 129              
 61.714	  6.058	 32.865  1.192
 61.522	  3.921	 29.744 -0.487
 59.509	  5.604	 27.000 -0.753
 57.278	  3.746	 24.598 -1.160
 58.271	  4.506	 20.993  0.829
 55.251	  6.614	 20.050  1.473
 55.150	  8.222	 23.491  0.048
 58.679	  9.560	 23.013  0.776
 57.806	 10.613	 19.462  1.163
 54.909	 12.716	 20.746 -0.740
 57.123	 14.197	 23.450 -0.742
 59.992	 14.935	 21.044  0.868
 57.521	 16.555	 18.656 -1.092
 56.284	 18.745	 21.508 -2.441
 59.910	 19.523	 22.319 -2.405
 60.427	 20.880	 18.808  0.887
 62.611	 18.163	 17.286 -1.087
 60.473	 17.661	 14.201 -0.406
 62.610	 19.341	 11.535 -0.492
 65.104	 21.004	 13.867 -0.352
 67.961	 22.244	 11.670 -0.707
 66.723	 19.995	  8.864 -0.089
 66.344	 16.702	 10.743 -0.911
 62.960	 14.940	 10.702  0.111
 61.421	 13.568	 13.909  0.160
 62.206	  9.971	 12.936 -0.126
 65.943	 10.666	 13.133  0.437
 65.615	 11.477	 16.825  1.166
 63.327	  8.569	 17.660  0.259
 65.726	  6.215	 15.856  1.491
 68.756	  7.683	 17.626  0.975
 67.055	  7.338	 21.013  0.740
 66.156	  3.696	 20.335 -0.733
 69.705	  2.608	 19.472 -0.084
 71.396	  4.821	 22.045  1.134
 69.342	  3.715	 25.042  1.503
 66.177	  1.870	 24.013 -1.146
 64.266	  4.981	 25.118 -0.401
 65.667	  4.769	 28.670  0.493
 66.119	  8.168	 30.318  1.341
 68.303	  6.640	 33.044 -2.439
 70.758	  4.877	 30.734  1.016
 74.422	  5.509	 31.553 -0.408
 77.650	  4.321	 29.922  0.689
 81.081	  4.625	 31.510 -1.053
 83.994	  5.368	 29.181  0.349
 87.709	  4.554	 29.366 -0.941
 88.643	  8.240	 29.594  0.431
 86.718	  8.613	 32.836 -0.313
 83.777	 10.290	 31.113  1.147
 80.215	  8.942	 31.168 -0.064
 77.325	  9.089	 28.666  0.979
 73.943	 10.024	 30.114  0.887
 70.287	  9.799	 29.231  1.495
 68.054	  8.761	 26.387  1.057
 70.545	 10.271	 23.912  1.151
 73.734	  9.184	 25.717  1.502
 75.335	 12.618	 26.039  1.453
 78.981	 12.624	 27.216  1.264
 80.281	 14.281	 30.399  0.798
 83.656	 15.239	 28.930 -0.652
 82.200	 17.716	 26.442 -0.625
 78.500	 18.324	 27.080  1.185
 77.514	 18.125	 30.753  1.497
 79.214	 18.247	 34.136 -0.258
 78.980	 15.354	 36.577 -0.566
 81.552	 16.854	 38.915 -0.958
 83.999	 14.019	 38.294 -1.127
 85.029	 14.043	 34.637 -0.989
 88.606	 15.050	 33.686 -1.116
 88.671	 18.134	 31.477 -1.079
 84.923	 18.683	 31.373 -0.606
 83.855	 21.525	 29.098 -0.604
 80.164	 21.430	 30.061  1.155
 79.204	 22.851	 26.653 -0.890
 75.495	 22.412	 27.461  1.497
 75.894	 24.250	 30.771 -0.774
 73.983	 21.607	 32.705 -0.101
 74.562	 18.967	 35.383 -0.687
 74.667	 15.535	 33.746  1.475
 71.980	 14.532	 36.250 -0.301
 69.509	 16.744	 34.367 -0.986
 69.988	 14.300	 31.493  0.662
 68.689	 11.393	 33.591 -0.035
 65.294	 12.959	 34.332 -0.200
 61.991	 11.444	 33.232  0.213
 61.455	 14.956	 31.846  0.510
 63.366	 15.042	 28.523  1.075
 63.619	 18.831	 28.509 -1.027
 67.359	 18.996	 29.275 -0.304
 68.332	 16.112	 26.983  0.693
 66.525	 17.785	 24.083  0.360
 67.994	 21.242	 24.769 -2.441
 71.473	 19.722	 24.822  1.491
 70.867	 17.516	 21.785  1.017
 69.915	 20.657	 19.868  0.322
 73.144	 22.404	 20.814 -0.653
 75.169	 19.350	 19.857  0.901
 73.487	 19.097	 16.459 -0.507
 74.112	 22.841	 16.002 -0.995
 77.814	 22.005	 15.931  1.212
 79.308	 21.677	 12.452 -0.384
 78.660	 17.905	 12.296 -0.360
 74.899	 17.493	 12.686  1.171
 73.649	 14.174	 14.058  0.700
 76.965	 12.524	 13.186 -1.172
 77.851	 13.324	 16.800  0.978
 75.884	 10.185	 17.672  1.222
 77.753	  7.080	 16.512 -0.035
 74.603	  4.960	 16.871  0.384
 72.654	  7.303	 14.591  0.935
 75.522	  7.235	 12.109 -2.222
 75.723	  3.444	 12.224 -1.142
 72.011	  2.615	 12.394 -0.685
 69.837	  5.551	 11.306  1.475
 71.813	  7.632	  8.826 -1.099
 70.644	  7.145	  5.248 -0.157
 67.648	  5.039	  6.265 -1.130
 63.878	  5.477	  6.084 -0.797
 63.855	  7.057	  9.553  0.107
 60.294	  8.259	  8.955 -0.317
 59.373	  4.631	  9.635 -0.770
 60.079	  5.324	 13.310 -0.177
 57.113	  7.685	 13.724 -0.305
 54.833	  6.100	 11.158 -1.057
 51.992	  4.306	 12.902 -0.871
 52.066	  6.832	 15.725  1.482
 49.295	  9.423	 16.009 -1.951
 51.227	 12.701	 16.030 -0.305
BRIEF 1NDG A 214              
 64.483	 32.583	  5.706       
 61.838	 32.234	  8.383       
 60.043	 35.532	  8.899       
 58.844	 36.374	 12.405       
 56.012	 38.904	 12.660       
 55.320	 40.556	 15.998       
 52.233	 42.476	 17.068       
 51.172	 44.901	 18.198       
 53.987	 47.216	 17.117       
 53.432	 49.198	 20.311       
 51.530	 48.302	 23.463       
 50.588	 50.891	 26.083       
 49.837	 49.579	 29.549       
 49.294	 50.743	 33.103       
 51.598	 48.942	 35.544       
 49.686	 46.185	 37.305       
 47.809	 45.034	 34.222       
 48.588	 41.836	 32.338       
 49.461	 41.786	 28.660       
 50.169	 39.281	 25.891       
 52.588	 39.821	 23.007       
 52.316	 37.885	 19.746       
 54.982	 36.444	 17.428       
 54.038	 34.506	 14.299       
 56.443	 32.519	 12.125       
 56.121	 32.177	  8.347       
 56.806	 28.448	  8.765       
 56.468	 25.918	 11.578       
 59.376	 26.091	 14.025       
 58.193	 23.681	 16.704       
 59.091	 25.209	 20.069       
 62.290	 26.851	 18.845       
 61.172	 30.391	 19.568       
 62.930	 32.532	 22.184       
 61.899	 35.820	 23.799       
 64.260	 38.716	 24.457       
 63.822	 41.980	 26.312       
 65.949	 45.006	 25.500       
 65.834	 48.279	 27.363       
 67.293	 51.604	 26.303       
 71.095	 51.604	 26.235       
 71.232	 47.951	 27.305       
 71.959	 44.594	 25.668       
 69.234	 42.009	 24.935       
 68.201	 39.834	 27.881       
 66.881	 36.293	 27.395       
 63.484	 35.890	 29.146       
 62.043	 32.613	 27.827       
 63.709	 29.921	 25.741       
 62.113	 27.260	 23.572       
 58.650	 28.834	 23.605       
 57.850	 28.201	 27.263       
 60.946	 27.256	 29.263       
 61.746	 29.684	 32.067       
 65.214	 31.139	 32.518       
 66.458	 30.787	 36.085       
 66.664	 34.325	 37.405       
 63.861	 35.820	 35.313       
 60.759	 37.095	 37.181       
 57.889	 34.595	 37.279       
 55.404	 37.117	 35.857       
 57.026	 36.371	 32.483       
 55.754	 33.235	 30.753       
 55.649	 31.927	 27.204       
 53.279	 29.682	 25.299       
 52.463	 28.475	 21.811       
 53.994	 26.198	 19.209       
 54.348	 25.746	 15.473       
 53.828	 29.220	 14.002       
 51.976	 31.002	 16.801       
 53.726	 32.140	 19.959       
 52.812	 34.393	 22.860       
 54.829	 36.100	 25.584       
 52.624	 36.833	 28.573       
 53.431	 39.284	 31.328       
 51.176	 38.804	 34.335       
 50.892	 42.269	 35.828       
 53.452	 44.397	 33.994       
 55.781	 46.195	 36.394       
 57.615	 49.530	 36.318       
 60.892	 47.962	 35.205       
 59.274	 45.952	 32.377       
 58.898	 48.717	 29.793       
 61.073	 48.524	 26.698       
 61.457	 46.404	 23.560       
 60.557	 42.730	 23.259       
 61.793	 40.537	 20.414       
 61.211	 36.918	 19.481       
 63.902	 34.875	 17.754       
 63.774	 31.445	 16.106       
 66.591	 28.881	 16.154       
 64.853	 26.127	 14.199       
 66.541	 26.969	 10.916       
 69.701	 28.753	  9.853       
 69.927	 31.639	  9.572       
 68.435	 32.512	 12.956       
 66.023	 35.433	 12.611       
 64.313	 37.990	 14.885       
 60.832	 39.478	 14.807       
 60.465	 43.234	 14.309       
 59.824	 43.708	 18.005       
 57.046	 45.059	 20.201       
 57.500	 48.261	 22.192       
 55.988	 48.086	 25.670       
 55.238	 51.655	 26.772       
 53.772	 53.331	 29.860       
 50.164	 54.466	 29.569       
 49.401	 57.904	 30.974       
 46.825	 60.650	 30.428       
 46.778	 62.313	 27.000       
 48.745	 65.567	 26.741       
 48.977	 68.137	 23.958       
 52.448	 69.135	 22.800       
 53.995	 72.505	 23.622       
 55.060	 73.743	 20.188       
 57.745	 76.370	 19.623       
 59.234	 77.592	 16.360       
 62.590	 79.299	 15.822       
 64.027	 81.155	 12.820       
 67.531	 80.675	 11.410       
 70.166	 82.451	 13.509       
 72.138	 85.393	 12.127       
 75.258	 83.288	 12.526       
 73.985	 80.449	 10.336       
 72.676	 82.784	  7.639       
 76.148	 84.327	  7.432       
 77.518	 80.841	  6.759       
 75.029	 80.588	  3.899       
 72.699	 78.189	  5.679       
 69.210	 78.409	  7.152       
 67.539	 75.963	  9.540       
 64.032	 76.572	 10.887       
 63.465	 74.636	 14.124       
 60.275	 73.458	 15.769       
 60.117	 71.751	 19.163       
 57.027	 69.749	 20.114       
 57.423	 68.886	 23.790       
 55.859	 66.713	 26.454       
 52.972	 65.145	 24.544       
 51.186	 61.793	 24.813       
 50.382	 59.536	 23.070       
 53.533	 59.365	 20.929       
 51.566	 59.384	 17.665       
 51.909	 62.811	 16.077       
 51.973	 64.373	 12.616       
 54.248	 67.310	 11.843       
 53.900	 69.220	  8.596       
 55.987	 72.143	  7.370       
 54.627	 74.821	  5.063       
 56.537	 77.554	  3.245       
 54.355	 80.356	  1.874       
 51.379	 78.061	  2.363       
 52.832	 75.114	  0.455       
 53.633	 71.858	  2.217       
 57.388	 71.234	  2.272       
 58.840	 67.753	  2.832       
 62.363	 68.002	  1.403       
 65.021	 69.215	  3.816       
 63.079	 68.128	  6.893       
 64.767	 66.030	  9.574       
 63.128	 64.815	 12.769       
 64.386	 63.500	 16.084       
 62.299	 61.854	 18.808       
 63.152	 61.211	 22.432       
 62.303	 57.936	 24.152       
 59.389	 58.002	 26.593       
 60.286	 60.561	 29.274       
 61.384	 59.029	 32.572       
 60.158	 62.178	 34.309       
 56.528	 62.224	 33.174       
 56.133	 59.425	 30.617       
 55.474	 61.880	 27.783       
 57.248	 62.161	 24.439       
 59.135	 65.052	 22.861       
 60.131	 65.780	 19.282       
 62.368	 68.177	 17.371       
 61.738	 69.011	 13.713       
 64.153	 70.993	 11.558       
 63.663	 72.388	  8.058       
 67.031	 73.194	  6.495       
 67.380	 75.420	  3.442       
 70.180	 77.496	  1.951       
 70.258	 81.164	  2.928       
 69.098	 82.096	 -0.577       
 66.092	 79.778	 -0.340       
 65.140	 81.086	  3.084       
 65.373	 84.726	  2.041       
 63.222	 83.987	 -1.019       
 60.104	 83.138	  0.989       
 58.052	 84.839	  3.679       
 55.910	 82.521	  5.818       
 57.291	 79.510	  7.660       
 54.965	 77.145	  9.460       
 55.230	 74.129	 11.746       
 51.878	 72.330	 11.926       
 51.297	 69.549	 14.447       
 48.269	 67.258	 14.416       
 47.708	 65.279	 17.597       
 44.906	 63.221	 19.140       
 44.381	 65.898	 21.786       
 42.639	 68.156	 19.245       
 40.842	 67.918	 15.904       
 42.454	 71.226	 14.965       
 46.251	 71.195	 14.415       
 48.555	 73.326	 16.540       
 50.089	 75.935	 14.238       
 53.285	 77.862	 14.971       
 54.627	 80.228	 12.350       
 56.352	 83.482	 11.543       
 56.766	 85.741	  8.520       
 60.062	 87.330	  7.553       
 58.050	 90.443	  6.679       
 57.841	 90.970	 10.445       
 60.326	 91.130	 13.337       
BRIEF 1NDG B 210              
 81.215	 36.711	 37.300       
 81.112	 35.797	 33.609       
 81.639	 38.853	 31.434       
 81.994	 39.633	 27.748       
 83.825	 42.803	 26.774       
 83.659	 44.042	 23.175       
 86.361	 46.230	 21.639       
 87.341	 47.524	 18.235       
 87.493	 50.604	 15.982       
 84.312	 52.601	 16.557       
 84.772	 54.235	 13.154       
 85.396	 52.516	  9.815       
 85.436	 53.931	  6.267       
 83.345	 52.551	  3.386       
 85.055	 49.569	  1.710       
 87.215	 48.995	  4.786       
 86.931	 46.185	  7.297       
 85.023	 46.361	 10.562       
 86.666	 44.401	 13.403       
 85.417	 43.549	 16.878       
 86.881	 41.535	 19.709       
 84.836	 39.810	 22.417       
 86.999	 39.241	 25.483       
 85.529	 36.588	 27.764       
 86.422	 36.526	 31.462       
 85.167	 34.255	 34.228       
 84.632	 31.566	 31.608       
 86.499	 29.852	 28.771       
 85.986	 30.154	 25.001       
 86.332	 26.400	 24.508       
 83.484	 25.986	 27.005       
 80.735	 27.340	 24.739       
 79.608	 28.447	 21.260       
 79.924	 32.171	 20.553       
 77.699	 34.522	 18.578       
 77.595	 37.966	 16.976       
 74.372	 39.964	 16.667       
 73.892	 43.504	 15.316       
 71.130	 46.068	 15.954       
 70.455	 48.605	 13.187       
 69.359	 52.244	 13.884       
 65.652	 51.402	 13.758       
 65.638	 48.567	 16.308       
 66.134	 45.821	 13.749       
 68.148	 42.854	 15.012       
 70.156	 40.558	 12.753       
 71.879	 37.356	 13.834       
 75.227	 37.519	 12.036       
 76.609	 34.115	 12.929       
 78.233	 31.903	 15.534       
 81.256	 29.664	 16.026       
 80.902	 26.293	 17.770       
 83.189	 24.396	 20.130       
 84.780	 22.584	 17.185       
 85.578	 25.847	 15.419       
 82.856	 25.405	 12.810       
 81.230	 28.662	 11.746       
 77.744	 29.519	 10.555       
 77.307	 32.800	  8.728       
 74.140	 34.602	  7.786       
 73.817	 34.566	  3.956       
 72.692	 38.202	  4.106       
 76.345	 38.992	  4.793       
 77.523	 37.308	  1.594       
 81.169	 36.307	  2.054       
 82.053	 39.475	  3.963       
 81.937	 37.918	  7.417       
 84.556	 35.975	  9.310       
 84.323	 34.759	 12.905       
 87.417	 33.367	 14.593       
 88.594	 32.604	 18.119       
 91.795	 32.492	 20.147       
 91.671	 29.859	 22.890       
 94.834	 31.144	 24.552       
 93.494	 34.701	 24.869       
 89.911	 33.619	 25.481       
 88.516	 35.913	 22.816       
 86.538	 35.468	 19.609       
 86.494	 37.975	 16.791       
 84.134	 39.330	 14.180       
 85.444	 40.720	 10.906       
 83.155	 42.243	  8.276       
 84.834	 43.477	  5.085       
 83.781	 45.863	  2.316       
 81.431	 47.707	  4.672       
 79.106	 50.518	  3.578       
 77.108	 53.042	  5.608       
 74.454	 50.305	  5.936       
 76.752	 48.386	  8.279       
 76.498	 51.149	 10.890       
 75.029	 49.402	 13.921       
 75.406	 48.388	 17.550       
 77.296	 45.091	 17.569       
 76.919	 42.489	 20.320       
 78.706	 39.264	 21.128       
 77.065	 36.596	 23.262       
 77.240	 32.920	 23.989       
 75.013	 30.761	 21.796       
 72.734	 30.133	 24.788       
 72.014	 33.860	 24.876       
 72.573	 33.928	 28.639       
 75.717	 36.085	 28.425       
 75.940	 39.283	 26.354       
 78.602	 41.882	 25.666       
 77.934	 45.564	 26.399       
 77.409	 46.478	 22.754       
 79.630	 48.597	 20.549       
 78.323	 51.096	 18.019       
 80.463	 50.877	 14.899       
 79.869	 53.733	 12.481       
 80.757	 53.425	  8.811       
 81.507	 56.829	  7.305       
 84.009	 58.600	  5.066       
 83.558	 61.825	  7.027       
 86.555	 63.480	  8.662       
 86.564	 64.939	 12.160       
 84.618	 68.194	 11.987       
 83.883	 70.693	 14.747       
 80.210	 71.658	 15.212       
 78.595	 75.010	 14.485       
 76.462	 76.113	 17.425       
 73.464	 78.288	 16.675       
 71.202	 79.993	 19.223       
 67.453	 79.375	 19.007       
 65.395	 82.292	 20.295       
 61.831	 83.551	 19.696       
 61.483	 85.348	 16.359       
 60.509	 88.743	 17.751       
 62.806	 88.256	 20.734       
 59.572	 88.722	 22.660       
 58.095	 86.151	 25.053       
 54.415	 85.238	 25.323       
 52.929	 83.583	 28.387       
 54.251	 82.378	 31.735       
 57.198	 80.540	 30.190       
 59.721	 80.716	 27.378       
 61.489	 77.972	 25.466       
 64.926	 78.655	 24.018       
 67.149	 76.290	 22.094       
 70.529	 75.360	 20.704       
 71.233	 73.866	 17.275       
 74.505	 71.907	 17.048       
 75.049	 71.333	 13.340       
 77.651	 69.642	 11.167       
 79.907	 67.754	 13.576       
 81.692	 64.419	 13.323       
 82.062	 62.020	 14.896       
 79.706	 61.766	 17.840       
 79.367	 62.624	 20.562       
 78.997	 66.181	 21.803       
 78.167	 67.210	 25.342       
 75.642	 70.008	 25.696       
 74.873	 71.938	 28.857       
 72.964	 75.123	 29.665       
 74.725	 77.824	 31.692       
 77.563	 75.410	 32.427       
 75.017	 73.154	 34.099       
 73.481	 75.709	 36.457       
 70.385	 75.470	 34.270       
 69.354	 71.818	 34.340       
 65.546	 71.735	 34.557       
 63.114	 71.854	 31.640       
 65.737	 70.620	 29.189       
 65.165	 68.396	 26.162       
 68.247	 67.240	 24.269       
 67.376	 65.227	 21.186       
 69.334	 62.355	 19.597       
 71.572	 63.496	 16.744       
 70.485	 62.829	 13.162       
 72.664	 62.435	 10.071       
 72.595	 65.443	  7.750       
 74.883	 65.354	  4.725       
 77.267	 62.850	  6.377       
 77.558	 65.036	  9.474       
 75.591	 65.033	 12.722       
 73.088	 67.634	 13.843       
 71.593	 67.836	 17.302       
 69.270	 70.256	 19.052       
 68.303	 70.969	 22.636       
 65.420	 72.941	 24.068       
 65.348	 74.559	 27.492       
 62.190	 75.953	 29.053       
 62.234	 78.577	 31.797       
 59.741	 80.936	 33.438       
 59.217	 84.233	 31.594       
 60.737	 86.023	 34.587       
 64.014	 84.171	 34.026       
 64.696	 85.277	 30.456       
 65.882	 87.672	 29.157       
 66.331	 88.918	 32.751       
 69.168	 86.441	 33.095       
 71.681	 85.245	 30.531       
 71.205	 81.727	 29.165       
 74.139	 80.161	 27.370       
 74.470	 76.932	 25.435       
 77.754	 75.118	 26.161       
 78.874	 72.568	 23.587       
 81.983	 70.412	 23.772       
 83.196	 68.127	 20.984       
 86.205	 66.143	 22.322       
 87.173	 64.706	 18.941       
 87.872	 68.205	 17.618       
 89.244	 69.672	 20.843       
 86.506	 72.305	 20.677       
 84.205	 73.886	 23.233       
 81.855	 76.742	 22.417       
 79.502	 78.837	 24.508       
 76.542	 80.472	 22.799       
 74.497	 83.093	 24.629       
 70.890	 83.149	 23.426       
