BRIEF 1NDM C 129              
 82.332	 51.899	 26.689  1.155
 84.505	 51.590	 23.579 -0.513
 82.668	 49.640	 20.866 -0.534
 84.490	 47.330	 18.503 -1.231
 84.170	 48.300	 14.825  0.829
 81.834	 45.476	 13.756  1.459
 80.088	 45.613	 17.133  0.040
 79.076	 49.245	 16.583  0.828
 78.182	 48.335	 13.010  1.137
 75.779	 45.623	 14.169 -0.717
 74.556	 47.997	 16.872 -0.757
 73.883	 50.920	 14.520  0.862
 72.166	 48.564	 12.077 -1.024
 69.822	 47.232	 14.755 -2.375
 69.207	 50.855	 15.738 -2.319
 68.303	 51.535	 12.112  0.904
 70.901	 53.980	 10.779 -0.935
 71.764	 51.769	  7.794 -0.390
 70.385	 53.677	  4.816 -0.417
 68.553	 56.194	  7.010 -0.343
 67.600	 59.070	  4.718 -0.556
 70.121	 57.740	  2.170 -0.052
 73.192	 57.357	  4.434 -0.848
 74.868	 53.931	  4.325  0.109
 75.851	 52.161	  7.551  0.172
 79.514	 52.702	  6.678 -0.134
 79.003	 56.461	  6.814  0.435
 77.792	 56.219	 10.410  1.086
 80.548	 53.826	 11.460  0.261
 83.184	 56.029	  9.795  1.476
 81.770	 59.118	 11.479  0.971
 81.746	 57.479	 14.923  0.744
 85.373	 56.425	 14.392 -0.657
 86.728	 59.859	 13.567 -0.130
 84.329	 61.647	 15.904  1.125
 85.016	 59.676	 19.090  1.488
 87.061	 56.585	 18.246 -1.077
 83.943	 54.588	 19.147 -0.398
 83.946	 55.890	 22.751  0.463
 80.486	 56.448	 24.241  1.330
 81.918	 58.748	 26.907 -2.369
 83.931	 60.921	 24.514  0.976
 83.760	 64.538	 25.697 -0.355
 85.176	 67.782	 24.270  0.698
 84.838	 71.362	 25.513 -1.015
 84.681	 73.940	 22.717  0.373
 86.012	 77.522	 22.666 -0.927
 82.576	 78.758	 23.740  0.448
 80.677	 77.022	 26.522 -0.271
 79.364	 74.106	 24.493  1.159
 80.529	 70.515	 24.808 -0.055
 80.246	 67.557	 22.445  0.975
 79.124	 64.305	 24.102  0.841
 78.930	 60.689	 23.027  1.481
 79.999	 58.371	 20.271  1.047
 78.830	 61.001	 17.787  1.142
 79.848	 64.131	 19.699  1.488
 76.476	 65.861	 19.826  1.439
 76.824	 69.501	 20.899  1.255
 75.315	 71.004	 24.080  0.839
 74.634	 74.388	 22.467 -0.545
 72.028	 73.031	 20.072 -0.613
 71.052	 69.402	 20.697  1.177
 71.269	 68.515	 24.399  1.483
 71.172	 70.188	 27.829 -0.208
 74.234	 70.038	 30.092 -0.243
 73.185	 72.871	 32.408 -2.014
 76.304	 74.963	 31.811 -1.880
 76.037	 76.219	 28.238 -1.052
 74.913	 79.728	 27.246 -1.001
 72.093	 79.919	 24.707 -1.911
 71.358	 76.178	 24.799 -0.214
 68.288	 74.993	 22.860 -1.289
 68.109	 71.270	 23.609  1.122
 66.463	 70.362	 20.307 -0.809
 66.666	 66.665	 21.195  1.483
 64.965	 67.336	 24.550 -0.620
 67.478	 65.116	 26.288 -0.146
 70.105	 65.627	 28.999 -0.602
 73.618	 65.646	 27.559  1.460
 74.325	 62.962	 30.178 -0.291
 72.067	 60.476	 28.367 -0.841
 74.280	 60.727	 25.279  0.670
 77.130	 59.111	 27.210 -0.077
 75.376	 55.854	 28.092 -0.180
 76.563	 52.438	 26.906  0.256
 73.138	 52.158	 25.334  0.497
 73.324	 54.194	 22.130  1.069
 69.538	 54.656	 21.824 -1.018
 69.407	 58.321	 22.816 -0.345
 72.506	 59.068	 20.710  0.665
 70.953	 57.468	 17.628  0.328
 67.565	 59.122	 18.159 -2.374
 69.208	 62.542	 18.327  1.476
 71.484	 61.833	 15.359  1.006
 68.443	 60.946	 13.265  0.305
 66.928	 64.336	 14.031 -0.662
 70.210	 66.070	 13.246  0.918
 70.697	 64.389	  9.875 -0.507
 67.035	 65.015	  8.946 -1.004
 67.993	 68.664	  8.379 -0.141
 68.907	 69.931	  4.914 -0.350
 72.671	 69.657	  5.356 -0.259
 72.391	 66.027	  6.426  1.122
 75.580	 64.472	  7.784  0.679
 77.610	 67.568	  6.962 -1.120
 76.601	 68.494	 10.517  0.970
 79.440	 66.250	 11.707  1.212
 82.694	 68.054	 10.904  0.066
 84.817	 64.912	 11.382  0.472
 82.587	 63.157	  8.860  0.945
 82.958	 65.934	  6.266 -2.233
 86.743	 66.007	  6.520 -1.089
 87.421	 62.273	  6.690 -0.715
 84.447	 60.201	  5.535  1.475
 82.463	 62.242	  3.010 -1.075
 83.179	 61.145	 -0.540 -0.137
 85.409	 58.267	  0.542 -0.503
 84.406	 54.624	  0.164 -0.741
 82.975	 54.272	  3.665  0.566
 81.781	 50.769	  2.783 -0.069
 85.188	 49.518	  3.931 -0.965
 84.214	 50.364	  7.508  0.052
 81.732	 47.481	  7.652 -0.204
 84.075	 45.354	  5.540 -0.998
 84.727	 42.017	  7.212 -0.656
 81.684	 42.233	  9.467  1.479
 79.127	 39.427	  9.204 -1.690
 75.973	 41.502	  9.611 -0.199
BRIEF 1NDM A 214              
 58.055	 55.910	 -2.344       
 57.920	 53.334	  0.415       
 54.476	 51.743	  0.518       
 53.168	 50.626	  3.915       
 50.412	 48.008	  3.837       
 48.226	 47.288	  6.846       
 46.066	 44.142	  6.874       
 43.350	 43.472	  7.746       
 41.794	 46.896	  7.184       
 39.300	 46.026	  9.925       
 39.699	 43.908	 13.026       
 36.898	 42.918	 15.410       
 37.789	 42.269	 19.040       
 36.121	 41.513	 22.366       
 37.247	 43.527	 25.417       
 39.597	 41.416	 27.492       
 41.167	 39.641	 24.521       
 44.370	 40.676	 22.747       
 45.131	 41.656	 19.157       
 48.051	 42.120	 16.793       
 48.122	 44.706	 14.009       
 50.262	 44.196	 10.928       
 52.226	 46.791	  8.921       
 54.463	 45.728	  6.032       
 56.826	 47.969	  4.040       
 57.586	 47.626	  0.330       
 61.210	 48.387	  1.241       
 63.235	 47.564	  4.341       
 63.111	 50.538	  6.717       
 64.941	 48.961	  9.664       
 63.342	 50.312	 12.873       
 61.992	 53.538	 11.420       
 58.324	 52.608	 11.838       
 55.979	 54.443	 14.230       
 52.442	 53.615	 15.418       
 49.536	 56.031	 15.920       
 46.082	 55.776	 17.474       
 43.390	 58.043	 16.019       
 39.871	 58.642	 17.320       
 37.097	 60.509	 15.527       
 37.317	 64.316	 15.801       
 40.888	 63.940	 17.051       
 44.496	 64.153	 15.950       
 46.663	 61.007	 15.822       
 48.297	 60.032	 19.109       
 51.820	 58.531	 18.957       
 51.889	 55.101	 20.625       
 55.286	 53.635	 19.791       
 58.242	 55.200	 17.985       
 61.071	 53.456	 16.155       
 59.290	 50.084	 16.011       
 59.423	 49.274	 19.719       
 60.465	 52.291	 21.799       
 57.618	 53.117	 24.180       
 56.033	 56.535	 24.706       
 55.444	 58.281	 28.022       
 51.792	 58.189	 29.065       
 50.870	 55.312	 26.741       
 49.304	 52.304	 28.576       
 51.872	 49.527	 28.886       
 49.469	 47.105	 27.222       
 50.453	 48.549	 23.834       
 53.785	 47.254	 22.456       
 55.584	 47.149	 19.130       
 58.018	 44.676	 17.569       
 59.451	 43.834	 14.143       
 62.234	 45.101	 11.870       
 63.024	 45.588	  8.205       
 59.715	 45.044	  6.396       
 57.448	 43.315	  8.950       
 56.063	 45.187	 11.942       
 53.512	 44.485	 14.642       
 51.563	 46.598	 17.123       
 50.298	 44.474	 20.008       
 47.488	 45.467	 22.353       
 47.348	 43.120	 25.339       
 43.893	 42.855	 26.962       
 41.966	 45.310	 24.778       
 39.877	 47.901	 26.586       
 36.831	 49.897	 25.507       
 38.772	 53.093	 24.766       
 41.236	 51.209	 22.550       
 38.718	 51.203	 19.758       
 39.367	 53.386	 16.729       
 41.911	 53.775	 13.902       
 45.552	 52.617	 13.995       
 48.176	 53.832	 11.537       
 51.873	 53.105	 10.977       
 54.302	 55.561	  9.363       
 57.890	 55.397	  8.195       
 60.576	 58.072	  8.488       
 63.387	 56.028	  6.945       
 63.201	 57.802	  3.579       
 61.647	 60.980	  2.228       
 58.760	 61.364	  1.721       
 57.514	 59.985	  5.052       
 54.491	 57.821	  4.231       
 51.575	 56.306	  6.186       
 49.895	 52.913	  6.024       
 46.232	 52.810	  4.947       
 45.206	 52.051	  8.514       
 43.487	 49.290	 10.465       
 40.111	 49.786	 12.119       
 39.850	 48.274	 15.601       
 36.136	 47.711	 16.325       
 34.019	 46.068	 19.038       
 32.864	 42.519	 18.398       
 29.226	 41.765	 19.247       
 26.561	 39.282	 18.170       
 25.359	 39.700	 14.575       
 22.073	 41.563	 14.189       
 19.677	 42.035	 11.313       
 18.963	 45.621	 10.238       
 15.582	 47.259	 10.875       
 14.652	 48.512	  7.405       
 12.263	 51.398	  6.712       
 11.386	 52.973	  3.372       
 10.007	 56.500	  2.872       
  8.464	 58.029	 -0.278       
  9.240	 61.531	 -1.612       
  7.542	 64.109	  0.613       
  4.759	 66.346	 -0.722       
  6.918	 69.436	 -0.281       
  9.847	 68.036	 -2.250       
  7.558	 66.761	 -5.005       
  6.148	 70.294	 -5.175       
  9.625	 71.429	 -6.216       
 10.278	 68.859	 -8.955       
 12.485	 66.639	 -6.823       
 11.839	 63.104	 -5.569       
 13.951	 61.156	 -3.100       
 13.039	 57.729	 -1.775       
 14.847	 57.179	  1.523       
 15.703	 53.834	  3.090       
 17.060	 53.390	  6.616       
 18.676	 50.099	  7.689       
 19.408	 50.541	 11.366       
 21.216	 48.849	 14.212       
 22.871	 45.915	 12.461       
 26.136	 43.981	 12.856       
 28.553	 43.285	 11.231       
 28.950	 46.394	  9.037       
 29.016	 44.529	  5.711       
 25.635	 44.889	  4.035       
 24.227	 44.659	  0.510       
 21.459	 47.131	 -0.288       
 19.809	 47.056	 -3.703       
 17.243	 49.401	 -5.255       
 14.537	 48.199	 -7.646       
 12.064	 50.234	 -9.689       
  9.368	 48.021	-11.206       
 11.557	 44.963	-10.762       
 14.423	 46.602	-12.648       
 17.551	 47.209	-10.620       
 18.584	 50.882	-10.439       
 22.217	 51.836	 -9.776       
 22.367	 55.487	-10.852       
 21.208	 58.237	 -8.504       
 21.760	 56.180	 -5.332       
 23.848	 57.583	 -2.474       
 24.687	 55.865	  0.807       
 25.836	 56.969	  4.241       
 26.858	 54.923	  7.294       
 27.196	 55.937	 10.958       
 30.182	 54.921	 13.127       
 29.864	 51.840	 15.319       
 27.506	 52.886	 18.117       
 29.172	 53.461	 21.508       
 26.408	 51.659	 23.341       
 25.008	 48.716	 21.350       
 28.040	 48.481	 19.054       
 25.837	 48.388	 15.932       
 26.050	 50.242	 12.631       
 23.214	 52.008	 10.842       
 22.905	 52.908	  7.187       
 21.037	 55.420	  5.082       
 20.403	 54.816	  1.364       
 18.696	 57.423	 -0.820       
 17.388	 57.148	 -4.385       
 17.037	 60.602	 -5.891       
 15.098	 61.201	 -9.095       
 13.328	 64.147	-10.715       
  9.568	 64.334	-10.229       
  9.313	 63.780	-13.990       
 10.825	 60.294	-13.730       
  9.502	 59.251	-10.307       
  5.955	 59.582	-11.657       
  6.631	 57.335	-14.665       
  7.080	 54.258	-12.446       
  4.872	 52.366	 -9.957       
  6.817	 50.385	 -7.362       
  9.978	 51.408	 -5.544       
 11.834	 48.762	 -3.538       
 14.700	 48.822	 -0.993       
 16.285	 45.384	 -0.753       
 18.895	 44.473	  1.837       
 20.823	 41.221	  2.068       
 22.801	 40.733	  5.249       
 24.876	 37.995	  6.863       
 22.070	 37.470	  9.387       
 19.861	 35.780	  6.750       
 19.881	 34.148	  3.298       
 16.461	 35.727	  2.866       
 16.689	 39.422	  1.973       
 14.785	 42.113	  3.849       
 12.433	 43.761	  1.364       
 10.733	 47.106	  1.881       
  8.544	 48.475	 -0.887       
  5.555	 50.702	 -1.703       
  3.518	 51.520	 -4.804       
  2.900	 55.092	 -5.929       
 -0.321	 56.486	 -4.467       
 -1.414	 53.136	 -3.016       
 -1.327	 51.797	  0.553       
BRIEF 1NDM B 210              
 55.168	 70.575	 27.154       
 54.091	 72.295	 23.939       
 50.667	 73.138	 22.458       
 49.741	 73.666	 18.775       
 46.636	 74.912	 16.922       
 45.700	 75.348	 13.269       
 43.596	 78.276	 11.995       
 42.501	 79.608	  8.599       
 39.485	 79.688	  6.193       
 37.350	 76.531	  6.248       
 36.345	 77.151	  2.627       
 38.669	 77.753	 -0.320       
 37.773	 78.043	 -4.001       
 39.355	 75.952	 -6.794       
 42.592	 77.442	 -8.166       
 42.784	 79.818	 -5.190       
 45.525	 79.352	 -2.679       
 44.930	 77.679	  0.651       
 46.617	 79.176	  3.737       
 46.694	 77.931	  7.339       
 48.405	 79.119	 10.531       
 49.792	 76.961	 13.335       
 50.231	 78.790	 16.646       
 52.681	 77.223	 19.093       
 53.111	 77.617	 22.857       
 55.517	 75.856	 25.204       
 58.528	 75.876	 22.888       
 60.223	 78.311	 20.511       
 59.395	 77.923	 16.822       
 62.949	 78.625	 15.542       
 64.142	 76.177	 18.191       
 62.765	 73.095	 16.400       
 61.411	 71.020	 13.449       
 57.749	 71.515	 12.460       
 55.273	 69.621	 10.296       
 52.001	 69.589	  8.381       
 49.953	 66.426	  7.869       
 46.553	 66.153	  6.211       
 43.850	 63.514	  6.483       
 41.539	 62.979	  3.505       
 37.767	 62.246	  3.766       
 38.468	 58.556	  3.187       
 40.532	 58.757	  6.380       
 43.902	 58.297	  4.595       
 46.776	 60.366	  6.062       
 49.356	 62.211	  3.974       
 52.577	 63.706	  5.302       
 52.797	 67.126	  3.657       
 56.247	 68.295	  4.692       
 58.450	 69.825	  7.348       
 60.900	 72.641	  7.995       
 63.972	 72.147	 10.220       
 66.622	 74.258	 12.014       
 68.691	 75.489	  9.053       
 65.445	 76.760	  7.576       
 65.543	 73.924	  5.071       
 62.232	 72.344	  4.113       
 61.189	 68.956	  2.763       
 57.990	 68.795	  0.709       
 56.118	 65.738	 -0.393       
 56.492	 65.201	 -4.157       
 52.790	 64.305	 -4.231       
 52.204	 68.032	 -3.786       
 53.943	 68.799	 -7.081       
 55.747	 71.854	 -5.679       
 52.502	 73.638	 -4.747       
 53.360	 73.766	 -1.037       
 55.247	 76.406	  0.900       
 56.108	 76.075	  4.616       
 57.368	 79.200	  6.353       
 58.002	 80.255	  9.939       
 57.094	 83.717	 11.242       
 59.905	 86.102	 12.178       
 58.566	 86.846	 15.652       
 55.088	 85.550	 16.511       
 55.933	 81.905	 17.188       
 53.643	 80.643	 14.424       
 54.556	 78.868	 11.187       
 52.454	 78.642	  8.053       
 51.158	 76.366	  5.320       
 50.383	 77.723	  1.861       
 49.128	 75.481	 -0.927       
 48.629	 76.788	 -4.460       
 46.151	 75.784	 -7.148       
 43.877	 73.608	 -5.059       
 41.027	 71.384	 -6.285       
 38.438	 69.341	 -4.406       
 41.162	 66.704	 -3.974       
 42.631	 69.004	 -1.327       
 39.468	 68.853	  0.792       
 40.634	 67.485	  4.154       
 41.485	 67.962	  7.803       
 44.857	 69.645	  8.214       
 47.092	 69.148	 11.243       
 50.309	 70.854	 12.212       
 52.497	 68.773	 14.549       
 56.030	 68.789	 15.880       
 58.500	 66.690	 13.888       
 58.762	 64.392	 16.927       
 55.165	 63.422	 16.077       
 54.381	 63.723	 19.804       
 52.446	 66.976	 19.934       
 49.715	 67.733	 17.425       
 47.209	 70.518	 16.949       
 43.500	 69.604	 17.120       
 43.295	 69.789	 13.331       
 41.096	 72.010	 11.181       
 38.884	 71.181	  8.197       
 39.089	 72.863	  4.809       
 36.890	 72.237	  1.807       
 37.750	 73.212	 -1.762       
 34.628	 74.004	 -3.769       
 33.212	 76.687	 -6.063       
 29.705	 76.156	 -4.719       
 27.744	 79.043	 -3.210       
 26.124	 79.284	  0.214       
 22.783	 77.491	 -0.037       
 20.199	 76.964	  2.691       
 19.011	 73.345	  2.858       
 15.582	 72.124	  1.855       
 14.182	 70.187	  4.826       
 11.661	 67.425	  4.212       
  9.578	 65.544	  6.807       
  9.668	 61.760	  6.350       
  6.435	 60.145	  7.525       
  5.954	 56.361	  7.219       
  4.363	 54.854	  4.105       
  0.554	 54.834	  4.306       
 -1.160	 51.847	  5.863       
 -1.739	 49.817	  9.047       
  0.114	 49.745	 12.335       
  2.614	 47.158	 11.033       
  4.844	 47.116	 14.108       
  5.356	 47.755	 17.814       
  7.631	 50.737	 17.186       
  7.694	 53.343	 14.427       
 10.566	 55.173	 12.779       
 10.260	 58.618	 11.244       
 12.763	 60.631	  9.282       
 14.046	 64.023	  8.242       
 15.805	 64.763	  4.958       
 18.219	 67.711	  4.664       
 19.026	 68.310	  1.009       
 20.853	 70.810	 -1.193       
 22.913	 72.887	  1.248       
 26.402	 74.415	  1.328       
 28.800	 74.746	  2.969       
 28.753	 72.335	  5.877       
 27.649	 71.966	  8.552       
 24.055	 71.738	  9.751       
 22.844	 70.873	 13.220       
 19.755	 68.679	 13.382       
 17.739	 67.911	 16.483       
 14.431	 66.230	 17.217       
 11.817	 68.058	 19.284       
 14.474	 70.675	 19.994       
 16.742	 68.082	 21.609       
 14.055	 66.574	 23.854       
 14.153	 63.390	 21.798       
 17.666	 61.914	 21.606       
 17.175	 58.171	 22.102       
 16.596	 56.022	 19.034       
 18.101	 58.682	 16.803       
 20.410	 58.050	 13.862       
 21.854	 61.050	 12.038       
 23.997	 60.126	  9.047       
 27.163	 61.893	  7.810       
 26.566	 64.272	  4.906       
 27.369	 63.213	  1.370       
 28.005	 65.512	 -1.561       
 25.149	 65.348	 -4.058       
 25.090	 67.371	 -7.277       
 27.785	 69.705	 -5.875       
 25.667	 70.355	 -2.748       
 25.470	 68.371	  0.515       
 22.671	 66.091	  1.728       
 22.084	 64.308	  4.999       
 19.203	 62.602	  6.758       
 18.226	 61.502	 10.289       
 15.837	 58.834	 11.579       
 14.083	 58.658	 14.932       
 12.409	 55.539	 16.292       
  9.679	 55.638	 18.962       
  6.813	 53.522	 20.319       
  4.115	 53.434	 17.595       
  1.311	 54.539	 19.898       
  3.187	 57.759	 20.689       
  3.088	 59.258	 17.181       
  1.358	 61.404	 16.100       
 -0.312	 61.700	 19.529       
  2.947	 63.050	 20.953       
  4.223	 65.255	 18.171       
  7.701	 64.884	 16.703       
  9.425	 67.808	 14.983       
 12.685	 67.939	 13.054       
 14.755	 71.084	 13.666       
 17.609	 72.003	 11.318       
 20.006	 74.936	 11.598       
 22.589	 76.009	  9.035       
 25.151	 78.663	 10.239       
 26.364	 79.740	  6.779       
 22.892	 80.901	  5.701       
 21.735	 81.907	  9.189       
 18.633	 79.727	  8.862       
 16.869	 77.290	 11.198       
 13.675	 75.467	 10.268       
 11.169	 73.163	 11.920       
  9.374	 70.338	 10.145       
  6.654	 68.482	 12.028       
  6.417	 64.845	 10.939       
