BRIEF 1NSN S 138              
320.643	  1.519	100.538  0.559
323.896	  2.620	 98.881 -0.938
322.555	  0.001	 96.447 -0.927
321.936	  1.676	 93.112 -1.745
320.368	  4.654	 91.396 -2.050
319.734	  5.255	 87.764 -0.866
321.050	  8.140	 85.702 -1.060
319.203	  9.523	 82.684 -0.915
320.654	  8.454	 79.330  0.689
319.372	  9.850	 76.070 -0.964
318.823	  7.511	 73.121  1.155
320.985	  7.577	 69.986 -0.520
320.223	  4.328	 68.219  0.098
318.891	  0.818	 68.760  0.945
321.294	 -1.830	 67.424  0.083
320.152	 -5.357	 68.410  1.485
317.997	 -6.743	 71.249  1.484
320.750	 -6.626	 73.900  1.485
322.636	 -3.807	 72.112  1.483
321.598	 -0.156	 72.495  0.448
323.695	  2.822	 71.380 -0.571
322.719	  5.464	 73.934  0.679
324.071	  8.975	 74.446 -2.487
325.295	  8.519	 78.042 -1.265
326.152	 11.531	 80.310 -0.317
328.553	 13.282	 77.962  0.682
329.935	 11.138	 75.117 -0.989
328.056	  8.556	 72.961 -2.236
328.219	  4.987	 74.344 -1.025
327.065	  1.547	 73.358  0.379
325.290	 -0.455	 76.133  0.896
324.281	 -4.095	 76.445  1.485
320.940	 -4.977	 78.021  0.497
321.823	 -6.779	 81.190  0.841
321.057	-10.473	 81.744  0.871
318.958	-11.261	 78.727  1.059
319.725	-13.758	 75.924  1.355
318.034	-12.239	 72.858  1.146
318.597	-13.813	 69.372  1.441
320.417	-12.076	 66.535  1.480
319.823	-10.454	 63.167  0.351
323.544	-10.104	 62.552 -0.590
326.349	-12.620	 62.869  0.381
328.490	-13.919	 60.064 -0.141
327.374	-17.292	 61.450 -0.991
323.888	-18.441	 62.703 -0.552
322.145	-15.678	 60.738 -0.986
318.711	-14.397	 61.698 -0.100
317.240	-16.710	 64.352  0.341
313.428	-16.834	 64.674  0.213
312.247	-13.948	 66.868 -0.096
315.516	-12.357	 65.832  1.144
314.041	 -9.319	 64.027 -0.999
310.987	 -9.251	 66.343  0.503
313.023	 -9.256	 69.566  1.302
314.851	 -6.206	 68.139  0.443
311.660	 -4.523	 66.975 -1.024
310.629	 -4.669	 70.646 -0.462
313.778	 -2.954	 72.024  0.794
313.985	 -0.294	 69.315 -0.160
310.435	  0.898	 70.055 -1.020
310.499	  0.627	 73.877 -0.419
313.476	  2.972	 74.003  0.515
312.935	  5.103	 70.903 -1.020
309.438	  5.743	 72.242 -1.036
310.307	  6.433	 75.882  0.087
310.043	  9.896	 77.447 -0.777
312.722	  9.381	 80.139 -2.477
315.447	  6.700	 79.846  1.103
317.398	  5.947	 83.027 -0.895
320.294	  3.447	 82.902  0.557
321.405	  1.260	 85.752  0.102
324.786	  0.106	 86.953 -0.995
325.488	 -3.482	 87.764  1.150
328.008	 -4.218	 90.521 -0.853
330.296	 -5.904	 87.974 -0.050
331.889	 -3.734	 85.349 -0.939
330.471	 -0.954	 83.144 -0.987
333.177	 -1.934	 80.780 -1.009
331.888	 -5.107	 79.135  1.464
334.677	 -6.382	 76.874  0.376
333.802	 -4.766	 73.547  1.282
333.702	 -1.621	 75.639  0.338
329.894	 -1.651	 75.308  1.485
328.726	 -0.596	 78.741 -0.358
326.783	 -3.256	 80.613  1.165
323.637	 -1.844	 82.219  1.060
319.934	 -2.063	 83.197  0.659
317.986	  0.061	 80.681  1.010
314.675	  1.540	 81.805 -0.509
312.006	  3.192	 79.609 -0.640
309.597	  5.457	 81.553  0.442
310.160	  3.442	 84.692  0.283
309.952	  0.092	 83.003 -1.025
312.789	 -2.422	 82.733  0.145
313.537	 -2.988	 79.051  0.374
315.363	 -6.179	 79.948  1.257
312.337	 -7.737	 81.697  0.016
309.832	 -6.645	 79.078 -1.015
311.696	 -8.622	 76.384  0.816
312.242	-11.480	 78.853  0.761
308.453	-11.418	 79.584 -0.564
307.067	-11.239	 76.042 -0.998
309.286	-14.252	 75.321  1.481
311.902	-12.272	 73.426 -0.087
315.124	-13.318	 75.202  1.304
315.581	-15.995	 77.846  0.725
317.240	-15.266	 81.200  0.281
320.978	-15.615	 80.738  0.506
324.700	-15.012	 81.173 -0.436
324.668	-15.442	 84.947 -0.080
327.899	-14.104	 86.468 -0.016
328.562	-11.848	 89.537 -0.668
328.345	 -9.765	 91.565  0.405
325.830	 -8.834	 88.928  0.633
322.554	-10.561	 89.794  0.135
320.674	 -7.630	 91.328  0.056
317.701	 -8.356	 88.963 -0.177
318.303	-12.156	 88.586 -0.571
315.195	-13.520	 90.417 -1.086
312.900	-11.212	 88.497 -2.502
313.865	-11.842	 84.899  0.396
313.580	-15.431	 86.262 -1.106
309.947	-15.001	 87.369 -1.038
308.793	-13.242	 84.219  0.513
310.412	-15.848	 81.988  0.825
308.707	-18.661	 83.931 -1.025
305.389	-16.841	 83.468 -1.039
306.200	-16.374	 79.787  1.471
307.049	-20.095	 79.920  0.469
303.741	-21.034	 81.579 -1.880
302.220	-19.085	 78.686 -2.499
303.386	-20.383	 75.279 -0.466
304.747	-17.049	 74.135 -1.014
306.788	-16.235	 71.056  1.222
310.163	-17.896	 71.836  0.746
308.469	-20.740	 73.801  1.372
305.821	-22.124	 71.359  1.068
BRIEF 1NSN H 210              
294.667	-17.192	 91.740       
295.292	-13.483	 91.253       
292.826	-11.191	 93.047       
292.470	 -7.452	 93.606       
290.713	 -6.347	 96.813       
290.143	 -2.581	 97.199       
288.908	 -0.178	 99.901       
285.173	  0.441	100.095       
283.021	  3.438	 99.196       
283.772	  6.885	100.560       
281.840	 10.162	100.695       
284.300	 12.977	101.130       
283.942	 16.720	101.520       
285.686	 18.706	 98.749       
289.241	 18.985	100.113       
290.024	 16.252	102.627       
292.200	 13.331	101.469       
291.690	  9.567	101.453       
293.572	  6.561	100.234       
292.260	  3.782	 98.061       
294.051	  0.399	 97.970       
294.681	 -2.969	 96.376       
295.672	 -5.948	 98.515       
296.751	 -8.619	 96.066       
296.060	-12.309	 96.414       
297.711	-14.755	 94.019       
300.971	-12.981	 94.804       
303.026	-10.750	 97.152       
304.356	 -7.717	 95.152       
308.110	 -7.388	 94.566       
308.697	 -8.994	 91.175       
305.638	 -6.877	 90.379       
301.904	 -6.756	 89.840       
302.645	 -3.389	 88.241       
299.744	 -1.197	 89.131       
298.163	  0.935	 86.543       
295.607	  3.202	 88.072       
292.459	  4.055	 86.132       
289.642	  6.547	 86.796       
286.041	  6.333	 85.549       
283.682	  9.361	 85.819       
280.019	  8.346	 86.243       
278.775	  7.750	 82.704       
281.563	  6.146	 80.598       
285.161	  7.419	 80.778       
288.229	  5.248	 81.310       
291.076	  7.726	 81.977       
294.585	  6.301	 82.577       
295.898	  7.690	 85.866       
299.487	  6.412	 85.819       
301.672	  3.544	 87.065       
304.187	  2.151	 89.528       
306.783	 -0.605	 89.137       
309.062	 -3.042	 91.005       
311.828	 -0.409	 90.934       
309.883	  1.923	 93.186       
309.644	  5.095	 91.146       
306.236	  5.829	 89.651       
305.053	  7.700	 86.575       
301.923	  9.852	 86.679       
299.969	 10.640	 83.515       
300.891	 14.086	 82.243       
297.331	 15.394	 82.541       
296.773	 15.151	 86.292       
300.009	 14.428	 88.098       
300.711	 16.128	 91.444       
298.264	 15.915	 94.421       
297.456	 12.363	 93.444       
299.970	  9.709	 94.522       
300.786	  6.014	 94.648       
302.358	  4.162	 97.640       
303.709	  0.663	 98.527       
302.974	 -1.336	101.734       
304.278	 -4.711	100.346       
304.668	 -6.689	103.587       
300.984	 -5.772	104.029       
300.645	 -6.610	100.307       
299.261	 -3.275	 99.099       
299.811	 -0.279	 96.856       
297.734	  2.857	 97.681       
296.570	  6.036	 95.925       
295.690	  9.463	 97.390       
293.740	 12.363	 95.934       
294.746	 15.491	 97.877       
292.532	 18.579	 97.583       
289.558	 16.550	 96.272       
287.156	 18.469	 93.936       
283.605	 17.685	 92.652       
285.368	 17.040	 89.401       
286.807	 13.930	 91.089       
283.773	 11.775	 91.638       
284.039	  8.394	 89.907       
285.376	  4.867	 90.465       
289.095	  4.055	 90.594       
290.445	  0.679	 89.451       
293.945	 -0.656	 90.041       
295.061	 -3.129	 87.394       
297.978	 -5.485	 87.225       
300.564	 -4.859	 84.469       
299.598	 -8.238	 82.826       
296.060	 -9.223	 83.650       
293.297	 -8.709	 86.197       
291.548	 -5.539	 87.173       
290.102	 -4.741	 90.584       
286.379	 -4.322	 91.246       
287.053	 -0.574	 91.719       
286.572	  2.002	 94.478       
283.814	  4.616	 94.241       
284.343	  8.081	 95.659       
281.800	 10.909	 95.687       
282.209	 14.591	 96.614       
279.223	 16.851	 97.409       
277.596	 19.047	100.098       
278.433	 16.054	102.230       
275.860	 14.551	104.547       
275.378	 10.802	104.281       
271.771	  9.513	104.266       
270.559	  5.909	104.855       
267.875	  4.541	102.548       
264.361	  4.026	103.752       
263.809	  0.383	102.831       
260.151	 -0.504	102.297       
258.982	 -4.064	101.412       
256.520	 -4.489	 98.540       
254.372	 -7.648	 98.517       
251.630	 -8.255	 95.897       
248.838	 -5.793	 96.727       
246.445	 -8.724	 97.224       
247.796	-12.196	 98.234       
245.493	-13.815	 95.568       
248.384	-15.320	 93.417       
248.147	-19.133	 92.838       
249.902	-19.002	 89.396       
253.285	-20.762	 89.094       
255.234	-17.791	 90.590       
255.171	-14.508	 92.548       
256.944	-11.179	 92.056       
258.060	 -9.567	 95.274       
260.081	 -6.456	 95.646       
261.564	 -3.970	 98.032       
262.249	 -0.285	 97.382       
265.342	  1.545	 98.522       
264.153	  5.166	 98.771       
266.124	  8.339	 99.389       
269.761	  7.846	100.330       
273.093	  9.498	 99.427       
275.679	  8.796	 98.248       
276.151	  5.462	 96.426       
275.927	  2.610	 96.220       
273.464	  0.390	 97.987       
273.753	 -3.393	 97.941       
270.441	 -5.166	 98.051       
270.634	 -8.920	 97.987       
267.860	-11.417	 98.631       
268.045	-13.875	101.511       
271.752	-13.001	101.822       
272.203	-13.918	 98.150       
270.675	-17.387	 98.288       
268.216	-16.017	 95.682       
269.875	-15.087	 92.400       
267.063	-15.559	 89.841       
264.340	-13.273	 88.606       
266.463	-10.802	 90.617       
266.379	 -7.392	 88.913       
267.993	 -4.558	 90.797       
267.093	 -1.450	 88.908       
269.567	  1.457	 88.754       
269.307	  4.381	 91.154       
267.904	  7.708	 89.950       
269.113	 10.993	 91.494       
265.668	 11.952	 92.799       
266.069	 15.462	 94.336       
269.690	 15.402	 95.588       
268.809	 11.932	 96.926       
268.947	  8.537	 95.283       
266.265	  5.894	 95.069       
266.410	  2.313	 93.842       
264.333	 -0.876	 93.330       
264.811	 -4.666	 93.231       
262.403	 -7.458	 92.179       
262.414	-11.169	 93.048       
260.304	-13.756	 91.237       
260.381	-16.738	 93.582       
258.096	-19.764	 92.822       
254.441	-19.217	 93.752       
254.910	-22.353	 95.876       
257.258	-20.936	 98.640       
255.857	-17.502	 99.496       
254.292	-16.833	101.950       
254.979	-19.962	104.034       
258.659	-19.648	103.134       
260.328	-16.455	104.392       
261.969	-14.123	101.837       
264.059	-11.207	103.234       
265.466	 -8.320	101.160       
268.773	 -7.345	102.687       
269.962	 -3.826	102.085       
273.410	 -2.641	103.097       
274.403	  1.009	102.537       
278.165	  1.303	103.048       
278.511	  5.094	103.204       
276.556	  5.170	106.485       
277.216	  1.931	108.400       
273.468	  1.174	107.719       
272.321	 -2.440	107.224       
268.539	 -3.168	107.273       
266.534	 -6.325	106.571       
262.859	 -6.478	105.606       
260.760	 -9.566	104.958       
257.990	 -9.540	102.373       
BRIEF 1NSN L 217              
299.339	 12.080	 72.717       
297.166	  9.882	 70.565       
293.411	 10.241	 70.832       
291.490	  7.057	 69.991       
288.041	  7.224	 68.422       
285.889	  4.127	 68.187       
282.491	  4.002	 66.594       
279.549	  3.840	 66.303       
278.902	  4.641	 69.965       
276.098	  1.986	 69.962       
276.096	 -1.378	 68.220       
272.899	 -3.486	 68.031       
273.309	 -6.859	 66.276       
270.919	 -9.750	 65.670       
271.933	-12.558	 67.997       
274.196	-14.917	 66.077       
275.420	-12.388	 63.495       
278.753	-10.616	 63.086       
279.692	 -7.502	 64.998       
282.678	 -5.414	 63.990       
283.652	 -2.615	 66.384       
286.089	 -0.050	 64.993       
288.767	  1.958	 66.832       
290.734	  4.672	 65.070       
294.107	  5.977	 66.240       
295.242	  9.538	 65.568       
298.852	  8.596	 65.031       
299.971	  5.199	 63.687       
300.911	  2.473	 66.238       
302.715	 -0.458	 64.453       
306.237	 -1.869	 63.836       
307.579	 -5.565	 63.795       
305.925	 -7.181	 66.870       
303.687	 -4.242	 67.387       
300.186	 -3.384	 66.497       
300.124	 -1.900	 70.011       
296.405	 -1.926	 70.595       
294.566	 -4.263	 72.970       
290.817	 -4.634	 73.614       
288.716	 -4.604	 76.822       
285.154	 -5.541	 77.636       
283.019	 -4.132	 80.430       
279.785	 -5.567	 81.658       
277.658	 -3.192	 83.779       
278.457	 -3.097	 87.478       
281.797	 -4.784	 86.660       
285.475	 -3.792	 85.880       
286.939	 -4.149	 82.378       
288.380	 -7.502	 81.409       
291.191	 -8.101	 78.898       
290.113	 -9.647	 75.598       
292.913	 -9.345	 73.039       
296.631	 -8.780	 73.753       
298.283	 -7.188	 70.632       
295.637	 -6.234	 67.997       
295.306	 -9.979	 67.365       
296.143	-12.417	 70.141       
293.181	-13.619	 72.176       
293.784	-13.590	 75.931       
293.469	-16.746	 78.013       
289.985	-17.999	 78.671       
288.333	-15.590	 76.300       
286.122	-17.398	 73.701       
287.317	-17.708	 70.088       
284.580	-15.516	 68.646       
286.431	-12.357	 69.549       
289.059	-11.387	 66.981       
291.055	 -8.214	 66.659       
292.573	 -6.994	 63.377       
294.099	 -3.698	 62.254       
297.243	 -2.095	 60.866       
298.552	  1.457	 61.101       
295.582	  3.256	 62.614       
292.448	  1.261	 61.771       
292.007	 -1.548	 64.283       
288.789	 -3.560	 64.697       
287.369	 -6.056	 67.166       
285.228	 -8.773	 65.610       
282.830	-11.008	 67.578       
281.097	-12.833	 64.687       
279.002	-15.610	 66.168       
277.565	-13.004	 68.532       
275.716	-14.212	 71.710       
273.589	-13.131	 74.673       
276.471	-12.550	 77.072       
278.196	-10.366	 74.558       
276.269	 -7.401	 76.003       
278.977	 -5.023	 77.165       
280.864	 -1.894	 76.271       
284.127	 -2.729	 74.490       
287.101	 -0.344	 74.777       
290.404	 -0.012	 72.881       
293.736	  0.984	 74.458       
297.115	  1.926	 73.028       
300.525	  1.407	 74.582       
302.788	  2.877	 71.952       
303.558	  5.708	 74.390       
302.408	  7.093	 77.701       
299.890	  8.494	 78.388       
298.133	  5.216	 77.603       
294.937	  6.509	 76.080       
291.786	  4.456	 76.290       
288.864	  4.343	 73.902       
285.662	  6.341	 73.952       
283.621	  3.183	 74.294       
281.282	  1.127	 72.122       
278.098	 -0.307	 73.624       
277.002	 -3.669	 72.193       
273.258	 -4.521	 72.142       
272.019	 -7.925	 70.987       
268.572	 -8.053	 69.389       
266.019	-10.870	 69.468       
262.422	-11.954	 68.969       
260.213	 -9.469	 70.759       
259.561	-10.311	 74.395       
256.788	 -8.502	 76.307       
256.639	 -7.110	 79.833       
255.091	 -8.951	 82.797       
253.415	 -6.090	 84.709       
253.351	 -5.969	 88.502       
251.795	 -3.220	 90.654       
252.771	 -2.626	 94.307       
250.666	 -0.475	 96.665       
252.420	  1.491	 99.456       
253.522	 -0.640	102.417       
252.001	  0.327	105.779       
255.425	  1.222	107.135       
256.047	  3.862	104.424       
252.561	  5.271	104.831       
253.384	  5.580	108.547       
255.988	  8.161	107.584       
253.421	 10.193	105.627       
254.805	  9.172	102.204       
253.245	  6.844	 99.595       
255.100	  5.187	 96.729       
252.947	  3.105	 94.343       
255.360	  0.917	 92.235       
255.043	 -0.747	 88.775       
257.661	 -3.333	 87.642       
257.690	 -4.110	 83.921       
259.756	 -7.266	 83.700       
261.192	 -9.119	 80.749       
260.227	 -7.214	 77.583       
262.479	 -6.667	 74.640       
262.629	 -3.495	 72.563       
263.684	 -1.076	 75.285       
260.998	  1.180	 73.804       
258.278	  1.185	 76.435       
256.591	  4.143	 78.141       
254.310	  3.828	 81.148       
251.442	  6.083	 82.169       
249.943	  6.647	 85.630       
246.215	  6.818	 86.265       
244.896	  8.015	 89.619       
241.215	  7.154	 89.623       
241.313	  7.617	 85.850       
243.214	 10.918	 86.177       
246.755	 10.793	 84.713       
249.423	 11.985	 87.132       
253.015	 12.975	 86.437       
253.992	 14.627	 89.709       
256.482	 12.032	 90.890       
257.321	  9.457	 88.221       
260.754	  7.929	 88.931       
261.660	  5.629	 85.996       
264.712	  3.451	 85.816       
265.914	  0.820	 83.330       
268.050	 -2.207	 83.957       
270.922	 -3.091	 81.718       
270.313	 -5.444	 78.755       
270.070	 -8.961	 80.265       
273.015	-11.426	 79.981       
270.994	-14.651	 79.710       
267.718	-13.950	 77.828       
268.585	-10.424	 76.656       
265.416	 -8.639	 77.771       
265.090	 -5.390	 79.777       
263.062	 -4.473	 82.839       
262.071	 -1.195	 84.446       
260.963	  0.088	 87.806       
258.330	  2.828	 87.828       
257.554	  4.649	 91.087       
254.895	  7.251	 91.682       
255.385	  9.227	 94.856       
252.445	 10.925	 96.534       
251.612	 12.218	100.008       
249.695	  9.958	102.374       
246.971	 12.617	101.954       
246.692	 12.701	 98.153       
246.865	  8.927	 98.325       
244.064	  8.294	100.866       
241.839	 10.609	 98.817       
242.028	  8.267	 95.793       
241.025	  4.609	 95.217       
241.698	  3.143	 91.747       
245.438	  3.348	 90.867       
246.445	  2.320	 87.339       
249.700	  1.562	 85.510       
249.310	  0.777	 81.822       
252.497	 -0.100	 79.980       
252.820	  0.966	 76.339       
255.297	 -1.094	 74.319       
255.894	 -2.244	 70.692       
254.586	 -5.747	 71.321       
250.937	 -4.846	 72.212       
248.158	 -3.239	 70.107       
246.879	 -1.539	 73.258       
248.519	 -0.737	 76.581       
249.144	 -3.559	 78.997       
247.622	 -2.529	 82.258       
247.326	 -3.423	 85.958       
245.743	 -1.582	 88.905       
244.164	 -1.986	 92.331       
241.822	 -0.248	 94.757       
243.599	  1.534	 97.589       
242.671	  0.447	101.092       
243.241	  1.862	104.610       
