BRIEF 1OAK A 196              
 70.281	 14.808	 31.739 -0.689
 71.897	 11.491	 32.787 -2.180
 75.349	  9.826	 33.249  0.622
 76.295	  6.454	 31.814 -0.108
 80.077	  6.311	 32.117 -0.780
 82.843	  4.735	 34.161 -0.794
 83.018	  6.654	 37.400 -0.240
 83.531	  6.097	 41.115  1.450
 81.746	  8.970	 42.864  0.813
 82.199	  9.544	 46.586  0.970
 79.634	 11.856	 48.241  0.899
 81.186	 13.494	 51.314  0.772
 78.596	 15.254	 53.465  0.889
 79.401	 17.998	 55.929  1.463
 78.086	 16.692	 59.249  0.993
 78.402	 19.896	 61.274  1.465
 75.846	 22.032	 63.080  0.319
 76.657	 24.597	 60.376  0.925
 73.866	 22.850	 58.464  1.178
 70.517	 22.732	 60.249  0.791
 68.669	 19.457	 60.439  0.011
 66.406	 20.759	 57.689 -1.253
 69.343	 22.041	 55.605  1.078
 71.024	 18.636	 55.868  1.425
 67.822	 17.143	 54.480 -0.341
 68.127	 19.448	 51.477 -0.361
 71.717	 18.278	 51.092  0.536
 70.758	 14.599	 51.319  1.037
 68.033	 15.330	 48.762 -2.263
 70.501	 16.818	 46.310  1.381
 72.640	 13.705	 46.780  0.667
 69.669	 11.476	 45.952 -0.380
 68.701	 13.656	 42.994 -1.553
 72.245	 13.094	 41.839 -0.849
 72.114	  9.313	 42.220  0.774
 68.915	  9.514	 40.156 -0.376
 70.866	 11.130	 37.339 -0.381
 73.725	  8.610	 37.488  1.109
 73.793	  5.100	 36.088 -0.222
 74.487	  3.439	 39.431  0.941
 76.159	  0.092	 38.697  0.827
 79.441	 -1.713	 39.384 -0.060
 80.034	 -1.470	 35.641 -0.569
 79.174	  2.209	 35.290 -0.739
 78.826	  4.799	 38.055  0.959
 79.652	  3.425	 41.507  0.885
 78.706	  5.552	 44.518  0.987
 79.741	  5.851	 48.140  0.660
 78.123	  8.086	 50.711  0.375
 79.909	  9.314	 53.807  0.718
 78.885	 11.889	 56.410  1.258
 81.784	 13.634	 58.127  1.025
 82.266	 15.278	 61.521  1.402
 85.341	 14.514	 63.629  0.045
 85.252	 11.099	 61.995 -0.199
 83.511	  9.535	 58.993  0.529
 80.232	  7.609	 58.811  0.117
 80.274	  5.412	 55.716 -0.240
 76.716	  4.690	 54.690  1.032
 77.483	  3.464	 51.151  0.670
 80.642	  1.873	 49.796 -1.549
 81.668	  1.751	 46.142  1.098
 81.662	 -2.035	 46.379 -0.807
 78.229	 -2.170	 48.069 -1.112
 76.091	 -4.492	 45.980 -0.308
 72.613	 -3.135	 46.602 -1.197
 69.945	 -2.081	 44.147  0.151
 70.271	  1.628	 43.178 -0.101
 66.821	  2.188	 44.662 -0.454
 68.148	  0.681	 47.908 -0.720
 71.192	  2.971	 47.761 -0.297
 69.116	  6.088	 47.134 -0.320
 67.001	  5.124	 50.155 -0.936
 70.001	  4.570	 52.413  0.961
 71.195	  7.981	 51.262  0.108
 67.869	  9.584	 52.221 -0.983
 68.195	  7.847	 55.584 -0.492
 71.550	  9.399	 56.460  0.648
 71.427	 10.506	 60.098 -2.093
 71.947	 14.175	 60.778  1.283
 75.026	 14.822	 62.886 -0.534
 75.236	 18.387	 64.106  0.341
 78.812	 18.163	 65.351  0.822
 80.688	 21.379	 66.125 -2.272
 83.338	 20.300	 63.601  0.407
 83.337	 18.535	 60.245  1.462
 87.004	 17.814	 59.395  0.057
 87.614	 18.066	 55.653  0.890
 91.220	 16.954	 56.183  0.951
 90.020	 13.856	 58.005 -0.493
 87.548	 12.938	 55.235  1.226
 90.081	 13.370	 52.466  0.825
 92.506	 11.353	 54.573 -0.170
 89.769	  8.751	 55.092 -0.519
 88.975	  8.881	 51.349  0.542
 92.649	  8.450	 50.550 -0.750
 93.651	  5.709	 52.971 -0.490
 90.325	  3.928	 53.229 -0.315
 88.105	  4.363	 50.226  0.146
 90.892	  4.448	 47.654  1.047
 93.453	  2.438	 49.591 -2.159
 93.611	  0.368	 46.421 -2.248
 92.365	  1.289	 42.951 -2.274
 90.414	 -1.845	 41.940 -0.422
 88.798	  0.026	 39.064  1.429
 91.502	  1.899	 37.072 -0.680
 89.134	  2.075	 34.103 -0.828
 87.048	  4.548	 36.097  0.674
 87.713	  8.159	 36.990  0.351
 87.508	  8.885	 40.717  0.711
 85.822	 11.984	 42.063  0.390
 85.457	 13.064	 45.642 -1.023
 82.530	 15.451	 45.853  0.675
 83.357	 17.404	 48.991  0.958
 80.122	 19.009	 50.102  0.580
 81.268	 21.453	 52.734  1.024
 79.492	 24.093	 54.804  1.455
 81.974	 24.566	 57.616  1.322
 85.590	 25.369	 58.417  0.065
 87.660	 23.081	 60.641  1.196
 90.106	 24.371	 63.277 -0.269
 93.533	 25.101	 61.759 -0.382
 95.252	 22.446	 63.852 -0.030
 93.127	 19.944	 61.933 -1.676
 94.279	 21.384	 58.584 -2.261
 97.986	 20.687	 59.214 -0.266
 98.212	 17.964	 56.568 -0.356
 95.389	 19.272	 54.434  0.744
 97.407	 19.918	 51.286 -2.274
 99.302	 16.680	 51.739 -1.054
 96.036	 14.737	 51.696 -0.544
 94.794	 16.515	 48.596  0.295
 98.139	 15.779	 46.922 -1.094
 97.906	 12.148	 47.977 -2.272
 94.476	 11.972	 46.346  0.894
 95.905	 13.570	 43.223  0.041
 98.561	 10.869	 43.222 -1.627
 95.825	  8.219	 43.007 -0.898
 94.088	 10.263	 40.358  0.964
 91.128	 10.956	 42.583  0.652
 89.620	 14.246	 41.386 -0.673
 88.491	 16.474	 44.261  0.042
 85.466	 18.639	 43.474 -0.011
 84.728	 21.095	 46.292  0.964
 81.170	 22.368	 46.699  0.923
 80.951	 25.284	 49.104  0.939
 77.609	 25.701	 50.852  0.778
 76.866	 28.712	 52.999  0.870
 79.158	 31.522	 54.295  0.048
 81.065	 29.203	 56.619  0.067
 82.362	 26.792	 53.989 -0.312
 86.160	 26.892	 54.174  0.222
 87.007	 29.162	 51.222 -2.273
 90.718	 28.848	 51.853 -2.273
 90.529	 25.083	 51.430  0.975
 88.266	 25.417	 48.414  1.098
 90.786	 27.659	 46.631 -2.122
 93.627	 25.444	 47.832 -2.261
 91.977	 22.373	 46.331  1.154
 91.478	 24.094	 42.974  1.247
 95.171	 24.897	 42.928  0.512
 96.374	 21.337	 43.517 -0.628
 95.118	 19.975	 40.219  0.669
 93.564	 21.466	 37.090 -0.662
 90.453	 19.223	 37.204 -1.291
 89.593	 20.224	 40.764  0.077
 86.780	 22.654	 39.846  0.608
 84.892	 24.359	 42.670  0.671
 81.184	 25.149	 42.979  0.186
 80.583	 27.922	 45.470 -1.249
 76.923	 28.094	 46.529  0.630
 75.322	 30.513	 49.011 -0.192
 72.939	 27.922	 50.461  0.215
 71.661	 24.354	 50.151  1.111
 68.861	 25.929	 48.123 -0.215
 71.239	 26.502	 45.214  0.034
 72.111	 22.818	 45.283  0.908
 69.158	 21.992	 43.030 -0.963
 69.662	 24.859	 40.568 -0.819
 73.222	 23.746	 39.911 -0.423
 72.618	 20.032	 40.343 -0.170
 72.615	 19.520	 36.589 -0.370
 75.778	 21.498	 35.826 -0.611
 77.516	 19.624	 38.604  0.468
 76.401	 16.218	 37.302 -0.425
 77.481	 17.273	 33.822 -2.264
 80.988	 18.318	 34.909 -0.855
 81.564	 15.146	 36.925 -0.150
 80.292	 13.035	 34.032  1.453
 82.582	 14.836	 31.586  0.287
 85.583	 13.975	 33.801 -0.006
 84.714	 10.327	 33.220  0.546
 85.406	  8.130	 30.156 -0.108
 82.513	  6.510	 28.314 -0.398
 82.783	  2.748	 28.005 -2.074
 83.233	  0.430	 24.939  0.839
BRIEF 1OAK L 212              
108.286	 10.589	 67.453       
110.685	 10.613	 64.518       
114.239	 10.290	 65.829       
116.740	 12.710	 64.278       
120.363	 11.659	 64.508       
123.372	 13.925	 64.237       
126.338	 11.555	 64.614       
129.192	 13.947	 65.390       
128.255	 16.077	 68.374       
131.685	 17.736	 68.257       
133.232	 18.935	 65.021       
136.727	 20.437	 64.922       
137.462	 22.733	 62.023       
139.655	 25.642	 61.096       
138.416	 29.027	 60.015       
138.115	 29.001	 56.235       
137.423	 25.283	 56.261       
134.411	 23.919	 54.465       
132.242	 22.189	 57.050       
129.430	 19.709	 56.592       
127.045	 18.614	 59.352       
124.954	 15.503	 58.850       
121.425	 14.771	 60.009       
119.604	 11.510	 59.337       
115.961	 10.572	 60.016       
114.544	  7.335	 61.363       
112.222	  7.381	 58.316       
111.483	  9.214	 55.077       
110.635	 12.857	 55.908       
110.062	 14.239	 52.421       
112.575	 17.079	 52.728       
110.641	 18.520	 55.667       
113.814	 19.424	 57.517       
115.027	 22.730	 58.975       
118.463	 23.761	 60.318       
118.967	 25.887	 63.404       
121.956	 27.610	 64.900       
122.502	 28.293	 68.567       
125.469	 30.614	 69.150       
127.623	 30.267	 72.277       
125.711	 33.101	 73.955       
122.529	 31.049	 73.597       
120.832	 32.785	 70.679       
118.905	 30.430	 68.411       
118.156	 31.311	 64.810       
116.716	 29.458	 61.836       
119.269	 29.038	 59.059       
117.733	 26.726	 56.466       
114.174	 25.519	 56.001       
112.609	 22.890	 53.795       
116.023	 21.230	 53.348       
117.714	 23.976	 51.307       
116.033	 27.390	 51.522       
118.100	 29.991	 53.340       
116.354	 32.131	 55.914       
116.229	 35.944	 55.652       
119.653	 37.505	 56.174       
121.447	 34.156	 56.275       
124.829	 34.246	 54.432       
125.203	 32.194	 51.270       
128.065	 30.163	 52.702       
125.327	 28.117	 54.332       
123.553	 25.643	 52.123       
121.472	 22.597	 52.877       
120.703	 19.474	 50.909       
119.298	 15.989	 51.191       
116.121	 13.988	 50.787       
114.604	 10.787	 52.112       
116.386	 10.133	 55.425       
119.756	 11.867	 54.919       
120.282	 15.621	 55.044       
123.206	 17.934	 55.603       
124.190	 21.518	 56.190       
127.314	 22.934	 54.619       
129.349	 26.006	 55.456       
131.452	 26.766	 52.354       
134.076	 28.746	 54.264       
133.941	 28.709	 58.057       
133.766	 32.172	 59.575       
134.534	 32.752	 63.271       
130.981	 33.760	 64.116       
129.925	 30.395	 62.677       
131.298	 28.699	 65.759       
128.121	 27.424	 67.424       
125.811	 24.449	 67.736       
123.700	 23.242	 64.828       
120.417	 21.372	 65.055       
118.310	 19.760	 62.357       
114.539	 19.401	 62.946       
111.861	 17.395	 61.131       
108.285	 18.500	 60.459       
107.144	 15.384	 58.647       
105.043	 14.286	 61.604       
104.211	 15.815	 64.983       
105.592	 16.382	 67.350       
108.519	 18.242	 65.802       
111.797	 16.565	 66.814       
115.363	 17.981	 66.752       
118.649	 16.197	 66.310       
121.076	 15.952	 69.200       
123.090	 18.826	 67.729       
126.623	 19.383	 66.457       
128.925	 21.873	 68.140       
131.697	 23.370	 66.044       
135.066	 23.548	 67.746       
138.101	 25.514	 66.551       
141.263	 23.511	 65.789       
144.478	 24.465	 67.555       
147.805	 23.006	 68.614       
147.623	 20.437	 71.381       
148.151	 21.904	 74.872       
148.815	 20.220	 78.205       
146.658	 20.951	 81.253       
148.040	 23.308	 83.877       
147.053	 21.313	 86.948       
146.707	 22.964	 90.373       
145.557	 21.171	 93.548       
144.010	 23.023	 96.509       
143.657	 21.771	100.089       
140.433	 22.759	101.917       
140.374	 26.347	103.166       
140.613	 26.308	106.960       
137.378	 28.305	107.019       
135.638	 25.450	105.280       
137.044	 22.877	107.658       
135.591	 25.132	110.344       
132.285	 23.643	109.214       
133.206	 19.981	109.238       
133.680	 20.389	105.522       
136.720	 19.366	103.496       
136.679	 20.007	 99.733       
139.908	 19.406	 97.812       
139.815	 21.304	 94.514       
141.789	 20.437	 91.391       
141.999	 22.796	 88.400       
142.999	 21.370	 85.023       
143.429	 24.510	 82.967       
143.899	 25.548	 79.337       
144.309	 22.226	 77.547       
143.544	 20.911	 74.076       
142.013	 18.671	 72.847       
138.938	 18.745	 75.118       
139.177	 15.050	 75.992       
140.670	 14.484	 79.444       
140.284	 12.338	 82.529       
141.056	 13.036	 86.170       
141.579	 10.655	 89.052       
141.612	 11.197	 92.774       
143.959	  9.498	 95.149       
144.047	  9.600	 98.904       
147.157	  8.097	100.459       
147.715	  6.139	 97.265       
144.233	  4.626	 97.038       
141.905	  5.996	 94.326       
138.590	  7.655	 95.189       
135.558	  8.064	 92.934       
132.855	  9.092	 95.394       
132.339	 12.672	 96.478       
133.900	 13.952	 93.277       
132.193	 16.683	 91.240       
133.482	 17.644	 87.804       
132.807	 20.786	 85.794       
134.043	 21.439	 82.254       
134.232	 24.768	 80.446       
133.411	 25.330	 76.795       
136.151	 26.144	 74.283       
137.915	 29.424	 75.165       
137.064	 32.264	 72.760       
140.672	 33.370	 72.523       
143.273	 30.617	 72.815       
140.709	 27.923	 71.949       
141.560	 25.772	 74.947       
139.379	 23.977	 77.499       
139.481	 23.937	 81.297       
137.875	 21.637	 83.832       
137.527	 21.430	 87.589       
137.329	 18.440	 89.861       
136.337	 18.598	 93.481       
136.686	 15.897	 96.093       
134.354	 16.740	 98.952       
134.919	 14.879	102.225       
133.960	 15.213	105.881       
136.508	 17.048	108.001       
136.826	 13.739	109.826       
137.627	 11.595	106.772       
139.963	 14.336	105.570       
141.949	 14.652	108.791       
142.122	 10.847	108.740       
144.530	 10.860	105.790       
147.669	 12.664	104.623       
148.327	 12.433	100.889       
145.876	 13.941	 98.443       
146.631	 13.522	 94.807       
144.874	 14.650	 91.661       
145.938	 13.010	 88.394       
145.331	 14.409	 84.940       
145.470	 12.083	 81.949       
145.639	 13.885	 78.640       
146.857	 13.340	 75.044       
149.726	 15.814	 75.418       
151.402	 13.613	 78.041       
151.988	  9.859	 78.205       
152.958	 10.089	 81.882       
150.154	 11.183	 84.292       
150.325	 14.894	 85.140       
150.192	 14.476	 88.908       
149.570	 17.057	 91.639       
149.465	 16.429	 95.379       
149.877	 17.624	 98.952       
150.522	 16.092	102.360       
148.534	 17.266	105.367       
151.520	 19.044	106.965       
BRIEF 1OAK H 218              
110.661	 44.308	 63.827       
109.710	 40.704	 64.701       
110.333	 40.099	 68.409       
109.335	 37.648	 71.127       
110.148	 38.137	 74.808       
109.581	 35.687	 77.650       
108.591	 36.561	 81.230       
108.771	 33.554	 83.490       
108.765	 32.710	 87.238       
112.430	 31.897	 87.233       
111.698	 29.360	 89.921       
109.004	 26.709	 90.362       
108.484	 24.248	 93.216       
107.812	 20.644	 92.226       
104.099	 19.751	 91.821       
103.528	 23.457	 91.156       
102.913	 25.051	 87.782       
104.856	 27.134	 85.327       
103.349	 30.280	 83.890       
105.204	 32.161	 81.162       
103.885	 35.031	 79.090       
105.351	 35.610	 75.662       
105.086	 39.201	 74.541       
105.410	 39.243	 70.762       
106.035	 42.242	 68.536       
106.442	 43.098	 64.876       
103.603	 40.849	 63.740       
 99.968	 39.922	 64.428       
 99.045	 36.780	 66.375       
 96.163	 36.193	 63.971       
 98.688	 35.822	 61.162       
101.307	 33.635	 62.760       
101.512	 30.816	 65.231       
103.718	 30.661	 68.317       
105.541	 27.586	 69.546       
107.210	 26.774	 72.812       
110.527	 25.014	 72.837       
112.569	 24.257	 75.886       
116.193	 23.244	 76.409       
117.124	 21.192	 79.478       
120.521	 22.258	 80.921       
123.397	 20.718	 78.979       
120.862	 19.166	 76.605       
119.362	 19.859	 73.204       
116.131	 21.500	 72.102       
112.632	 20.120	 72.695       
109.411	 21.157	 70.949       
106.503	 21.543	 73.390       
103.541	 22.713	 71.378       
102.142	 25.681	 69.486       
 98.996	 27.732	 69.009       
 97.668	 28.583	 65.549       
 96.336	 31.952	 64.506       
 92.764	 30.783	 65.126       
 93.533	 29.533	 68.629       
 93.653	 25.783	 67.968       
 96.720	 24.164	 69.429       
 98.996	 21.184	 69.045       
100.876	 19.699	 71.990       
103.677	 17.222	 72.363       
101.974	 14.045	 73.555       
104.990	 13.496	 75.803       
103.899	 16.354	 78.079       
101.057	 14.118	 79.347       
 98.510	 16.882	 78.800       
100.239	 19.122	 81.325       
100.600	 21.929	 78.834       
 98.219	 24.663	 77.885       
 98.946	 27.415	 75.390       
 96.518	 30.302	 75.110       
 96.901	 33.845	 73.886       
 95.409	 37.314	 73.655       
 95.522	 38.639	 70.125       
 94.859	 42.220	 71.196       
 97.615	 42.198	 73.832       
100.030	 40.391	 71.497       
100.672	 37.840	 74.210       
100.760	 34.084	 74.317       
100.522	 32.293	 77.613       
102.076	 28.975	 78.427       
100.810	 27.071	 81.418       
102.217	 23.799	 82.662       
100.889	 21.708	 85.525       
102.700	 19.366	 87.907       
106.223	 20.503	 87.116       
108.966	 18.024	 88.135       
112.708	 18.654	 88.560       
113.428	 17.389	 85.054       
111.198	 20.138	 83.691       
113.997	 22.513	 84.604       
115.049	 24.168	 81.357       
115.198	 27.384	 79.385       
111.847	 27.958	 77.719       
111.680	 29.869	 74.457       
108.585	 31.012	 72.615       
109.197	 30.840	 68.886       
107.154	 32.182	 66.005       
106.176	 29.878	 63.156       
104.166	 30.598	 59.981       
101.434	 28.079	 60.865       
100.541	 28.120	 57.157       
 98.979	 24.775	 56.298       
 98.444	 26.237	 52.849       
102.169	 25.886	 52.200       
102.793	 23.306	 54.893       
105.132	 25.996	 56.243       
105.830	 25.591	 59.990       
109.406	 26.780	 60.395       
110.457	 28.186	 63.760       
111.589	 31.376	 62.029       
112.006	 33.766	 64.941       
113.001	 32.828	 68.469       
113.020	 34.631	 71.766       
115.907	 35.006	 74.175       
114.199	 32.415	 76.352       
113.633	 32.231	 80.096       
115.306	 29.915	 82.547       
113.192	 27.771	 84.799       
114.518	 25.938	 87.800       
112.111	 23.538	 89.419       
113.121	 22.441	 92.908       
111.961	 22.612	 96.535       
115.253	 24.232	 97.555       
115.207	 27.665	 99.170       
117.230	 30.807	 98.545       
120.553	 29.889	100.160       
123.499	 32.308	 99.902       
126.863	 30.826	 98.786       
129.703	 29.838	101.136       
132.838	 31.351	 99.507       
136.210	 29.749	100.276       
139.578	 31.106	 99.068       
141.904	 28.527	 97.531       
145.592	 29.172	 98.180       
148.263	 26.883	 96.599       
149.563	 23.585	 97.914       
156.685	 28.788	 88.684       
156.537	 32.305	 87.166       
152.746	 32.119	 87.291       
150.563	 31.244	 90.271       
146.979	 29.930	 90.149       
144.513	 30.966	 92.878       
140.876	 29.960	 93.243       
137.547	 30.519	 94.949       
135.230	 27.683	 95.919       
131.627	 28.930	 95.823       
129.681	 26.216	 97.620       
126.122	 25.420	 98.666       
124.056	 28.157	 97.025       
120.664	 28.370	 95.318       
119.250	 29.376	 93.046       
121.436	 30.212	 90.068       
123.320	 32.332	 89.105       
126.271	 33.943	 90.884       
128.750	 36.532	 89.676       
132.379	 35.760	 90.376       
134.962	 38.428	 89.596       
138.542	 38.881	 90.756       
139.869	 42.132	 92.101       
136.535	 43.733	 91.169       
137.061	 42.964	 87.498       
140.686	 44.105	 87.288       
141.699	 40.491	 86.801       
140.066	 38.761	 83.831       
142.468	 37.418	 81.170       
143.611	 34.638	 83.490       
140.177	 33.823	 84.959       
138.240	 30.561	 84.535       
134.799	 30.324	 86.173       
133.444	 26.804	 85.883       
129.780	 25.891	 85.306       
127.797	 25.229	 88.463       
126.936	 21.623	 89.314       
124.380	 20.363	 91.842       
126.166	 19.189	 95.008       
122.889	 18.473	 96.744       
119.966	 20.449	 95.375       
122.321	 23.348	 96.043       
124.839	 24.619	 93.462       
128.622	 24.651	 93.636       
131.024	 26.254	 91.172       
134.673	 27.239	 91.212       
136.647	 30.099	 89.731       
140.382	 30.094	 89.042       
142.701	 32.975	 88.255       
146.327	 32.730	 87.169       
148.638	 35.674	 87.689       
152.384	 36.398	 87.609       
154.079	 35.247	 90.793       
155.436	 38.741	 91.247       
151.870	 39.857	 92.006       
150.853	 37.335	 94.679       
151.253	 37.210	 97.685       
153.096	 40.517	 97.431       
149.894	 42.135	 96.128       
146.226	 41.374	 96.930       
144.189	 38.960	 94.849       
140.550	 38.875	 95.869       
137.550	 37.081	 94.493       
134.097	 38.673	 94.577       
130.988	 36.464	 94.565       
127.553	 38.053	 94.087       
124.267	 36.176	 94.498       
121.333	 38.436	 93.541       
118.811	 35.918	 94.864       
120.199	 36.507	 98.349       
121.172	 40.158	 97.960       
124.584	 38.892	 99.116       
128.029	 39.978	 97.879       
131.122	 38.401	 99.394       
134.782	 39.286	 99.035       
137.354	 36.602	 99.758       
141.005	 37.662	 99.621       
143.409	 34.794	 98.834       
145.945	 34.502	101.612       
148.887	 32.111	101.824       
148.190	 29.141	104.108       
148.476	 29.501	107.915       
