BRIEF 1ORS C 132              
 12.074	-69.785	 -9.503  0.870
 10.567	-66.286	 -9.568  1.041
  8.934	-65.435	 -6.244 -2.478
  6.343	-63.225	 -7.939 -0.043
  3.639	-64.248	 -5.463  0.569
  0.705	-61.780	 -5.375  0.449
  1.835	-61.067	 -1.810 -1.097
  4.989	-59.620	 -3.365  0.902
  3.216	-57.702	 -6.125  0.728
  1.138	-56.164	 -3.342 -0.034
  4.227	-55.168	 -1.364 -1.133
  6.199	-53.749	 -4.293  0.677
  3.274	-51.514	 -5.195  0.462
  2.679	-50.646	 -1.548 -1.131
  6.370	-49.779	 -1.201  0.242
  6.187	-47.217	 -3.991  1.214
  3.611	-45.261	 -1.980 -0.439
  5.433	-45.521	  1.335 -0.619
  8.692	-44.409	 -0.294  1.226
  7.029	-41.094	 -1.143  0.736
  5.590	-40.820	  2.364 -1.151
  9.188	-41.083	  3.584  0.007
 10.247	-37.903	  1.798  0.642
  7.163	-36.071	  3.083  0.292
  7.842	-37.097	  6.682  0.115
 11.474	-36.038	  6.268  0.785
 10.378	-32.662	  4.903  0.964
  7.424	-32.024	  7.221  0.304
  8.238	-33.666	 10.558 -1.071
 11.235	-32.132	 12.323 -1.145
 12.751	-35.489	 13.254 -0.529
 16.047	-35.327	 15.136 -0.205
 18.024	-38.506	 15.704 -2.826
 16.551	-41.662	 17.229 -2.825
 13.229	-41.164	 15.437 -1.130
 15.041	-39.813	 12.389 -1.310
 17.274	-42.885	 12.180 -2.826
 14.237	-45.167	 12.285 -2.826
 12.757	-43.240	  9.359  0.209
 15.879	-43.810	  7.266 -1.185
 15.940	-47.511	  8.147 -2.796
 12.366	-47.856	  6.918 -0.201
 13.330	-45.995	  3.749  1.136
 16.357	-48.243	  3.272 -0.019
 14.245	-51.395	  3.467 -1.058
 11.716	-49.870	  1.061  0.903
 14.371	-48.894	 -1.474  0.921
 15.785	-52.421	 -1.385 -0.660
 12.329	-53.877	 -1.975  0.398
 11.987	-51.558	 -4.964  1.292
 15.631	-52.259	 -5.801  0.820
 14.753	-55.903	 -6.471 -0.521
 11.614	-55.275	 -8.522  1.204
 13.530	-52.954	-10.848  1.230
 16.435	-55.349	-11.340 -1.122
 13.846	-58.009	-12.125 -0.516
 12.020	-56.128	-14.875  1.241
 15.513	-55.349	-16.169  0.284
 16.654	-58.954	-16.554 -1.133
 13.569	-60.142	-18.423 -0.486
 12.642	-57.197	-20.628  0.782
 15.108	-57.657	-23.510 -0.465
 17.643	-58.759	-20.945 -0.169
 19.438	-56.386	-18.511  0.836
 21.643	-53.612	-19.964 -2.826
 19.243	-52.481	-22.685 -1.091
 16.365	-51.991	-20.263  1.107
 18.176	-49.857	-17.690  0.062
 19.334	-47.358	-20.324 -0.601
 15.657	-46.644	-20.991  0.793
 14.640	-46.468	-17.333  0.457
 17.352	-44.217	-15.883  0.332
 14.788	-41.737	-14.558  0.929
 13.901	-44.506	-12.119  1.320
 17.396	-44.737	-10.619  0.699
 17.327	-41.540	 -8.480  0.478
 14.312	-42.785	 -6.521  0.880
 16.235	-45.951	 -5.669  1.031
 18.772	-43.956	 -3.653  0.667
 18.231	-44.270	  0.122  1.357
 17.340	-40.843	  1.539  0.318
 19.418	-41.557	  4.626  0.544
 22.432	-42.021	  2.367  0.218
 22.073	-38.525	  0.893  0.260
 21.566	-36.956	  4.318  0.076
 24.654	-38.751	  5.599 -1.119
 26.631	-37.517	  2.588 -1.111
 25.377	-33.926	  2.773 -0.188
 26.401	-33.642	  6.411 -0.035
 29.858	-35.009	  5.685 -0.379
 30.226	-32.614	  2.744  0.085
 29.117	-29.564	  4.734  0.292
 31.459	-30.503	  7.566 -0.988
 34.334	-30.341	  5.095  0.350
 33.140	-27.043	  3.675  0.081
 32.544	-28.627	  0.271  0.341
 29.570	-26.303	 -0.251  0.331
 29.742	-26.379	 -4.033  1.114
 29.135	-30.133	 -3.855  0.065
 26.437	-29.687	 -1.210  0.363
 24.632	-27.728	 -3.915  1.188
 24.767	-30.601	 -6.415  0.473
 23.821	-33.134	 -3.737  0.406
 20.828	-30.849	 -3.144  1.177
 19.804	-31.272	 -6.774  0.613
 20.269	-35.030	 -6.603  0.470
 17.748	-34.974	 -3.767  1.185
 15.315	-33.090	 -6.001  0.651
 15.702	-35.766	 -8.664  0.283
 15.081	-38.422	 -6.016  0.911
 11.797	-36.768	 -5.062  0.573
 10.644	-36.390	 -8.662 -0.019
 11.691	-39.964	 -9.434 -0.276
  9.676	-41.364	 -6.525  0.385
  6.717	-39.169	 -7.403  0.459
  6.840	-40.641	-10.891 -0.084
  6.781	-44.189	 -9.523 -1.130
  4.088	-43.067	 -7.089  0.639
  1.706	-42.222	 -9.922 -2.387
  2.465	-45.487	-11.711 -1.074
  1.580	-47.417	 -8.553  0.731
 -1.796	-45.691	 -8.157  0.311
 -2.600	-46.145	-11.847 -0.745
 -1.732	-49.840	-11.576 -0.068
 -3.827	-50.243	 -8.423  0.994
 -6.788	-48.653	-10.187 -0.437
 -6.444	-51.261	-12.936 -0.104
 -6.434	-54.287	-10.623  0.863
 -9.566	-53.009	 -8.870  1.086
-11.538	-51.507	-11.759 -0.079
 -9.884	-52.926	-14.925 -1.040
 -9.641	-50.414	-17.778 -0.497
BRIEF 1ORS A 214              
 43.970	-28.300	 15.471       
 47.331	-27.744	 13.850       
 49.420	-24.670	 14.696       
 50.397	-22.211	 11.946       
 53.653	-20.378	 12.594       
 54.280	-17.426	 10.304       
 57.700	-15.951	  9.603       
 59.106	-13.434	  9.684       
 56.795	-12.026	 12.377       
 57.724	 -8.514	 11.266       
 59.697	 -7.539	  8.169       
 60.359	 -4.434	  6.106       
 61.003	 -4.178	  2.387       
 61.871	 -1.342	  0.041       
 59.288	 -0.450	 -2.584       
 60.129	 -2.587	 -5.606       
 61.728	 -5.392	 -3.554       
 60.729	 -9.035	 -3.921       
 58.906	-10.142	 -0.758       
 58.431	-13.678	  0.555       
 56.724	-14.769	  3.766       
 56.142	-18.265	  5.095       
 53.396	-20.211	  6.844       
 54.671	-23.347	  8.587       
 52.209	-25.914	  9.940       
 52.776	-28.294	 12.865       
 51.177	-31.071	 10.791       
 50.370	-31.537	  7.105       
 47.563	-29.344	  5.762       
 45.540	-30.051	  2.610       
 46.373	-27.459	 -0.059       
 42.694	-26.772	 -0.757       
 42.186	-25.432	  2.770       
 45.202	-23.096	  3.078       
 44.114	-19.481	  2.599       
 45.778	-16.080	  3.048       
 44.253	-12.786	  4.241       
 45.462	 -9.196	  4.146       
 44.550	 -6.781	  6.933       
 45.273	 -3.108	  7.431       
 44.788	 -1.312	 10.773       
 41.213	 -0.159	 11.306       
 39.586	 -2.599	  8.873       
 38.614	 -6.271	  8.760       
 40.841	 -8.890	  7.084       
 40.260	 -9.491	  3.366       
 40.458	-12.855	  1.605       
 43.623	-12.522	 -0.470       
 44.638	-15.957	 -1.753       
 42.525	-19.090	 -1.414       
 43.353	-22.783	 -1.698       
 47.094	-22.098	 -1.647       
 47.509	-20.253	 -4.940       
 44.247	-18.756	 -6.175       
 44.274	-14.948	 -6.042       
 41.058	-13.323	 -4.828       
 39.188	-11.175	 -7.367       
 40.641	 -7.734	 -6.642       
 44.186	 -9.007	 -5.963       
 46.980	 -7.695	 -8.279       
 49.153	-10.101	-10.282       
 52.250	 -9.179	 -8.270       
 50.991	-11.601	 -5.596       
 51.340	-15.391	 -5.663       
 50.843	-18.254	 -3.234       
 52.708	-21.567	 -3.238       
 53.354	-24.597	 -1.042       
 52.021	-27.929	  0.193       
 52.059	-30.169	  3.246       
 53.537	-28.224	  6.160       
 55.108	-25.349	  4.224       
 53.404	-22.527	  2.325       
 54.449	-19.052	  1.233       
 53.044	-15.775	 -0.087       
 55.227	-13.820	 -2.480       
 55.127	-10.301	 -3.875       
 57.199	 -9.998	 -7.043       
 57.613	 -6.256	 -6.493       
 56.577	 -4.441	 -3.286       
 54.146	 -1.509	 -3.631       
 53.192	  0.925	 -0.841       
 49.616	 -0.377	 -0.665       
 50.989	 -3.835	  0.168       
 52.076	 -2.739	  3.661       
 49.740	 -4.662	  5.953       
 49.587	 -7.770	  8.100       
 49.049	-11.081	  6.320       
 47.506	-14.144	  7.945       
 47.406	-17.718	  6.744       
 44.486	-19.969	  7.678       
 43.788	-23.701	  7.531       
 41.169	-26.326	  8.272       
 41.769	-29.976	  9.148       
 39.710	-30.920	 12.189       
 39.155	-27.315	 13.209       
 39.821	-23.764	 11.945       
 43.098	-22.100	 12.956       
 44.973	-18.903	 12.021       
 48.662	-18.209	 11.628       
 50.469	-15.779	 13.929       
 50.669	-13.211	 11.140       
 53.438	-11.418	  9.269       
 53.444	 -7.625	  9.435       
 54.945	 -6.142	  6.259       
 56.387	 -2.633	  6.691       
 57.946	 -0.192	  4.225       
 61.688	  0.316	  4.397       
 63.007	  3.874	  4.117       
 66.232	  5.732	  4.898       
 67.241	  5.770	  8.562       
 66.196	  8.855	 10.499       
 67.122	  9.900	 14.041       
 64.311	 10.675	 16.505       
 63.424	 14.199	 17.566       
 63.349	 14.014	 21.382       
 61.402	 16.294	 23.724       
 60.931	 15.992	 27.491       
 58.093	 17.515	 29.509       
 57.880	 18.046	 33.298       
 54.517	 17.389	 34.980       
 52.003	 20.206	 34.440       
 51.223	 22.497	 37.365       
 47.610	 21.366	 37.009       
 48.513	 17.728	 37.532       
 50.807	 18.439	 40.483       
 48.007	 20.261	 42.320       
 45.913	 17.116	 41.918       
 48.720	 15.093	 43.494       
 50.108	 13.430	 40.379       
 53.376	 13.742	 38.468       
 53.742	 12.308	 34.967       
 56.967	 13.057	 33.106       
 56.562	 12.637	 29.363       
 59.041	 12.129	 26.557       
 58.266	 12.033	 22.838       
 60.634	 10.366	 20.345       
 59.223	 11.367	 16.973       
 59.671	 10.489	 13.305       
 62.508	  7.996	 13.423       
 63.454	  4.919	 11.413       
 63.954	  1.985	 11.905       
 61.541	  1.312	 14.792       
 64.284	 -0.296	 16.905       
 65.295	  2.089	 19.686       
 66.506	  2.080	 23.286       
 64.895	  4.512	 25.716       
 65.998	  5.029	 29.316       
 64.862	  7.242	 32.162       
 67.461	  8.492	 34.616       
 66.471	 10.222	 37.848       
 69.311	 11.995	 39.660       
 71.513	 10.006	 37.308       
 70.100	  6.571	 38.147       
 68.089	  4.457	 35.711       
 64.459	  3.799	 36.583       
 62.131	  1.379	 34.838       
 59.255	  1.199	 37.301       
 56.352	  3.427	 36.344       
 57.456	  3.652	 32.715       
 54.992	  2.952	 29.895       
 55.827	  3.223	 26.182       
 53.419	  3.582	 23.253       
 54.265	  3.366	 19.533       
 52.328	  4.771	 16.581       
 51.948	  2.534	 13.522       
 54.297	  3.361	 10.640       
 53.240	  6.744	  9.229       
 51.337	  6.453	  5.951       
 53.169	  9.466	  4.523       
 56.789	  9.565	  5.694       
 57.037	  5.891	  6.719       
 58.584	  6.823	 10.082       
 57.706	  5.748	 13.615       
 57.056	  7.811	 16.729       
 56.736	  6.780	 20.365       
 55.854	  8.246	 23.722       
 57.542	  7.193	 26.956       
 55.742	  8.216	 30.127       
 57.153	  7.982	 33.651       
 54.277	  8.099	 36.121       
 55.200	  9.077	 39.670       
 53.311	 10.374	 42.661       
 53.904	 14.011	 43.541       
 55.870	 12.899	 46.616       
 58.158	 10.576	 44.624       
 58.710	 13.278	 42.004       
 59.736	 15.774	 44.685       
 62.435	 13.492	 46.121       
 64.676	 14.053	 43.123       
 66.003	 16.894	 40.997       
 67.266	 15.844	 37.555       
 64.981	 13.963	 35.181       
 66.333	 12.696	 31.885       
 65.053	 10.730	 28.940       
 67.864	  9.196	 26.924       
 67.509	  7.592	 23.521       
 70.026	  5.417	 21.705       
 69.211	  4.765	 18.078       
 71.065	  3.207	 15.128       
 71.568	  6.625	 13.546       
 74.253	  7.593	 16.072       
 76.642	  5.986	 18.530       
 75.832	  8.979	 20.746       
 72.550	  8.783	 22.687       
 70.125	 11.694	 22.482       
 69.616	 13.134	 25.958       
 66.943	 15.598	 27.098       
 66.710	 16.736	 30.722       
 65.399	 19.282	 33.209       
 65.959	 20.021	 36.894       
 62.784	 19.977	 38.983       
 63.921	 22.458	 41.631       
 64.609	 25.056	 38.946       
 61.086	 24.928	 37.529       
BRIEF 1ORS B 221              
 26.466	 -7.902	 -2.891       
 26.863	 -9.982	  0.260       
 27.082	 -7.877	  3.418       
 27.360	 -8.756	  7.114       
 26.898	 -6.337	 10.001       
 27.533	 -6.976	 13.689       
 25.605	 -5.308	 16.509       
 25.354	 -5.445	 20.277       
 26.859	 -3.883	 23.456       
 30.503	 -2.841	 23.267       
 30.929	 -3.289	 27.011       
 30.355	 -6.312	 29.249       
 31.056	 -6.980	 32.933       
 33.227	 -9.959	 33.966       
 31.173	-13.086	 34.818       
 28.329	-11.935	 32.587       
 27.331	-12.956	 29.071       
 28.448	-11.308	 25.850       
 25.800	-11.250	 23.124       
 26.197	-10.064	 19.542       
 23.955	-10.073	 16.480       
 24.909	-10.383	 12.831       
 22.452	 -9.195	 10.201       
 23.186	-10.509	  6.714       
 21.971	 -8.913	  3.488       
 22.410	 -9.891	 -0.155       
 22.334	-13.633	  0.530       
 20.230	-16.070	  2.587       
 21.900	-17.870	  5.502       
 19.702	-20.916	  4.809       
 20.866	-21.211	  1.198       
 24.446	-22.390	  1.722       
 27.800	-21.915	  3.484       
 28.964	-21.408	  7.066       
 28.279	-18.316	  9.164       
 31.120	-17.608	 11.567       
 32.138	-15.520	 14.530       
 35.860	-14.716	 14.530       
 37.545	-12.458	 17.057       
 40.790	-10.539	 17.149       
 42.525	 -9.741	 20.413       
 44.260	 -6.438	 21.306       
 47.610	 -7.884	 20.206       
 45.927	 -8.753	 16.901       
 45.831	-12.539	 17.199       
 42.869	-13.972	 15.246       
 40.702	-16.755	 16.623       
 37.818	-18.659	 15.053       
 35.065	-19.125	 17.637       
 32.550	-21.264	 15.775       
 29.803	-21.257	 13.165       
 26.276	-22.329	 12.294       
 25.833	-23.392	  8.684       
 22.929	-23.165	  6.239       
 21.296	-26.295	  7.688       
 21.560	-25.036	 11.251       
 24.381	-27.268	 12.482       
 26.957	-25.654	 14.743       
 30.705	-26.212	 15.129       
 32.757	-24.634	 17.928       
 36.384	-23.955	 18.813       
 37.215	-26.644	 21.408       
 38.653	-24.040	 23.801       
 35.278	-22.246	 23.920       
 32.899	-25.224	 23.682       
 31.666	-25.008	 27.283       
 31.017	-21.254	 27.125       
 29.601	-20.555	 23.670       
 26.385	-20.854	 21.725       
 25.632	-19.784	 18.168       
 22.004	-19.602	 17.076       
 20.012	-18.074	 14.221       
 16.693	-16.493	 13.222       
 16.074	-17.375	  9.576       
 13.054	-15.053	  9.263       
 15.335	-12.097	  9.988       
 18.357	-13.588	  8.209       
 20.544	-13.105	 11.290       
 22.707	-15.376	 13.410       
 23.831	-14.785	 16.981       
 26.731	-15.246	 19.361       
 26.485	-15.830	 23.085       
 29.667	-16.225	 25.130       
 29.109	-16.899	 28.841       
 31.140	-16.013	 31.949       
 33.385	-13.599	 30.083       
 36.664	-12.367	 31.583       
 39.156	 -9.599	 30.856       
 40.742	-11.887	 28.256       
 37.600	-11.896	 26.127       
 38.180	 -8.225	 25.293       
 38.558	 -8.128	 21.511       
 37.058	 -7.061	 18.209       
 34.318	 -9.449	 17.076       
 33.662	-10.222	 13.403       
 30.740	-12.067	 11.806       
 32.088	-13.761	  8.677       
 30.886	-15.975	  5.826       
 32.678	-19.271	  5.268       
 32.785	-20.062	  1.543       
 34.057	-23.312	 -0.022       
 36.968	-24.840	  1.925       
 36.041	-22.343	  4.636       
 37.689	-19.454	  2.811       
 36.281	-16.407	  4.648       
 35.121	-14.304	  1.698       
 32.859	-11.747	  3.393       
 33.570	-10.126	  6.766       
 31.499	 -7.718	  8.823       
 33.359	 -4.539	  9.717       
 33.813	 -5.759	 13.280       
 32.689	 -4.518	 16.670       
 34.862	 -3.758	 19.677       
 33.855	 -5.371	 22.955       
 35.564	 -4.508	 26.205       
 35.230	 -6.691	 29.288       
 35.872	 -4.595	 32.375       
 34.546	 -3.784	 35.836       
 35.563	 -0.126	 35.444       
 32.952	  2.603	 35.384       
 32.682	  5.404	 32.838       
 35.199	  8.070	 33.834       
 36.089	 11.291	 31.957       
 39.773	 11.923	 31.256       
 41.944	 14.427	 33.098       
 43.667	 16.543	 30.445       
 47.064	 18.125	 31.082       
 48.985	 20.505	 28.798       
 52.591	 19.547	 28.039       
 54.814	 22.597	 27.506       
 58.644	 22.717	 27.201       
 60.845	 23.894	 30.058       
 63.262	 25.202	 27.428       
 66.621	 24.350	 29.080       
 68.781	 24.654	 25.937       
 65.592	 23.931	 23.950       
 65.762	 25.995	 20.728       
 65.693	 24.835	 17.073       
 63.568	 25.658	 13.997       
 60.682	 23.546	 15.371       
 58.892	 23.204	 18.702       
 56.990	 20.216	 20.071       
 54.035	 20.550	 22.437       
 51.673	 17.974	 23.831       
 48.707	 16.949	 25.910       
 48.391	 14.094	 28.356       
 44.944	 12.474	 28.575       
 44.696	 10.083	 31.486       
 42.407	  8.027	 33.648       
 39.480	  7.561	 31.272       
 37.121	  4.718	 30.432       
 35.985	  3.352	 28.149       
 37.738	  4.054	 24.864       
 37.830	  6.000	 22.758       
 38.755	  9.655	 23.106       
 39.300	 12.059	 20.212       
 42.174	 14.532	 20.262       
 42.515	 17.471	 17.895       
 44.566	 20.647	 17.927       
 43.123	 24.122	 17.415       
 39.754	 22.554	 16.606       
 41.351	 20.591	 13.792       
 42.952	 23.506	 11.940       
 46.272	 22.224	 13.269       
 46.398	 18.727	 11.751       
 49.872	 18.456	 10.264       
 52.725	 17.459	 12.556       
 50.460	 15.616	 14.977       
 51.057	 12.237	 16.634       
 48.323	 10.796	 18.871       
 49.586	  7.631	 20.528       
 47.629	  4.425	 21.137       
 46.080	  4.242	 24.595       
 47.394	  1.880	 27.266       
 45.737	  0.507	 30.419       
 47.390	  1.779	 33.600       
 45.124	  0.004	 36.085       
 41.756	 -0.523	 34.405       
 41.812	  3.061	 33.074       
 43.255	  4.312	 29.775       
 45.863	  6.995	 29.142       
 47.450	  8.452	 26.035       
 49.214	 11.568	 24.881       
 49.263	 13.554	 21.653       
 52.157	 15.677	 20.448       
 52.125	 18.449	 17.875       
 55.167	 20.006	 16.271       
 54.913	 23.522	 14.872       
 57.357	 26.119	 13.517       
 59.156	 28.145	 16.186       
 57.400	 31.211	 14.741       
 54.018	 29.711	 15.585       
 54.312	 29.059	 19.335       
 54.344	 30.681	 21.869       
 53.467	 33.635	 19.599       
 50.131	 32.109	 18.587       
 47.645	 30.175	 20.736       
 47.844	 26.378	 20.575       
 44.993	 24.394	 22.108       
 44.408	 20.670	 22.503       
 40.763	 19.603	 22.187       
 39.773	 16.355	 23.857       
 36.414	 14.656	 23.407       
 35.245	 11.605	 25.375       
 31.790	 10.685	 23.990       
 31.056	  8.027	 26.628       
 31.110	 10.641	 29.396       
 29.804	 13.458	 27.192       
 33.015	 15.314	 27.989       
 34.684	 17.954	 25.820       
 37.715	 19.824	 27.115       
 40.101	 22.353	 25.628       
 43.537	 22.893	 27.114       
 45.732	 25.825	 26.125       
 49.458	 25.088	 25.980       
 51.010	 27.856	 28.098       
 54.715	 28.804	 28.308       
 55.699	 27.952	 31.898       
 53.628	 30.885	 33.311       
 54.967	 34.299	 34.288       
 52.977	 34.230	 37.505       
