BRIEF 1OSP O 251              
-30.209	 48.371	 93.651  0.768
-31.600	 49.141	 90.183  0.705
-34.778	 50.887	 89.059  0.669
-37.688	 48.655	 88.007 -0.701
-38.000	 50.969	 85.023 -0.646
-34.360	 50.418	 84.194  0.689
-34.105	 46.654	 84.684  0.671
-35.466	 43.107	 84.557 -1.208
-35.536	 41.003	 87.737  0.016
-34.574	 37.359	 87.176  1.096
-35.037	 34.487	 89.638 -0.155
-32.180	 32.079	 90.255  0.574
-31.328	 28.846	 92.120  0.573
-31.291	 28.987	 95.920  0.543
-33.988	 31.660	 96.052 -1.036
-31.566	 34.218	 94.575 -0.885
-32.413	 37.071	 92.168 -0.561
-30.461	 39.311	 89.774  1.103
-31.339	 42.607	 88.139  0.579
-30.310	 42.888	 84.494  0.400
-30.356	 46.300	 82.847  1.150
-32.713	 46.814	 79.908  0.972
-30.081	 48.779	 77.988  1.187
-26.400	 48.136	 77.437  1.007
-23.917	 50.369	 79.245  0.762
-21.424	 52.746	 77.587 -0.055
-19.184	 49.735	 76.902  0.263
-21.860	 47.645	 75.212  0.618
-22.454	 45.325	 78.146  1.056
-25.515	 44.751	 80.332  1.129
-25.279	 45.653	 84.019 -1.677
-25.880	 43.029	 86.726  1.154
-26.844	 43.577	 90.374 -0.930
-27.748	 41.034	 93.070  0.845
-27.865	 41.433	 96.822 -0.184
-26.575	 38.393	 98.693  0.538
-26.596	 38.318	102.507 -0.264
-26.949	 42.121	102.613 -0.345
-24.016	 42.705	100.227  0.265
-24.678	 44.096	 96.740  0.675
-22.595	 42.359	 94.073  1.156
-21.890	 43.878	 90.667  1.224
-20.934	 42.668	 87.223  0.884
-21.611	 43.136	 83.532  0.156
-22.236	 40.755	 80.663  0.830
-22.473	 40.698	 76.914  0.557
-25.710	 38.725	 77.458  1.041
-29.004	 39.939	 78.939  0.093
-30.389	 36.769	 80.567  0.168
-28.792	 37.298	 83.962  0.940
-25.823	 34.986	 83.469  0.833
-22.301	 36.146	 84.292  0.887
-20.078	 37.003	 87.261 -1.801
-20.899	 39.472	 90.042  0.947
-18.536	 40.572	 92.822  0.863
-18.422	 42.513	 96.066  0.687
-16.240	 42.988	 99.153 -1.960
-17.348	 42.419	102.729  1.065
-16.668	 44.943	105.483 -1.393
-13.992	 42.488	106.678  0.952
-12.220	 42.748	103.290 -0.096
-13.220	 39.246	102.116  0.719
-13.901	 39.058	 98.359  0.656
-17.296	 37.673	 97.294 -0.204
-17.861	 36.255	 93.822  0.338
-21.125	 34.936	 92.347 -0.251
-21.069	 33.036	 89.081  0.493
-24.443	 32.470	 87.385 -0.149
-24.344	 29.710	 84.765 -0.343
-25.205	 30.449	 81.140 -0.826
-28.673	 28.857	 81.285  0.901
-29.326	 30.006	 84.841  0.925
-29.200	 26.389	 85.948 -0.133
-26.552	 26.857	 88.611 -1.372
-24.934	 29.435	 90.872  0.371
-21.507	 29.322	 92.556  0.049
-21.038	 31.683	 95.493 -1.003
-17.480	 31.977	 96.729  1.233
-16.087	 34.030	 99.604 -0.212
-12.290	 34.419	 99.511 -1.752
 -9.884	 36.078	101.935  0.252
 -8.772	 39.611	101.020  0.013
 -6.110	 38.100	 98.744  0.100
 -8.998	 37.025	 96.517  0.267
 -7.554	 33.518	 96.154 -0.486
 -7.802	 31.624	 99.433  0.559
-11.302	 30.202	 99.773  0.254
-13.114	 30.700	103.050  0.693
-16.372	 29.164	101.818  0.609
-17.965	 27.934	 98.608 -0.598
-21.517	 26.942	 97.730  0.336
-22.772	 25.530	 94.437  0.735
-26.568	 25.444	 94.049 -0.935
-28.571	 23.779	 91.271 -1.401
-31.922	 24.811	 89.843  0.670
-33.173	 21.489	 91.262 -0.304
-32.474	 22.571	 94.880  0.809
-29.462	 20.266	 95.241  0.822
-26.210	 21.889	 96.373  0.069
-22.699	 21.439	 97.741  0.779
-21.546	 23.788	100.521  0.293
-17.850	 23.614	101.455  0.552
-16.139	 25.204	104.450  0.205
-12.382	 25.664	104.143 -0.297
 -9.520	 26.006	106.586  0.251
 -6.740	 28.582	107.114 -1.457
 -4.868	 27.149	104.117 -0.191
 -7.845	 27.009	101.754  1.044
 -8.490	 23.273	102.132 -0.685
-12.050	 21.986	102.437 -1.541
-12.463	 20.975	106.062  0.054
-16.220	 20.417	105.883  0.030
-18.685	 19.483	103.139  0.701
-22.466	 19.440	103.003 -2.179
-24.192	 17.782	100.040 -1.507
-27.898	 18.582	 99.719 -0.605
-29.998	 16.417	 97.399  1.111
-32.947	 17.754	 95.439 -1.368
-35.248	 15.843	 97.811  0.482
-33.739	 17.613	100.804 -0.505
-31.764	 14.697	102.204  0.791
-28.185	 15.504	103.212  0.017
-24.702	 13.998	103.507  0.495
-22.644	 15.978	106.034  1.078
-18.855	 15.657	106.304  0.394
-16.694	 17.237	109.006  0.660
-13.200	 16.798	110.438 -2.475
-12.055	 16.216	106.894  0.012
 -8.363	 15.382	107.084 -0.362
 -5.721	 15.811	104.407 -1.551
 -5.938	 12.135	103.421 -1.112
 -9.616	 12.426	102.478  0.456
-10.918	 10.766	105.622 -0.533
-13.383	 12.394	108.006  0.074
-16.611	 12.019	109.984  1.064
-19.928	 11.499	108.164  1.019
-23.685	 11.793	108.702  0.368
-26.603	 11.195	106.402  1.233
-29.574	 13.374	107.222  0.741
-32.790	 11.668	106.118  0.948
-36.460	 12.330	106.731  0.703
-37.141	 11.236	110.290 -2.536
-33.674	  9.989	111.196 -0.983
-29.900	 10.455	111.035 -2.093
-27.410	  7.730	110.066  0.480
-23.818	  8.106	111.182  0.522
-20.543	  6.700	110.000  0.937
-17.218	  7.637	108.498  0.081
-15.757	  8.754	105.206  0.028
-12.607	  7.776	103.350 -0.465
-11.234	  8.598	 99.903 -1.056
-13.033	  5.495	 98.626 -0.217
-16.529	  5.825	100.130  0.161
-18.864	  6.878	102.946  0.239
-20.109	  4.209	105.353 -0.123
-23.088	  4.759	107.629 -0.307
-23.562	  2.181	110.377 -2.466
-26.468	  0.977	112.532 -0.565
-26.009	 -1.458	115.423 -1.718
-28.569	 -3.447	117.415 -0.077
-27.356	 -6.270	119.639 -0.209
-24.675	 -8.284	117.834  0.911
-25.865	 -7.126	114.416  0.860
-24.131	 -4.337	112.510  0.749
-25.709	 -2.846	109.359  0.489
-23.449	 -0.837	107.006 -0.897
-24.552	  1.355	104.110  0.705
-21.741	  2.238	101.696 -0.961
-21.938	  5.170	 99.271  0.871
-19.024	  5.592	 96.838 -2.150
-17.928	  8.870	 95.191 -0.558
-19.914	  7.876	 92.122  0.185
-23.039	  7.604	 94.271 -0.016
-23.043	  3.805	 94.120  0.104
-24.778	  2.268	 97.132  0.296
-24.289	 -1.189	 98.666  0.516
-25.565	 -2.509	101.972 -1.404
-24.201	 -5.322	104.112 -2.367
-24.987	 -6.951	107.453  0.539
-22.849	 -8.837	109.956 -2.082
-23.909	-10.580	113.153  0.944
-21.481	-11.819	115.824  0.653
-24.250	-14.025	117.269 -2.526
-22.949	-17.546	117.796 -0.785
-26.307	-19.364	117.946 -2.118
-26.989	-20.519	114.402 -2.552
-30.690	-20.423	115.289 -0.946
-30.768	-16.678	115.985 -1.397
-27.863	-15.401	113.909  1.065
-28.790	-12.919	111.158  1.224
-27.350	-13.264	107.666  0.646
-28.059	-11.094	104.621 -0.777
-27.677	-10.915	100.860 -2.548
-27.420	 -7.735	 98.834  0.585
-29.133	 -7.370	 95.455 -1.291
-27.744	 -4.248	 93.786 -0.925
-30.091	 -4.594	 90.834 -2.486
-33.048	 -4.061	 93.107  0.458
-31.271	 -2.225	 95.955  0.128
-32.602	 -4.717	 98.495  1.045
-30.994	 -6.537	101.401  0.911
-32.643	 -9.875	102.236  1.045
-32.157	-10.974	105.834  0.743
-32.200	-14.649	106.817 -0.153
-32.381	-16.338	110.241 -0.304
-32.518	-20.095	110.915 -0.482
-32.566	-20.959	107.201 -0.187
-35.567	-18.693	106.553  0.535
-35.701	-15.390	104.694  0.895
-37.292	-12.985	107.164  0.228
-37.304	 -9.438	105.690 -0.028
-36.328	 -7.368	102.624 -1.503
-34.818	 -3.965	103.368 -0.187
-35.247	 -1.776	100.286  1.282
-33.076	  1.299	 99.813  1.145
-35.110	  3.454	 97.426 -0.067
-33.955	  5.942	 94.792 -0.177
-35.996	  8.384	 96.862 -1.211
-33.526	  7.999	 99.726 -0.505
-35.922	  6.132	102.018  1.291
-35.817	  2.581	103.388  1.283
-38.768	  0.174	103.392  1.287
-39.296	 -3.109	105.244  0.356
-41.442	 -6.108	104.276  0.929
-41.647	 -9.524	105.957 -1.511
-41.627	-13.002	104.429  1.122
-44.275	-15.604	105.322 -0.385
-43.915	-18.041	108.236 -1.268
-42.032	-20.603	106.125 -0.288
-39.832	-17.833	104.728  1.137
-40.494	-18.343	101.008  0.397
-42.400	-15.318	 99.654 -2.603
-43.134	-11.790	100.831  0.926
-46.365	-10.950	102.666  0.106
-48.511	 -7.823	102.786  1.137
-46.956	 -4.596	101.549 -2.130
-43.647	 -2.785	102.213  0.849
-43.713	 -0.251	105.057 -0.574
-41.467	  2.820	104.951  1.223
-39.059	  3.441	107.845  1.013
-39.714	  6.728	109.660  0.024
-37.512	  6.409	112.735 -0.398
-34.041	  5.094	113.498  0.690
-35.565	  2.750	116.136 -2.500
-37.529	  1.004	113.381 -1.448
-34.331	  0.135	111.549  0.945
-32.995	 -1.305	114.810  0.751
-36.226	 -3.232	115.299 -1.774
-35.712	 -4.682	111.830  1.151
-32.243	 -5.819	112.967  1.139
-33.424	 -7.501	116.167  0.843
BRIEF 1OSP H 218              
-28.941	 15.988	 76.581       
-32.737	 16.242	 76.353       
-34.674	 14.552	 73.562       
-38.332	 15.502	 72.970       
-40.834	 13.507	 70.888       
-44.459	 14.372	 70.153       
-47.054	 11.650	 69.731       
-50.723	 11.846	 68.751       
-53.243	 11.109	 65.911       
-52.792	 12.651	 62.485       
-56.543	 13.189	 62.036       
-59.131	 14.594	 64.436       
-62.696	 15.705	 63.560       
-64.063	 19.175	 64.288       
-65.874	 19.507	 67.632       
-63.595	 16.756	 69.004       
-60.645	 16.934	 71.401       
-56.994	 16.882	 70.313       
-54.635	 15.185	 72.763       
-50.888	 15.044	 72.247       
-48.033	 13.651	 74.309       
-44.434	 14.819	 74.643       
-42.069	 12.072	 75.755       
-38.881	 13.589	 77.140       
-35.618	 11.744	 77.690       
-32.207	 12.776	 78.985       
-33.550	 15.231	 81.584       
-36.458	 15.347	 84.081       
-39.284	 17.779	 83.420       
-39.198	 18.775	 87.064       
-36.952	 21.767	 86.210       
-37.344	 24.313	 83.382       
-40.184	 25.277	 81.009       
-41.826	 22.695	 78.748       
-43.854	 24.259	 75.931       
-46.233	 23.520	 73.070       
-45.801	 25.501	 69.842       
-47.642	 24.880	 66.559       
-46.804	 25.650	 62.931       
-49.758	 26.616	 60.703       
-49.978	 25.595	 56.994       
-48.979	 29.090	 55.863       
-45.674	 28.557	 57.711       
-46.740	 30.650	 60.711       
-45.481	 29.822	 64.250       
-47.541	 30.171	 67.413       
-46.761	 29.666	 71.100       
-49.550	 27.762	 72.872       
-48.450	 27.284	 76.468       
-46.095	 25.667	 78.953       
-45.887	 23.694	 82.177       
-43.033	 24.273	 84.654       
-41.921	 23.736	 88.260       
-44.525	 22.032	 90.448       
-46.840	 21.673	 87.472       
-47.461	 25.412	 87.155       
-48.744	 26.484	 83.716       
-49.288	 29.456	 81.405       
-51.471	 29.572	 78.295       
-51.455	 31.958	 75.355       
-54.552	 34.110	 75.952       
-54.923	 34.795	 72.218       
-55.648	 31.177	 71.314       
-58.912	 30.721	 69.413       
-59.771	 27.674	 71.529       
-58.725	 27.033	 75.177       
-56.120	 24.397	 76.010       
-54.758	 22.614	 79.073       
-51.298	 21.232	 79.862       
-50.582	 18.462	 82.364       
-47.636	 16.266	 83.220       
-46.616	 12.875	 84.547       
-43.273	 13.299	 86.312       
-43.259	  9.551	 86.883       
-43.364	  8.967	 83.116       
-41.469	 12.181	 82.373       
-44.181	 12.978	 79.820       
-46.272	 16.103	 79.555       
-49.457	 16.549	 77.577       
-51.479	 18.981	 75.529       
-55.263	 18.926	 75.318       
-57.482	 21.100	 73.163       
-61.238	 20.530	 73.198       
-63.702	 21.252	 70.418       
-61.065	 21.736	 67.754       
-61.895	 23.580	 64.543       
-60.390	 23.196	 61.063       
-58.130	 26.096	 61.980       
-56.334	 23.909	 64.509       
-54.691	 22.056	 61.596       
-50.920	 22.361	 62.148       
-47.620	 20.709	 63.039       
-47.421	 20.549	 66.837       
-44.035	 20.815	 68.559       
-43.030	 20.388	 72.183       
-39.888	 22.256	 73.308       
-37.855	 23.158	 76.387       
-37.085	 26.805	 77.046       
-33.431	 27.815	 76.858       
-33.023	 28.896	 80.526       
-34.269	 27.412	 83.796       
-35.702	 30.738	 85.058       
-36.967	 33.941	 83.408       
-38.081	 34.432	 79.799       
-36.009	 32.866	 77.033       
-36.209	 31.192	 73.655       
-37.005	 27.571	 72.809       
-33.709	 25.667	 72.671       
-34.638	 22.008	 72.376       
-37.427	 20.933	 70.037       
-39.129	 17.684	 69.122       
-39.431	 16.692	 65.430       
-43.113	 17.657	 65.429       
-46.358	 15.844	 64.484       
-48.761	 16.950	 61.793       
-52.347	 16.974	 63.007       
-55.122	 17.582	 60.514       
-58.532	 18.680	 61.817       
-61.123	 17.758	 59.203       
-64.441	 15.937	 58.822       
-63.221	 14.215	 55.629       
-62.932	 10.424	 55.579       
-59.522	  8.754	 55.790       
-58.700	  7.445	 52.292       
-55.733	  5.236	 51.325       
-53.765	  6.149	 48.179       
-53.863	  4.398	 44.829       
-50.247	  3.796	 43.820       
-49.425	  3.671	 40.133       
-46.001	  2.787	 38.625       
-44.502	  5.298	 36.205       
-42.477	  3.468	 33.553       
-41.234	  4.808	 30.180       
-43.532	  5.461	 27.567       
-41.762	  6.028	 24.254       
-40.331	  4.155	 21.274       
-36.658	  4.329	 22.222       
-34.473	  2.358	 24.599       
-32.886	  4.475	 27.331       
-29.405	  5.934	 27.114       
-27.029	  5.947	 30.095       
-29.631	  6.184	 32.869       
-33.383	  5.901	 33.236       
-36.020	  7.762	 35.238       
-38.960	  5.893	 36.721       
-41.556	  7.044	 39.209       
-44.672	  6.360	 41.226       
-47.868	  8.372	 41.385       
-49.604	  8.215	 44.788       
-53.139	  9.444	 44.174       
-56.376	 10.323	 45.968       
-55.518	  9.789	 49.624       
-56.579	 12.078	 52.413       
-54.908	 12.460	 55.773       
-51.558	 13.912	 54.695       
-48.239	 12.193	 54.877       
-47.227	  9.162	 52.905       
-43.677	  7.861	 52.549       
-42.334	  6.544	 49.274       
-39.292	  4.304	 49.644       
-37.353	  2.983	 46.674       
-35.605	 -0.319	 46.147       
-33.326	 -0.727	 43.148       
-30.354	 -2.738	 41.948       
-28.011	  0.235	 41.790       
-26.375	  1.286	 45.054       
-26.476	  4.826	 43.598       
-29.655	  6.622	 42.538       
-31.256	 10.068	 42.412       
-34.623	 10.458	 44.162       
-37.173	 13.279	 44.018       
-40.204	 13.408	 46.284       
-42.798	 15.850	 44.967       
-44.798	 17.783	 47.635       
-48.386	 16.607	 48.144       
-51.143	 18.963	 46.928       
-54.873	 18.958	 47.665       
-57.411	 19.080	 44.785       
-61.127	 18.400	 45.342       
-60.552	 17.315	 48.916       
-57.914	 14.631	 48.177       
-54.110	 14.520	 48.106       
-51.883	 13.421	 45.243       
-48.094	 13.222	 45.208       
-45.321	 11.547	 43.177       
-41.677	 10.469	 43.414       
-39.028	  9.726	 40.824       
-35.799	  7.748	 40.720       
-33.030	  7.765	 38.171       
-30.790	  4.702	 37.912       
-28.177	  3.382	 35.437       
-29.970	  1.964	 32.382       
-27.806	 -1.123	 32.876       
-29.567	 -1.802	 36.156       
-33.338	 -1.457	 35.745       
-35.026	 -3.839	 33.311       
-32.108	 -6.014	 34.403       
-32.474	 -5.453	 38.158       
-35.857	 -4.879	 39.835       
-36.897	 -1.424	 41.135       
-39.827	 -1.162	 43.534       
-41.523	  1.729	 45.296       
-43.027	  1.135	 48.723       
-45.747	  3.582	 49.740       
-46.808	  3.828	 53.371       
-49.880	  5.697	 54.609       
-49.941	  5.341	 58.444       
-53.324	  7.084	 58.760       
-55.042	  4.154	 57.035       
-52.542	  1.491	 58.129       
-51.589	  0.808	 54.515       
-48.352	  0.114	 52.621       
-48.313	 -0.775	 48.925       
-45.255	 -1.875	 46.954       
-45.249	 -1.384	 43.181       
-42.581	 -3.062	 41.065       
-41.685	 -1.095	 37.946       
-42.461	 -2.812	 34.611       
BRIEF 1OSP L 214              
-49.564	 40.690	 71.877       
-46.509	 42.358	 70.374       
-46.487	 41.988	 66.590       
-43.171	 40.832	 65.147       
-42.789	 41.772	 61.494       
-40.458	 40.277	 58.869       
-41.430	 42.266	 55.734       
-39.622	 39.936	 53.352       
-41.031	 36.436	 53.001       
-38.114	 35.349	 50.820       
-34.899	 36.510	 49.079       
-32.517	 34.906	 46.583       
-28.814	 35.404	 47.336       
-25.561	 34.475	 45.563       
-23.023	 32.088	 47.100       
-20.620	 33.987	 49.356       
-22.675	 37.173	 49.241       
-23.685	 39.149	 52.330       
-27.239	 38.767	 53.648       
-29.209	 40.882	 56.097       
-32.670	 39.940	 57.428       
-34.844	 42.493	 59.217       
-37.219	 42.076	 62.170       
-39.529	 44.715	 63.731       
-41.454	 44.602	 67.015       
-44.688	 46.564	 67.366       
-43.296	 47.971	 70.617       
-39.951	 48.157	 72.459       
-38.661	 44.666	 73.349       
-35.184	 45.730	 74.537       
-33.305	 43.022	 72.640       
-35.165	 40.161	 74.362       
-35.318	 38.650	 70.890       
-34.501	 35.184	 69.573       
-33.753	 33.969	 66.039       
-34.326	 30.498	 64.611       
-33.130	 28.715	 61.495       
-35.588	 26.174	 60.060       
-34.706	 23.812	 57.236       
-37.292	 21.724	 55.360       
-38.283	 18.645	 57.327       
-36.677	 19.861	 60.555       
-37.744	 21.743	 63.698       
-36.604	 25.363	 64.089       
-33.151	 25.728	 65.658       
-32.371	 28.506	 68.195       
-29.595	 30.529	 66.573       
-29.395	 33.813	 68.494       
-30.650	 34.948	 71.898       
-30.733	 38.463	 73.354       
-30.789	 39.767	 69.750       
-27.011	 39.511	 69.305       
-25.770	 36.574	 71.391       
-25.016	 33.621	 69.108       
-25.560	 30.053	 70.327       
-22.451	 27.806	 70.355       
-23.263	 25.766	 67.197       
-23.489	 28.853	 64.980       
-20.641	 29.590	 62.472       
-18.887	 32.963	 62.784       
-20.419	 34.245	 59.524       
-23.703	 34.838	 61.437       
-24.421	 37.856	 63.615       
-27.319	 39.908	 64.901       
-27.611	 43.649	 65.390       
-29.192	 45.984	 67.924       
-27.707	 49.265	 66.695       
-30.246	 49.938	 63.960       
-33.845	 51.124	 63.787       
-35.052	 47.546	 64.215       
-33.361	 44.125	 64.434       
-31.321	 42.192	 61.894       
-29.643	 38.847	 61.357       
-26.637	 39.026	 59.051       
-24.539	 36.457	 57.216       
-21.284	 37.887	 55.806       
-20.697	 35.066	 53.303       
-23.743	 32.958	 52.399       
-22.912	 29.219	 52.192       
-25.074	 26.510	 50.610       
-25.746	 25.128	 54.094       
-27.436	 28.410	 55.062       
-30.412	 27.965	 52.711       
-33.287	 27.952	 55.221       
-36.141	 29.997	 56.703       
-35.291	 32.345	 59.576       
-37.753	 33.398	 62.252       
-37.368	 36.144	 64.865       
-39.359	 35.915	 68.141       
-39.805	 38.232	 71.106       
-39.924	 37.146	 74.734       
-40.048	 40.586	 76.310       
-43.726	 40.343	 77.269       
-46.239	 37.432	 77.245       
-47.257	 35.772	 75.172       
-44.060	 35.177	 73.157       
-44.714	 35.997	 69.493       
-42.899	 35.104	 66.240       
-42.124	 37.015	 63.067       
-43.476	 35.570	 59.828       
-40.245	 34.010	 58.564       
-37.836	 34.960	 55.753       
-36.888	 32.188	 53.353       
-33.549	 32.174	 51.550       
-32.837	 30.699	 48.129       
-29.335	 30.343	 46.745       
-28.512	 31.270	 43.159       
-26.607	 28.922	 40.864       
-25.915	 28.348	 37.155       
-28.849	 27.987	 34.790       
-29.689	 24.376	 34.103       
-32.180	 23.071	 31.544       
-34.621	 20.404	 32.852       
-34.336	 16.656	 32.111       
-37.863	 15.848	 30.920       
-39.717	 12.519	 30.971       
-43.267	 11.578	 29.901       
-45.182	  8.570	 31.334       
-48.447	  6.994	 30.021       
-51.281	  5.796	 32.299       
-50.673	  2.479	 34.058       
-52.770	 -0.619	 33.372       
-53.851	 -0.534	 37.027       
-55.338	  2.961	 36.706       
-56.902	  2.322	 33.312       
-58.505	 -0.750	 34.900       
-60.156	  1.525	 37.480       
-61.398	  3.833	 34.730       
-58.898	  6.643	 35.161       
-56.040	  7.920	 33.025       
-53.168	 10.059	 34.284       
-50.192	 11.068	 32.114       
-47.128	 12.389	 33.944       
-44.115	 14.510	 33.061       
-41.105	 14.941	 35.333       
-38.952	 18.022	 34.724       
-35.842	 17.274	 36.784       
-32.860	 19.324	 37.931       
-33.381	 22.795	 36.526       
-32.754	 26.437	 37.518       
-34.120	 29.047	 37.875       
-37.345	 27.849	 39.559       
-39.830	 29.388	 37.111       
-40.956	 26.886	 34.475       
-44.028	 26.107	 32.359       
-45.612	 22.838	 31.135       
-48.133	 22.722	 28.302       
-50.253	 19.633	 27.733       
-51.364	 18.872	 24.185       
-53.714	 16.021	 23.247       
-53.467	 15.304	 19.517       
-51.835	 18.689	 19.031       
-54.375	 20.768	 20.928       
-53.673	 22.183	 24.384       
-55.462	 20.817	 27.453       
-55.825	 23.113	 30.476       
-58.102	 21.076	 32.769       
-57.113	 18.264	 35.083       
-53.560	 19.476	 35.871       
-51.524	 19.160	 39.095       
-48.015	 20.690	 39.185       
-45.731	 20.245	 42.206       
-42.275	 21.826	 42.608       
-39.728	 20.420	 45.075       
-37.864	 22.509	 47.658       
-34.433	 23.756	 46.468       
-31.999	 20.821	 46.516       
-29.752	 20.980	 49.583       
-26.768	 19.873	 47.515       
-26.913	 21.000	 43.874       
-29.456	 23.767	 44.466       
-31.659	 22.854	 41.456       
-35.464	 22.410	 41.323       
-37.662	 19.626	 39.912       
-41.344	 19.666	 38.994       
-43.962	 16.956	 38.474       
-46.918	 17.589	 36.176       
-49.893	 15.202	 36.003       
-52.765	 15.462	 33.482       
-55.741	 13.382	 34.621       
-58.533	 12.389	 32.211       
-61.031	  9.528	 32.248       
-60.065	  6.311	 30.494       
-62.924	  7.010	 28.031       
-61.543	 10.388	 26.981       
-57.966	  9.056	 26.942       
-58.802	  6.286	 24.509       
-60.332	  8.935	 22.213       
-56.853	 10.121	 21.189       
-53.385	  8.893	 20.213       
-50.593	 11.414	 20.735       
-49.958	 12.787	 24.229       
-47.385	 15.569	 24.606       
-45.992	 17.872	 27.301       
-43.892	 20.885	 26.360       
-41.547	 22.296	 28.975       
-40.787	 25.990	 28.572       
-37.851	 27.349	 30.551       
-35.336	 30.228	 30.541       
-32.604	 27.967	 29.177       
-34.070	 27.994	 25.665       
-36.415	 29.545	 23.130       
-37.751	 26.198	 21.908       
-39.603	 24.095	 24.516       
-38.303	 20.670	 25.466       
-41.003	 18.414	 24.074       
-41.798	 14.818	 25.013       
-44.643	 12.618	 23.817       
-45.913	  9.135	 23.110       
-48.621	  7.709	 20.842       
-51.373	  5.676	 22.507       
-51.276	  2.982	 19.814       
-47.674	  2.005	 19.898       
-48.616	 -1.175	 22.212       
