BRIEF 1QLE B 252              
 30.697	 88.663	 -8.527  0.732
 29.311	 91.890	-10.080  0.222
 25.600	 91.404	 -9.250  0.707
 26.741	 90.158	 -5.808  0.528
 28.183	 93.549	 -4.980 -1.205
 29.702	 94.371	 -1.627 -0.157
 30.066	 90.870	 -0.222 -0.538
 32.117	 91.145	  3.025  0.145
 35.089	 88.787	  3.416  0.145
 34.559	 86.573	  6.506  0.145
 36.193	 83.147	  6.214  0.145
 39.864	 84.038	  5.904  0.145
 43.097	 83.719	  8.024  0.145
 44.617	 86.682	  9.946  0.145
 48.211	 87.214	 11.196  0.145
 49.254	 86.449	 14.824  0.145
 46.220	 84.221	 14.606  0.145
 46.059	 81.349	 17.023  0.145
 42.400	 80.272	 16.606 -1.214
 39.785	 79.430	 13.923 -0.223
 38.347	 81.363	 10.986  0.558
 34.824	 82.822	 11.708  0.109
 32.249	 80.055	 12.462  0.424
 30.124	 80.272	  9.351  0.071
 28.133	 77.030	  9.596  0.741
 26.089	 74.939	 12.083  0.758
 28.618	 72.191	 11.385  0.183
 31.490	 74.617	 11.967  0.700
 29.760	 75.643	 15.214  0.677
 29.762	 72.130	 16.665  0.694
 33.228	 71.523	 15.201  0.495
 34.477	 74.354	 17.397 -0.605
 32.427	 73.705	 20.563  0.341
 34.030	 70.266	 20.696  0.702
 37.448	 71.571	 19.740  0.667
 37.183	 73.801	 22.746  0.658
 35.879	 70.927	 24.820  0.629
 38.927	 68.769	 24.056 -1.094
 41.472	 71.622	 24.166 -0.548
 40.091	 72.193	 27.627 -0.241
 40.870	 68.636	 28.779  0.679
 44.107	 68.164	 26.811  0.351
 45.223	 71.364	 28.588 -1.211
 43.869	 70.311	 31.986  0.365
 45.925	 67.074	 31.830  0.367
 49.116	 68.634	 30.470  0.649
 49.066	 71.201	 33.302 -3.495
 48.450	 68.409	 35.837 -1.208
 51.324	 66.379	 34.409  0.649
 53.533	 69.436	 34.975 -1.336
 52.671	 70.103	 38.639  0.499
 53.770	 66.591	 39.605 -0.434
 56.642	 66.752	 37.118  0.484
 57.642	 69.949	 38.916 -3.495
 57.057	 68.584	 42.447 -0.977
 59.744	 66.015	 41.624  0.083
 62.271	 68.730	 40.726 -1.225
 61.794	 70.625	 44.002  0.145
 61.044	 67.831	 46.507  0.145
 62.824	 64.667	 45.374 -1.218
 66.307	 65.632	 44.163  0.681
 69.861	 64.696	 45.330 -3.495
 70.101	 67.316	 48.083 -3.495
 66.395	 67.714	 48.811 -1.136
 66.451	 63.909	 48.901  0.598
 69.719	 61.895	 49.287  0.690
 68.179	 58.770	 50.889 -1.212
 65.230	 57.864	 48.599  0.145
 62.385	 55.638	 49.765  0.145
 61.435	 52.349	 48.077  0.145
 57.929	 51.385	 46.894  0.393
 57.302	 49.774	 43.493  0.641
 53.481	 49.842	 43.519  0.481
 50.163	 51.120	 44.839  0.655
 47.102	 49.084	 43.645  0.586
 44.658	 51.977	 44.280 -0.502
 46.790	 54.848	 42.866  0.681
 47.384	 52.693	 39.809  0.687
 43.673	 51.923	 39.422 -1.215
 42.724	 55.591	 39.917  0.302
 45.025	 56.521	 37.034  0.526
 43.654	 53.918	 34.638  0.764
 39.971	 54.437	 35.322  0.145
 40.048	 58.274	 35.303 -0.392
 41.515	 58.626	 31.801  0.758
 38.901	 56.074	 30.714  0.535
 36.125	 58.220	 32.197 -0.132
 37.654	 61.326	 30.616 -0.319
 37.720	 59.605	 27.236  0.705
 34.141	 58.279	 27.623 -0.214
 33.100	 61.871	 28.267  0.083
 34.725	 63.167	 25.077  0.653
 33.197	 60.351	 22.980  0.706
 29.805	 61.129	 24.403 -1.267
 29.989	 64.433	 22.521  0.653
 32.163	 63.340	 19.556  0.741
 29.622	 60.880	 17.973  0.705
 26.465	 63.071	 17.934  0.442
 28.568	 65.855	 16.354  0.252
 30.108	 63.369	 13.930  0.653
 26.778	 61.831	 12.840  0.641
 25.155	 65.160	 11.920  0.271
 28.208	 66.117	  9.817 -0.201
 28.517	 63.046	  7.559  0.689
 24.797	 62.336	  7.418  0.761
 23.942	 64.075	  4.134  0.049
 20.477	 65.705	  3.769  0.145
 17.722	 63.875	  1.907  0.126
 16.215	 67.198	  0.833 -0.994
 19.036	 69.367	 -0.534  0.758
 17.946	 72.579	 -2.238 -1.215
 21.183	 72.971	 -4.211 -1.215
 23.163	 69.967	 -5.594  0.709
 26.500	 71.395	 -6.791 -0.121
 29.142	 69.048	 -8.205  0.761
 32.758	 70.197	 -7.761 -0.532
 35.585	 68.695	 -9.797  0.481
 39.285	 68.547	 -8.974  0.756
 41.297	 68.898	-12.160  0.732
 45.064	 69.049	-12.534  0.762
 45.526	 72.452	-10.866  0.741
 42.070	 74.046	-11.538  0.641
 38.539	 73.462	-10.125  0.741
 35.429	 72.832	-12.240  0.666
 31.906	 73.078	-10.798  0.755
 28.717	 72.342	-12.728  0.761
 25.227	 72.985	-11.307  0.582
 23.141	 69.942	-12.537  0.690
 19.595	 71.313	-12.530  0.594
 20.278	 75.063	-12.455 -3.495
 22.167	 74.718	-15.779 -0.526
 25.354	 76.570	-14.699 -1.215
 28.661	 74.995	-15.820  0.454
 32.142	 76.569	-15.674  0.702
 35.786	 76.326	-14.454  0.695
 38.034	 78.274	-12.047  0.691
 41.666	 79.380	-12.402  0.629
 43.790	 81.076	 -9.769  0.734
 44.174	 84.856	 -9.875 -0.474
 47.407	 86.831	 -9.828  0.399
 48.992	 89.547	 -7.608 -0.492
 47.856	 92.179	-10.099  0.043
 44.552	 90.650	-11.304 -0.117
 43.080	 90.777	 -7.785 -0.767
 41.992	 94.421	 -7.625 -3.495
 40.483	 94.256	-11.131 -3.495
 38.188	 91.560	 -9.636 -3.494
 37.440	 93.075	 -6.251 -3.495
 40.270	 91.529	 -4.252  0.482
 42.816	 92.889	 -1.785  0.692
 46.528	 92.194	 -2.144  0.145
 46.369	 89.882	  0.874  0.145
 44.221	 87.466	 -1.152  0.145
 46.612	 86.579	 -4.039  0.145
 46.882	 82.820	 -3.412  0.653
 43.508	 82.023	 -1.829  0.705
 41.162	 83.457	 -4.528  0.376
 39.900	 83.015	 -8.122  0.496
 37.443	 84.529	-10.610  0.695
 34.312	 82.593	-11.570  0.625
 33.283	 81.747	 -8.038  0.549
 30.952	 79.194	 -6.531 -1.200
 27.789	 80.744	 -5.078 -1.273
 25.206	 79.534	 -2.629  0.189
 22.068	 81.327	 -1.364  0.758
 22.592	 82.082	  2.359 -0.506
 20.701	 80.147	  5.063  0.457
 20.211	 76.998	  2.952 -0.328
 21.462	 73.403	  2.883  0.461
 24.022	 72.795	  0.136  0.187
 25.020	 69.500	 -1.366  0.691
 28.561	 69.752	 -2.724 -0.303
 29.499	 66.447	 -4.275  0.478
 33.282	 66.405	 -4.814  0.311
 35.337	 64.347	 -7.284  0.185
 38.363	 64.502	 -9.608  0.622
 39.601	 63.446	-13.048 -0.021
 43.381	 62.876	-12.759  0.729
 44.491	 62.638	 -9.107  0.735
 43.304	 62.953	 -5.482  0.121
 42.464	 66.564	 -4.664  0.763
 40.491	 68.073	 -1.728  0.740
 37.720	 70.674	 -1.580  0.633
 37.423	 72.666	  1.665  0.494
 36.450	 75.885	  3.458 -1.215
 37.618	 76.055	  7.092  0.711
 34.814	 78.478	  7.978 -1.030
 32.193	 75.908	  7.040  0.176
 34.205	 72.991	  8.592  0.596
 34.025	 70.837	  5.475  0.136
 36.903	 68.824	  3.877  0.761
 36.527	 66.146	  1.191  0.016
 39.181	 64.377	 -0.849  0.762
 38.385	 64.415	 -4.554  0.393
 39.270	 60.800	 -5.393  0.407
 39.181	 59.835	 -9.063  0.758
 36.897	 56.817	 -9.371  0.756
 34.114	 57.839	 -6.970  0.728
 31.602	 60.577	 -6.028  0.545
 31.573	 61.833	 -2.409  0.704
 29.197	 64.165	 -0.526  0.762
 29.526	 67.083	  1.866  0.008
 26.846	 69.392	  3.294  0.423
 26.971	 72.823	  4.889  0.538
 24.885	 75.977	  5.357 -2.926
 26.422	 79.482	  5.429 -0.982
 25.208	 81.351	  8.514  0.336
 25.700	 84.898	  7.178  0.623
 26.456	 86.209	  3.707 -0.020
 29.853	 87.213	  2.344  0.756
 33.122	 85.721	  1.062 -1.099
 34.809	 82.619	  2.500 -0.306
 38.103	 81.062	  1.327 -1.214
 39.318	 77.471	  0.902  0.703
 42.415	 75.736	 -0.619  0.762
 43.244	 72.317	 -2.265  0.754
 43.889	 70.130	  0.786  0.716
 45.627	 66.991	 -0.516  0.724
 48.992	 66.892	 -2.337  0.679
 48.302	 66.670	 -6.101  0.694
 51.484	 68.021	 -7.728  0.756
 53.558	 71.172	 -8.331  0.340
 50.660	 73.633	 -8.397  0.737
 49.053	 72.192	 -5.241  0.701
 49.270	 75.598	 -3.592  0.740
 47.774	 77.238	 -6.685  0.592
 44.154	 75.977	 -6.840  0.704
 42.149	 77.831	 -4.134  0.710
 38.419	 77.704	 -3.532  0.681
 36.251	 80.736	 -2.961  0.496
 32.541	 80.538	 -2.206  0.348
 30.046	 83.462	 -1.999  0.686
 27.060	 83.487	  0.350  0.587
 24.267	 85.762	 -0.909 -0.888
 20.637	 86.504	 -0.088 -0.104
 17.970	 84.673	 -2.074 -1.215
 17.406	 87.915	 -3.988 -0.474
 21.052	 88.441	 -5.093 -3.495
 21.282	 84.715	 -5.765  0.534
 18.568	 84.397	 -8.445  0.206
 19.922	 87.582	-10.017 -0.910
 23.340	 85.960	-10.292  0.626
 21.950	 82.671	-11.605  0.037
 19.799	 84.292	-14.297 -1.215
 22.954	 85.705	-15.854 -2.835
 25.207	 82.665	-15.442 -1.220
 22.714	 80.451	-17.305 -3.495
 23.665	 82.450	-20.415 -0.370
 27.352	 83.110	-19.638  0.098
 28.016	 79.453	-18.740 -1.002
 25.470	 77.332	-20.641 -0.794
 25.324	 73.545	-20.962 -0.248
BRIEF 1QLE A 538              
 88.712	 50.494	  7.926       
 89.504	 46.829	  8.668       
 87.523	 45.189	  5.763       
 86.784	 42.217	  8.079       
 85.739	 43.937	 11.339       
 83.533	 46.577	  9.786       
 82.391	 45.031	  6.546       
 82.059	 41.479	  7.793       
 80.640	 41.863	 11.271       
 78.986	 39.079	 13.195       
 79.292	 40.832	 16.544       
 75.967	 42.215	 17.726       
 77.864	 45.086	 19.401       
 79.758	 46.088	 16.263       
 76.417	 46.152	 14.456       
 74.686	 48.518	 16.870       
 77.665	 50.842	 16.324       
 77.479	 50.660	 12.507       
 73.746	 51.580	 12.816       
 73.920	 54.522	 15.208       
 76.599	 56.283	 13.083       
 74.615	 55.643	  9.905       
 71.208	 56.811	 11.193       
 73.087	 59.933	 12.276       
 74.761	 60.540	  8.928       
 71.464	 59.950	  7.082       
 69.517	 61.744	  9.780       
 71.882	 64.678	  9.200       
 71.156	 64.891	  5.464       
 67.445	 64.888	  6.376       
 67.733	 67.391	  9.236       
 69.487	 69.525	  6.616       
 66.719	 69.269	  4.013       
 64.599	 70.757	  6.823       
 66.370	 74.141	  6.911       
 66.438	 74.811	  3.194       
 62.744	 73.859	  3.501       
 62.048	 76.012	  6.573       
 63.858	 78.823	  4.757       
 61.231	 79.345	  2.047       
 58.531	 79.073	  4.728       
 59.856	 81.936	  6.875       
 58.781	 84.656	  4.436       
 56.007	 84.464	  1.735       
 56.637	 84.078	 -2.016       
 59.223	 82.044	 -3.904       
 62.633	 83.518	 -3.141       
 64.978	 80.535	 -3.128       
 63.106	 77.837	 -4.945       
 62.861	 79.315	 -8.441       
 62.190	 77.312	-11.622       
 64.953	 79.327	-13.308       
 67.339	 77.765	-10.768       
 67.406	 76.984	 -7.025       
 69.108	 79.491	 -4.758       
 70.825	 79.748	 -1.390       
 70.271	 83.512	 -1.125       
 67.235	 85.725	 -1.925       
 67.291	 87.096	 -5.525       
 65.305	 90.394	 -5.597       
 66.542	 91.260	 -9.099       
 66.050	 87.741	-10.496       
 62.921	 86.021	-11.879       
 61.897	 83.565	 -9.158       
 59.061	 81.615	-10.783       
 57.178	 79.113	 -8.528       
 58.623	 75.594	 -8.501       
 56.499	 73.198	 -6.455       
 58.385	 70.132	 -7.779       
 61.739	 70.904	 -6.096       
 59.727	 71.698	 -2.945       
 57.626	 68.498	 -3.074       
 60.893	 66.599	 -3.617       
 62.500	 68.260	 -0.622       
 59.562	 67.116	  1.546       
 58.900	 63.713	 -0.057       
 62.495	 62.772	  0.556       
 62.712	 64.556	  3.922       
 60.125	 62.119	  5.213       
 60.943	 58.920	  3.387       
 64.318	 59.113	  5.188       
 63.079	 60.142	  8.628       
 60.677	 57.151	  8.511       
 62.337	 54.433	  6.294       
 66.033	 55.148	  6.924       
 66.848	 57.102	 10.172       
 64.744	 56.810	 13.388       
 64.466	 53.050	 13.849       
 67.892	 52.156	 12.484       
 69.039	 54.253	 15.376       
 66.737	 52.944	 18.079       
 66.317	 49.461	 16.669       
 69.448	 48.678	 14.665       
 71.362	 50.652	 17.299       
 69.783	 50.452	 20.752       
 68.514	 46.929	 19.967       
 71.567	 45.119	 18.740       
 74.037	 46.746	 21.116       
 71.998	 46.281	 24.293       
 69.116	 43.803	 24.209       
 71.456	 40.770	 24.126       
 73.484	 42.229	 27.047       
 70.227	 42.860	 28.926       
 69.269	 39.153	 28.998       
 72.832	 37.903	 29.335       
 73.089	 36.625	 25.794       
 76.459	 35.599	 24.328       
 75.030	 36.930	 21.109       
 72.007	 36.829	 18.830       
 70.605	 33.693	 17.226       
 71.332	 34.672	 13.630       
 74.496	 36.943	 13.447       
 74.905	 35.922	  9.837       
 71.598	 37.773	  9.423       
 72.066	 40.577	 11.982       
 74.343	 42.060	  9.325       
 72.466	 41.492	  6.045       
 69.869	 43.667	  7.761       
 72.536	 46.369	  7.994       
 73.962	 45.989	  4.564       
 70.404	 45.962	  3.240       
 69.643	 49.045	  5.356       
 72.301	 50.852	  3.228       
 71.078	 49.275	 -0.056       
 68.017	 51.423	  0.595       
 69.778	 54.672	  1.458       
 71.793	 53.970	 -1.657       
 68.777	 53.069	 -3.799       
 66.897	 55.950	 -2.159       
 69.395	 58.718	 -2.943       
 69.508	 57.190	 -6.428       
 65.784	 58.033	 -6.623       
 66.482	 61.585	 -5.476       
 68.941	 62.069	 -8.366       
 66.917	 59.957	-10.764       
 65.199	 61.477	-13.872       
 61.571	 61.392	-12.756       
 58.663	 63.795	-12.889       
 57.843	 66.686	-15.234       
 61.271	 66.898	-16.885       
 62.611	 67.291	-13.362       
 64.870	 65.084	-11.276       
 63.391	 63.271	 -8.311       
 59.946	 61.752	 -7.881       
 57.967	 64.066	 -5.659       
 54.727	 62.497	 -4.389       
 54.667	 62.720	 -0.595       
 56.335	 60.282	  1.851       
 53.595	 57.638	  1.573       
 53.306	 57.716	 -2.268       
 49.544	 58.096	 -2.989       
 48.166	 57.202	 -6.445       
 47.194	 58.156	 -9.171       
 49.775	 60.823	 -8.376       
 52.379	 58.054	 -7.967       
 51.210	 55.697	-10.711       
 51.441	 58.753	-13.032       
 54.730	 60.569	-12.214       
 57.098	 60.637	-15.202       
 60.659	 59.346	-15.461       
 61.499	 56.434	-13.180       
 62.718	 57.904	 -9.862       
 59.633	 56.391	 -8.118       
 60.488	 52.976	 -9.378       
 63.741	 53.443	 -7.446       
 61.927	 54.894	 -4.424       
 59.617	 51.830	 -4.326       
 62.679	 49.554	 -4.348       
 64.440	 51.716	 -1.733       
 61.307	 51.176	  0.422       
 61.077	 47.454	 -0.321       
 64.736	 46.927	  0.671       
 64.418	 49.087	  3.792       
 61.544	 46.925	  5.021       
 63.495	 43.768	  4.144       
 66.192	 44.871	  6.631       
 63.560	 45.553	  9.318       
 61.948	 42.119	  8.981       
 65.382	 40.458	  9.172       
 66.227	 42.306	 12.307       
 62.806	 41.502	 13.745       
 63.092	 37.789	 12.943       
 66.446	 37.805	 14.730       
 65.208	 39.944	 17.641       
 62.351	 37.578	 18.554       
 64.445	 34.386	 18.273       
 67.196	 35.847	 20.510       
 64.780	 37.260	 23.122       
 62.830	 34.070	 23.916       
 65.632	 31.600	 23.334       
 68.946	 33.117	 24.401       
 68.058	 34.434	 27.853       
 70.348	 33.940	 30.868       
 69.448	 31.052	 33.233       
 66.952	 32.380	 35.745       
 65.628	 34.990	 33.313       
 62.162	 33.606	 32.521       
 59.867	 36.269	 30.953       
 58.846	 38.712	 33.651       
 62.271	 39.058	 35.144       
 63.627	 40.654	 31.942       
 64.664	 44.349	 32.032       
 62.257	 46.832	 30.405       
 64.493	 47.888	 27.542       
 64.329	 44.263	 26.507       
 60.542	 43.915	 26.270       
 60.259	 47.207	 24.346       
 62.402	 45.807	 21.550       
 60.719	 42.391	 21.480       
 57.271	 43.935	 21.074       
 58.542	 46.294	 18.369       
 60.002	 43.335	 16.409       
 56.504	 41.870	 16.482       
 54.714	 44.927	 15.098       
 57.583	 45.057	 12.577       
 57.324	 41.452	 11.366       
 53.508	 41.697	 10.944       
 52.972	 45.106	  9.245       
 56.031	 45.346	  6.935       
 55.088	 42.457	  4.583       
 51.714	 44.223	  4.115       
 53.399	 47.425	  2.967       
 55.534	 45.376	  0.580       
 52.289	 44.479	 -1.179       
 50.929	 48.013	 -1.461       
 54.028	 49.383	 -3.156       
 54.391	 46.277	 -5.388       
 50.929	 47.131	 -6.887       
 52.006	 50.711	 -7.502       
 54.814	 49.306	 -9.672       
 52.552	 46.961	-11.609       
 49.856	 49.467	-12.636       
 52.835	 51.732	-13.339       
 55.137	 49.500	-15.396       
 52.677	 46.993	-16.833       
 49.553	 49.139	-17.208       
 47.642	 46.858	-14.814       
 44.321	 48.114	-13.448       
 44.933	 48.554	 -9.720       
 44.336	 52.123	 -8.623       
 43.361	 53.319	-12.118       
 39.583	 54.139	-12.170       
 39.180	 53.427	-15.900       
 39.990	 49.747	-15.289       
 37.944	 49.664	-12.088       
 40.561	 50.462	 -9.440       
 39.815	 52.293	 -6.183       
 42.657	 54.571	 -4.831       
 41.348	 54.621	 -1.237       
 42.155	 50.872	 -1.050       
 45.839	 51.671	 -1.371       
 45.472	 54.087	  1.553       
 44.002	 51.220	  3.617       
 46.628	 48.697	  2.655       
 49.348	 51.273	  3.180       
 47.891	 52.810	  6.318       
 47.484	 49.259	  7.710       
 51.301	 49.298	  8.030       
 51.452	 53.079	  8.391       
 50.135	 53.207	 11.926       
 51.971	 50.125	 13.227       
 54.997	 52.180	 12.111       
 54.817	 55.170	 14.478       
 54.532	 52.602	 17.273       
 57.516	 50.652	 15.937       
 59.230	 54.041	 16.419       
 58.351	 55.257	 19.924       
 58.182	 51.782	 21.553       
 61.948	 51.423	 21.758       
 62.030	 55.024	 23.017       
 59.813	 54.101	 25.944       
 62.185	 51.302	 26.982       
 65.264	 53.550	 27.090       
 63.327	 56.171	 29.065       
 62.487	 53.470	 31.606       
 65.999	 52.570	 32.698       
 67.359	 56.131	 32.499       
 64.646	 57.217	 34.954       
 65.166	 54.432	 37.507       
 68.925	 55.072	 37.358       
 69.215	 58.824	 37.898       
 66.157	 58.997	 40.143       
 67.960	 56.365	 42.174       
 64.833	 54.170	 42.516       
 63.565	 51.067	 40.623       
 60.814	 51.090	 37.988       
 57.362	 51.536	 39.565       
 54.885	 48.775	 38.681       
 56.897	 46.505	 36.357       
 54.117	 44.084	 35.353       
 51.622	 46.835	 34.325       
 54.420	 48.521	 32.352       
 55.044	 45.486	 30.115       
 51.459	 44.476	 29.357       
 50.881	 48.200	 28.750       
 53.378	 48.040	 25.862       
 51.844	 44.726	 24.666       
 48.458	 46.434	 24.721       
 49.852	 49.367	 22.710       
 51.276	 46.786	 20.330       
 48.044	 44.878	 19.570       
 45.726	 47.923	 19.760       
 47.930	 49.639	 17.191       
 46.847	 47.157	 14.529       
 43.153	 48.044	 14.808       
 43.063	 51.874	 14.573       
 44.712	 52.649	 11.249       
 41.946	 54.573	  9.462       
 42.273	 57.916	 11.293       
 44.559	 58.636	  8.340       
 41.620	 58.478	  5.962       
 38.711	 60.185	  7.758       
 38.110	 62.635	  4.901       
 39.215	 60.061	  2.259       
 35.778	 58.939	  1.272       
 35.339	 56.704	  4.254       
 31.720	 56.059	  5.162       
 30.223	 57.005	  8.505       
 30.135	 53.547	 10.074       
 33.844	 53.238	  9.323       
 34.708	 56.636	 10.935       
 32.368	 55.813	 13.799       
 34.623	 52.797	 14.466       
 38.176	 53.953	 13.798       
 37.465	 57.109	 15.808       
 36.545	 54.982	 18.822       
 39.300	 52.359	 18.714       
 42.094	 54.956	 18.572       
 40.686	 56.457	 21.741       
 41.504	 53.198	 23.569       
 45.211	 53.308	 22.697       
 45.473	 56.342	 24.973       
 44.681	 54.313	 28.058       
 47.848	 52.182	 28.399       
 50.137	 55.050	 27.321       
 48.795	 56.947	 30.308       
 49.828	 54.143	 32.648       
 53.402	 54.256	 31.322       
 53.616	 58.065	 31.753       
 52.036	 58.089	 35.204       
 54.066	 55.026	 36.132       
 57.184	 56.917	 35.022       
 56.416	 59.855	 37.308       
 55.530	 57.294	 40.016       
 59.175	 56.219	 39.811       
 60.365	 59.744	 40.678       
 58.124	 60.286	 43.720       
 60.527	 58.241	 45.857       
 63.277	 60.856	 45.780       
 66.922	 61.650	 44.979       
 66.929	 62.789	 41.359       
 70.413	 63.502	 40.065       
 69.560	 65.803	 37.171       
 72.417	 64.754	 34.906       
 71.946	 65.008	 31.143       
 70.157	 61.724	 30.330       
 67.772	 62.664	 33.127       
 66.921	 65.872	 31.316       
 66.244	 64.378	 27.869       
 63.832	 61.958	 29.564       
 62.197	 64.639	 31.728       
 62.014	 66.594	 28.485       
 60.613	 63.697	 26.453       
 58.149	 63.134	 29.310       
 56.742	 66.646	 28.978       
 57.152	 67.066	 25.218       
 55.589	 63.643	 24.637       
 52.446	 64.160	 26.782       
 51.708	 67.304	 24.794       
 52.233	 65.459	 21.525       
 50.193	 62.436	 22.474       
 47.352	 64.583	 23.758       
 47.091	 66.365	 20.424       
 46.808	 62.854	 19.042       
 43.593	 62.325	 21.000       
 42.390	 65.645	 19.520       
 42.850	 64.510	 15.968       
 41.439	 61.085	 16.954       
 37.898	 62.612	 16.900       
 36.827	 62.624	 13.250       
 34.677	 65.817	 13.500       
 37.675	 67.762	 14.831       
 39.954	 66.036	 12.393       
 37.924	 67.305	  9.403       
 39.352	 70.840	  9.804       
 42.812	 69.548	 10.636       
 43.419	 67.034	  7.832       
 46.286	 68.288	  5.712       
 47.243	 71.178	  8.047       
 50.294	 72.107	 10.156       
 48.380	 71.108	 13.309       
 49.028	 67.563	 12.180       
 52.561	 68.521	 11.111       
 52.947	 69.942	 14.631       
 51.526	 66.939	 16.450       
 53.731	 64.255	 14.963       
 56.867	 66.286	 15.415       
 56.200	 66.728	 19.099       
 55.927	 62.940	 19.320       
 58.652	 62.065	 16.805       
 61.197	 64.940	 16.552       
 60.510	 66.063	 20.166       
 59.832	 62.726	 21.829       
 61.316	 59.700	 20.043       
 64.418	 61.720	 19.131       
 64.425	 63.043	 22.708       
 64.577	 59.353	 23.618       
 67.580	 58.600	 21.427       
 69.687	 61.297	 23.151       
 68.635	 60.194	 26.664       
 70.349	 56.970	 25.596       
 73.402	 58.235	 23.709       
 74.269	 60.083	 26.910       
 73.410	 57.068	 29.084       
 75.532	 54.668	 27.019       
 78.193	 56.877	 25.430       
 80.556	 56.070	 28.229       
 79.997	 52.359	 27.949       
 79.930	 52.051	 24.206       
 83.450	 53.385	 23.560       
 84.943	 53.811	 27.038       
 84.978	 57.574	 26.585       
 82.482	 59.714	 28.538       
 80.612	 62.838	 27.357       
 81.422	 66.324	 28.874       
 78.544	 67.391	 31.198       
 77.930	 71.121	 30.445       
 78.306	 70.488	 26.668       
 75.364	 68.125	 26.783       
 73.765	 69.796	 29.789       
 73.422	 72.778	 27.486       
 72.605	 70.591	 24.459       
 69.345	 69.685	 26.133       
 68.356	 73.362	 26.182       
 69.450	 74.526	 22.750       
 67.288	 71.593	 21.564       
 64.404	 71.936	 24.046       
 64.030	 75.737	 23.668       
 64.957	 75.909	 19.995       
 62.743	 72.960	 19.039       
 59.589	 74.074	 20.861       
 59.486	 77.318	 18.882       
 59.707	 75.166	 15.732       
 56.387	 73.309	 16.069       
 54.175	 74.971	 18.715       
 53.589	 77.961	 16.392       
 52.277	 75.433	 13.814       
 49.287	 74.397	 15.929       
 48.255	 78.020	 15.738       
 48.932	 78.080	 12.002       
 47.013	 74.820	 11.829       
 43.850	 76.320	 13.260       
 43.942	 79.057	 10.585       
 43.628	 76.268	  8.089       
 47.246	 76.380	  7.005       
 47.794	 73.555	  4.444       
 50.709	 71.073	  4.457       
 53.094	 70.167	  1.611       
 52.880	 73.766	  0.304       
 55.760	 75.738	 -1.176       
 54.249	 79.210	 -1.263       
 51.477	 80.375	  1.083       
 48.858	 83.113	  1.734       
 50.671	 86.204	  3.109       
 48.407	 86.052	  6.195       
 50.283	 82.946	  7.492       
 53.544	 84.933	  7.532       
 53.897	 85.950	 11.218       
 54.151	 82.497	 12.877       
 55.896	 80.832	  9.922       
 59.048	 82.842	 10.682       
 58.974	 82.383	 14.450       
 58.862	 78.671	 13.560       
 62.085	 79.120	 11.571       
 63.985	 81.190	 14.181       
 63.684	 78.026	 16.290       
 64.358	 75.597	 13.442       
 67.597	 77.552	 13.051       
 68.867	 77.296	 16.621       
 68.008	 73.598	 16.380       
 70.088	 73.111	 13.220       
 72.664	 74.602	 15.534       
 71.887	 72.242	 18.409       
 72.464	 69.194	 16.175       
 75.743	 70.531	 14.740       
 77.021	 71.222	 18.194       
 75.963	 67.669	 19.124       
 77.891	 66.087	 16.237       
 80.926	 68.025	 17.386       
 80.384	 66.940	 20.974       
 80.060	 63.289	 19.928       
 83.184	 63.093	 17.738       
 84.960	 65.016	 20.476       
 83.599	 62.883	 23.337       
 85.051	 59.921	 21.527       
 88.602	 61.281	 21.030       
 89.236	 63.724	 23.915       
 86.957	 61.572	 26.111       
 87.756	 61.883	 29.828       
 88.613	 58.316	 31.102       
 86.035	 56.074	 32.847       
 87.761	 52.615	 32.910       
 85.153	 51.510	 35.464       
 82.145	 49.298	 34.515       
 79.355	 51.179	 36.340       
 80.230	 54.895	 36.201       
 76.723	 56.100	 37.094       
 75.658	 54.434	 40.362       
 74.244	 51.379	 42.140       
 70.856	 52.148	 40.582       
 71.878	 50.745	 37.198       
 70.374	 47.252	 37.135       
 71.275	 46.088	 33.620       
 74.018	 43.435	 33.827       
 75.757	 45.639	 31.278       
 76.496	 47.817	 34.331       
 78.545	 45.047	 35.994       
 80.703	 44.121	 33.030       
 83.596	 45.975	 31.241       
 83.107	 49.382	 29.615       
 83.695	 49.176	 26.681       
 82.770	 45.457	 26.508       
 85.123	 42.678	 25.184       
 84.557	 41.552	 21.554       
 83.005	 38.378	 23.002       
 79.943	 39.193	 25.107       
 79.259	 36.113	 27.254       
 81.509	 33.102	 26.630       
 80.061	 32.225	 30.063       
 76.406	 32.751	 31.110       
 75.804	 35.108	 34.115       
 74.642	 33.647	 37.444       
 71.249	 34.580	 38.943       
 72.909	 36.771	 41.610       
 74.459	 38.980	 38.883       
 71.210	 40.563	 37.602       
 68.347	 39.555	 39.903       
 68.108	 42.446	 42.365       
BRIEF 1QLE C 273              
 86.485	 30.972	 28.233       
 85.534	 29.454	 24.848       
 81.956	 28.502	 25.533       
 82.712	 27.308	 29.090       
 79.087	 27.042	 30.213       
 77.421	 28.514	 27.191       
 76.243	 26.426	 24.107       
 74.847	 29.058	 21.706       
 76.639	 29.054	 18.374       
 79.164	 31.840	 17.734       
 79.395	 32.344	 13.912       
 82.791	 33.568	 12.415       
 83.466	 36.596	 10.082       
 81.502	 36.332	  6.807       
 81.591	 38.062	  3.415       
 78.023	 36.978	  2.497       
 75.751	 39.712	  3.877       
 77.847	 42.432	  2.309       
 78.182	 40.671	 -1.042       
 74.459	 39.878	 -0.974       
 73.623	 43.540	 -0.380       
 75.623	 44.764	 -3.403       
 73.999	 41.864	 -5.247       
 70.599	 43.532	 -4.821       
 71.508	 47.177	 -5.488       
 72.467	 46.322	 -9.052       
 69.777	 43.695	 -9.773       
 67.006	 46.117	 -8.845       
 68.485	 49.262	-10.453       
 68.810	 46.769	-13.279       
 65.163	 45.700	-13.225       
 64.376	 49.427	-13.443       
 66.640	 49.693	-16.480       
 65.016	 46.580	-17.923       
 61.212	 47.155	-17.954       
 61.462	 50.965	-18.425       
 64.816	 52.370	-19.577       
 67.657	 54.002	-17.633       
 69.452	 56.081	-20.259       
 70.919	 58.350	-17.570       
 74.173	 57.636	-15.754       
 76.419	 57.940	-18.798       
 74.913	 55.742	-21.520       
 71.699	 53.680	-21.953       
 70.960	 50.339	-20.262       
 67.933	 49.488	-22.450       
 68.018	 45.706	-21.925       
 67.537	 42.536	-19.781       
 71.087	 42.496	-18.417       
 71.684	 44.976	-15.541       
 69.248	 42.709	-13.648       
 70.541	 39.336	-14.963       
 74.179	 40.284	-14.274       
 73.053	 41.218	-10.770       
 70.863	 38.123	-10.513       
 73.659	 35.518	-10.677       
 75.505	 37.484	 -8.044       
 72.559	 37.365	 -5.644       
 71.892	 33.733	 -6.573       
 75.538	 33.001	 -5.854       
 75.586	 34.737	 -2.434       
 72.827	 32.346	 -1.411       
 74.443	 29.144	 -2.733       
 77.354	 30.004	 -0.465       
 75.402	 31.166	  2.591       
 73.120	 28.149	  2.611       
 76.323	 26.149	  1.885       
 78.224	 27.226	  4.957       
 74.954	 26.601	  6.868       
 74.798	 22.953	  5.727       
 78.455	 22.735	  6.767       
 77.895	 24.256	 10.207       
 75.234	 21.631	 10.931       
 77.405	 18.579	 10.161       
 80.340	 20.138	 12.055       
 78.281	 19.888	 15.268       
 77.681	 23.664	 15.596       
 73.907	 23.271	 15.834       
 73.741	 22.426	 19.576       
 70.174	 21.664	 20.817       
 69.687	 25.392	 21.636       
 70.854	 26.230	 18.155       
 68.186	 23.827	 16.955       
 65.291	 25.319	 18.951       
 66.230	 28.800	 17.752       
 66.613	 28.005	 14.035       
 63.061	 26.665	 14.002       
 61.620	 29.891	 15.447       
 63.374	 31.880	 12.708       
 61.792	 29.748	 10.006       
 58.262	 30.029	 11.490       
 58.845	 33.781	 11.724       
 59.871	 33.805	  8.080       
 56.705	 31.809	  7.340       
 54.492	 34.149	  9.409       
 55.843	 37.133	  7.456       
 55.362	 35.175	  4.225       
 51.708	 35.002	  5.402       
 51.242	 38.646	  6.394       
 52.394	 39.397	  2.817       
 49.771	 37.343	  0.930       
 47.266	 39.030	  3.260       
 47.824	 42.212	  1.293       
 47.163	 40.316	 -1.961       
 43.930	 38.668	 -0.905       
 42.963	 42.098	  0.387       
 43.420	 43.877	 -2.978       
 41.124	 41.211	 -4.425       
 38.452	 40.364	 -1.861       
 37.467	 44.073	 -1.715       
 37.142	 44.441	 -5.504       
 35.327	 41.157	 -5.952       
 32.959	 42.394	 -3.224       
 32.443	 45.991	 -4.273       
 33.613	 46.660	 -7.842       
 34.048	 50.270	 -8.939       
 31.140	 51.490	-11.067       
 29.944	 55.003	-12.134       
 27.859	 55.368	 -9.002       
 30.712	 54.352	 -6.664       
 30.920	 54.153	 -3.822       
 27.186	 54.619	 -3.098       
 26.268	 52.036	 -5.769       
 28.338	 48.986	 -6.797       
 29.188	 47.572	-10.200       
 29.687	 44.060	-11.591       
 32.548	 41.746	-10.531       
 33.661	 40.158	-13.800       
 34.057	 43.258	-16.041       
 33.235	 43.670	-19.756       
 35.617	 41.509	-21.758       
 36.761	 39.575	-18.682       
 35.997	 35.927	-19.402       
 36.299	 33.777	-16.257       
 38.598	 30.725	-16.538       
 36.852	 27.416	-15.688       
 37.870	 26.554	-12.066       
 36.148	 23.165	-11.840       
 38.333	 21.733	-14.621       
 41.930	 23.093	-14.764       
 42.326	 24.637	-11.225       
 40.746	 21.499	 -9.686       
 43.462	 19.294	-11.155       
 46.079	 21.424	 -9.368       
 44.199	 21.346	 -6.067       
 44.747	 17.579	 -6.116       
 48.334	 17.765	 -7.487       
 49.553	 20.012	 -4.679       
 47.458	 18.305	 -1.970       
 48.791	 15.037	 -3.405       
 52.427	 16.142	 -3.430       
 51.555	 17.250	  0.071       
 50.648	 13.811	  1.413       
 53.550	 12.450	 -0.651       
 55.700	 14.715	  1.512       
 54.114	 13.870	  4.880       
 54.729	 10.245	  4.000       
 58.397	 10.770	  3.172       
 58.823	 12.615	  6.468       
 56.960	 10.266	  8.811       
 59.089	  7.668	  7.098       
 62.466	  9.098	  8.092       
 61.337	 10.246	 11.558       
 59.571	  7.150	 12.858       
 60.928	  4.528	 10.471       
 64.356	  6.110	  9.864       
 64.054	  5.035	  6.250       
 66.155	  7.191	  3.944       
 65.035	  4.982	  1.039       
 61.315	  5.798	  1.054       
 61.929	  9.281	  2.456       
 64.109	  9.732	 -0.614       
 61.791	  8.117	 -3.157       
 58.989	  9.838	 -1.246       
 60.580	 13.260	 -1.714       
 60.619	 12.319	 -5.410       
 56.899	 11.595	 -5.670       
 56.714	 15.260	 -4.609       
 59.410	 17.369	 -6.329       
 58.016	 16.415	 -9.755       
 54.368	 17.199	 -8.968       
 55.794	 20.503	 -7.759       
 57.215	 20.998	-11.234       
 54.033	 19.741	-12.916       
 52.133	 22.483	-11.112       
 54.295	 25.186	-12.676       
 53.433	 23.622	-16.019       
 49.655	 23.240	-15.593       
 49.608	 26.828	-14.295       
 52.026	 28.378	-16.799       
 49.932	 26.479	-19.366       
 46.710	 28.235	-18.268       
 48.491	 31.555	-18.717       
 49.402	 30.214	-22.188       
 45.803	 30.268	-23.467       
 44.377	 33.054	-21.317       
 41.193	 34.863	-22.338       
 42.890	 37.987	-20.995       
 46.013	 39.211	-19.298       
 47.591	 42.189	-17.567       
 46.200	 45.712	-18.094       
 42.531	 44.628	-18.019       
 40.882	 45.153	-14.611       
 41.489	 44.940	-10.851       
 40.905	 41.282	-11.607       
 43.629	 40.634	-14.198       
 45.922	 42.626	-11.957       
 44.945	 41.042	 -8.663       
 44.701	 37.716	-10.504       
 48.193	 37.697	-11.885       
 49.891	 39.552	 -9.038       
 48.483	 36.892	 -6.641       
 48.302	 33.496	 -8.346       
 51.497	 34.224	-10.250       
 53.216	 35.329	 -7.011       
 52.041	 31.996	 -5.603       
 53.939	 30.388	 -8.468       
 57.187	 31.836	 -7.159       
 56.690	 30.513	 -3.640       
 55.780	 27.152	 -5.190       
 58.919	 27.234	 -7.350       
 60.729	 28.289	 -4.183       
 59.359	 25.457	 -2.057       
 60.179	 22.830	 -4.704       
 63.814	 23.935	 -4.927       
 64.021	 23.785	 -1.111       
 62.529	 20.294	 -0.959       
 64.927	 19.229	 -3.730       
 67.965	 20.564	 -1.872       
 66.952	 18.248	  0.995       
 66.642	 15.399	 -1.551       
 70.052	 15.788	 -3.132       
 71.382	 16.538	  0.329       
 69.622	 13.554	  2.047       
 70.797	 11.355	 -0.825       
 74.115	 11.433	  1.016       
 73.307	 10.056	  4.471       
 73.208	 13.706	  5.540       
 70.454	 13.951	  8.189       
 69.371	 11.859	 11.198       
 66.009	 11.047	 12.804       
 66.918	 13.177	 15.840       
 68.268	 16.036	 13.643       
 66.873	 17.060	 10.217       
 65.942	 20.779	 10.467       
 66.370	 21.751	  6.782       
 64.007	 18.935	  5.701       
 61.496	 19.620	  8.470       
 61.893	 23.309	  7.674       
 61.601	 22.654	  3.949       
 58.378	 20.787	  4.840       
 56.631	 23.115	  7.348       
 57.201	 25.587	  4.472       
 55.769	 23.477	  1.592       
 52.590	 23.140	  3.718       
 52.477	 26.911	  3.810       
 52.833	 27.061	  0.024       
 50.035	 24.510	 -0.159       
 47.565	 26.110	  2.290       
 47.801	 29.462	  0.416       
 46.545	 27.490	 -2.590       
 43.388	 26.264	 -0.927       
 42.749	 29.983	 -0.648       
 43.757	 31.024	 -4.200       
 41.309	 28.283	 -5.273       
 38.458	 28.886	 -2.837       
 38.574	 32.703	 -2.944       
 39.967	 33.702	 -6.352       
 38.574	 30.632	 -8.149       
 35.232	 30.391	 -6.343       
 33.692	 33.235	 -4.265       
 35.453	 35.385	 -6.875       
 32.851	 34.308	 -9.464       
BRIEF 1QLE D 43               
 83.427	 25.549	 33.811       
 84.215	 23.814	 30.477       
 81.078	 21.680	 30.028       
 80.063	 19.180	 27.355       
 79.152	 20.616	 23.933       
 75.495	 19.893	 23.236       
 74.431	 19.099	 26.812       
 73.465	 22.484	 28.315       
 70.207	 22.482	 30.319       
 67.402	 23.309	 27.933       
 64.114	 22.703	 29.854       
 63.204	 26.422	 29.902       
 63.896	 27.015	 26.215       
 61.755	 23.884	 25.671       
 58.742	 25.401	 27.400       
 59.230	 28.680	 25.591       
 58.860	 27.076	 22.133       
 55.638	 25.448	 23.320       
 54.394	 28.781	 24.555       
 55.409	 30.519	 21.346       
 53.484	 27.885	 19.417       
 50.203	 27.964	 21.406       
 50.466	 31.674	 22.095       
 50.772	 32.112	 18.329       
 47.900	 29.717	 17.654       
 45.491	 31.777	 19.771       
 46.384	 35.221	 18.427       
 45.774	 33.565	 15.054       
 42.394	 32.055	 16.082       
 41.047	 35.248	 17.677       
 42.342	 37.072	 14.579       
 40.342	 34.773	 12.257       
 37.332	 35.062	 14.594       
 37.295	 38.792	 13.938       
 37.511	 38.793	 10.133       
 34.453	 36.525	  9.852       
 32.328	 38.021	 12.715       
 33.074	 41.378	 11.140       
 32.418	 39.943	  7.645       
 28.951	 38.544	  8.518       
 27.947	 41.243	 11.036       
 28.738	 43.964	  8.452       
 28.460	 43.232	  4.706       
BRIEF 1QLE H 119              
  9.171	 96.869	 -3.527       
  8.245	 93.854	 -1.408       
  4.704	 94.059	 -0.087       
  2.884	 91.643	  2.164       
 -0.859	 92.284	  2.103       
 -3.002	 90.583	  4.835       
 -6.840	 90.389	  5.100       
 -9.626	 88.082	  6.246       
 -9.710	 88.965	  9.942       
-13.013	 89.613	 11.699       
-15.137	 89.086	 14.806       
-16.203	 85.494	 15.268       
-17.656	 83.440	 18.123       
-16.070	 80.347	 19.619       
-16.220	 77.436	 17.177       
-16.246	 79.886	 14.320       
-14.375	 79.532	 11.039       
-12.218	 82.178	  9.318       
 -9.877	 82.505	  6.382       
 -7.019	 85.032	  6.531       
 -5.505	 86.072	  3.211       
 -2.050	 87.404	  2.430       
 -0.755	 88.675	 -0.905       
  2.692	 89.683	 -2.070       
  4.379	 91.720	 -4.759       
  7.928	 92.701	 -5.685       
  9.689	 89.448	 -4.824       
  9.423	 86.033	 -6.461       
  6.814	 84.218	 -4.426       
  7.839	 80.703	 -5.552       
 11.283	 81.271	 -4.065       
 10.524	 81.930	 -0.379       
  9.252	 80.204	  2.769       
  6.272	 82.132	  4.192       
  4.721	 81.987	  7.654       
  2.120	 83.333	 10.092       
  2.930	 85.051	 13.374       
  0.350	 86.197	 15.942       
  0.526	 88.636	 18.828       
 -1.844	 88.198	 21.746       
 -3.626	 91.246	 23.206       
 -0.831	 91.331	 25.808       
  1.769	 91.627	 23.009       
  3.424	 88.201	 23.294       
  4.428	 87.114	 19.801       
  3.613	 83.464	 19.009       
  4.391	 81.075	 16.161       
  1.286	 79.751	 14.354       
  1.980	 78.232	 10.910       
  4.855	 77.743	  8.452       
  5.210	 76.494	  4.872       
  7.938	 75.896	  2.257       
  8.136	 77.594	 -1.159       
  6.248	 74.772	 -2.804       
  3.533	 73.974	 -0.290       
  5.346	 70.675	  0.291       
  5.480	 70.568	  4.077       
  4.014	 72.752	  6.778       
  4.711	 73.275	 10.463       
  2.432	 74.236	 13.400       
  2.653	 74.412	 17.198       
  0.543	 72.005	 19.227       
 -1.864	 74.822	 20.219       
 -2.769	 75.268	 16.540       
 -2.280	 71.691	 15.176       
 -5.490	 70.300	 13.629       
 -7.542	 73.488	 13.136       
 -5.469	 76.126	 11.359       
 -4.026	 75.116	  8.008       
 -1.356	 77.049	  6.145       
 -1.983	 77.100	  2.397       
 -0.292	 78.484	 -0.693       
 -0.662	 79.347	 -4.386       
  2.620	 80.265	 -6.119       
  0.664	 81.132	 -9.283       
 -1.506	 83.802	 -7.619       
  1.298	 85.206	 -5.438       
 -0.948	 84.726	 -2.430       
 -0.886	 83.031	  0.981       
 -3.834	 81.601	  2.992       
 -4.593	 80.587	  6.599       
 -7.650	 78.442	  7.121       
 -8.697	 78.872	 10.721       
-11.304	 76.729	 12.467       
-12.581	 75.916	 15.967       
-11.426	 79.345	 17.154       
-11.368	 80.091	 20.884       
-10.616	 82.896	 23.394       
 -6.845	 82.436	 23.217       
 -6.894	 82.610	 19.421       
 -7.586	 86.407	 19.688       
 -4.723	 88.422	 18.174       
 -3.041	 90.278	 15.300       
 -2.122	 87.997	 12.382       
  0.865	 88.950	 10.206       
  2.081	 87.147	  7.078       
  5.887	 87.113	  7.368       
  8.480	 86.176	  4.756       
 11.536	 84.140	  5.766       
 15.173	 84.732	  5.071       
 18.446	 84.186	  6.924       
 17.150	 80.777	  7.903       
 13.879	 81.315	  9.763       
 14.404	 84.997	 10.358       
 11.502	 87.255	  9.377       
 12.755	 90.016	  7.053       
  9.366	 91.335	  6.003       
  6.141	 91.480	  7.894       
  2.693	 92.328	  6.570       
  0.526	 95.200	  7.873       
 -1.412	 92.799	 10.133       
 -4.957	 91.505	 10.565       
 -7.202	 91.480	 13.611       
 -9.191	 88.470	 14.709       
-11.411	 88.754	 17.772       
-13.146	 85.663	 19.219       
-16.069	 86.171	 21.645       
-19.894	 86.369	 21.621       
-20.427	 87.642	 18.041       
BRIEF 1QLE L 108              
 10.489	 75.112	 22.101       
 13.043	 76.956	 24.329       
 12.940	 79.721	 26.951       
 14.077	 83.053	 25.506       
 13.847	 85.586	 28.312       
 14.264	 89.331	 27.731       
 15.391	 91.981	 30.230       
 14.352	 94.561	 31.239       
 10.636	 94.417	 30.336       
 10.140	 98.136	 29.664       
 12.762	100.904	 29.612       
 12.669	104.715	 29.782       
 15.858	106.469	 28.559       
 16.429	109.637	 26.523       
 17.306	111.026	 23.079       
 20.982	110.920	 22.088       
 21.535	108.581	 25.035       
 22.834	105.012	 24.346       
 21.127	101.766	 25.460       
 21.592	 97.959	 25.603       
 19.065	 95.127	 26.055       
 19.606	 91.380	 26.614       
 18.166	 88.044	 25.421       
 18.965	 84.821	 27.301       
 18.406	 81.243	 26.102       
 17.696	 78.155	 28.242       
 19.924	 76.031	 25.971       
 22.891	 76.868	 23.698       
 21.453	 78.403	 20.504       
 24.897	 79.603	 19.388       
 24.631	 82.681	 17.142       
 21.227	 81.967	 15.675       
 19.193	 84.844	 17.098       
 17.393	 87.765	 15.488       
 16.243	 91.086	 17.044       
 12.963	 92.880	 16.274       
 11.859	 96.489	 16.693       
  8.124	 97.134	 16.968       
  6.447	100.510	 16.537       
  3.285	101.463	 18.451       
  0.389	100.869	 16.088       
  2.843	 99.625	 13.464       
  4.242	 96.095	 13.100       
  7.656	 94.624	 13.987       
 10.627	 95.470	 11.741       
 13.683	 93.258	 10.911       
 17.060	 94.600	 12.098       
 19.542	 91.874	 13.208       
 20.270	 88.259	 12.075       
 22.999	 85.822	 13.196       
 22.854	 87.666	 16.521       
 25.206	 90.303	 15.183       
 24.654	 91.125	 11.509       
 22.047	 93.754	 10.589       
 19.458	 93.664	  7.807       
 19.701	 95.871	  4.707       
 19.067	 99.485	  5.552       
 19.491	 99.079	  9.288       
 21.001	101.847	 11.485       
 24.513	101.394	 12.774       
 23.429	102.557	 16.200       
 22.172	 98.958	 16.456       
 24.487	 96.003	 17.065       
 24.067	 92.421	 18.176       
 26.484	 90.517	 20.404       
 26.801	 87.401	 22.579       
 26.507	 83.654	 22.126       
 25.169	 80.379	 23.446       
 22.780	 81.597	 26.130       
 23.346	 85.289	 27.073       
 22.989	 87.872	 24.283       
 22.515	 91.686	 24.061       
 21.275	 94.480	 21.753       
 22.983	 97.849	 21.809       
 21.610	101.044	 20.342       
 24.155	103.849	 20.400       
 22.554	107.257	 20.730       
 18.799	106.657	 20.751       
 17.144	108.452	 17.848       
 13.455	109.355	 17.706       
 12.862	106.587	 15.213       
 14.227	103.917	 17.561       
 12.013	104.418	 20.637       
  9.523	101.522	 20.773       
  9.441	 97.819	 21.727       
 11.933	 95.076	 20.823       
 11.677	 91.346	 20.442       
 14.521	 88.801	 20.226       
 13.585	 85.609	 18.293       
 15.484	 82.260	 18.000       
 15.820	 81.741	 14.248       
 17.472	 78.393	 13.465       
 15.878	 75.010	 13.787       
 12.508	 73.562	 12.911       
  9.319	 75.704	 12.916       
  7.773	 76.763	 15.306       
 10.705	 78.866	 16.680       
 10.583	 80.990	 19.889       
 10.177	 84.768	 20.400       
 11.408	 86.697	 23.420       
  9.075	 88.345	 25.945       
 10.118	 91.648	 24.409       
 11.342	 94.909	 25.885       
  9.397	 98.136	 25.380       
 11.617	101.206	 25.098       
  9.585	104.119	 26.510       
 10.366	107.880	 26.134       
 11.404	109.878	 29.215       
