BRIEF 1R3K C 103              
140.373	142.338	-65.499  0.735
144.082	143.286	-65.540 -0.044
147.032	142.003	-63.499 -0.133
147.415	145.106	-61.314  0.815
143.721	145.075	-60.408  0.050
143.759	141.316	-59.821 -0.018
146.791	141.391	-57.532  0.609
145.135	144.170	-55.500  0.539
142.168	141.975	-54.625 -1.180
144.495	139.004	-54.188  0.184
146.590	141.065	-51.787  0.338
143.337	141.969	-50.075 -1.350
142.142	138.391	-49.752 -0.491
145.669	137.462	-48.759  0.091
145.977	140.312	-46.246 -0.269
142.748	139.205	-44.536 -2.431
143.947	135.597	-44.386  0.088
147.269	136.779	-42.928 -0.580
145.434	139.032	-40.467  0.288
143.359	136.078	-39.233 -0.145
146.182	133.518	-39.212 -0.796
148.449	136.141	-37.697  0.488
146.246	136.990	-34.750  0.799
145.820	133.238	-34.159  0.435
149.532	132.397	-34.253 -0.511
150.232	135.556	-32.265 -0.046
148.234	134.305	-29.285  0.312
149.630	130.794	-29.674 -0.838
153.174	132.174	-29.493 -0.239
152.786	134.812	-26.781  1.140
150.943	132.767	-24.162 -0.853
153.548	131.252	-21.857 -1.958
155.675	134.408	-21.859 -0.984
155.253	136.205	-18.510 -1.001
154.118	139.801	-18.917 -2.431
152.920	139.236	-22.483 -2.431
149.783	141.192	-23.514 -1.999
149.089	139.915	-27.037  0.759
147.249	136.889	-25.580 -2.338
143.542	136.919	-26.503  0.850
142.135	136.695	-30.032  0.915
139.914	139.758	-30.311  0.775
142.662	142.245	-29.377 -0.990
145.230	140.114	-31.169  0.222
143.164	140.610	-34.335  0.383
143.180	144.376	-33.671  0.951
146.937	144.263	-33.035  0.873
147.193	142.527	-36.395  0.647
145.437	145.353	-38.293  0.060
147.516	147.873	-36.337  0.534
150.608	146.101	-37.597  1.161
149.631	145.538	-41.211  0.711
149.026	149.295	-41.493  0.905
152.119	150.226	-39.485  1.226
149.928	152.702	-37.580  0.995
151.865	151.698	-34.431  1.223
150.097	152.811	-31.228  1.205
152.279	150.625	-29.038  1.223
149.344	149.353	-27.021  1.191
150.070	145.733	-27.954 -0.173
153.190	144.027	-29.374 -0.972
154.896	140.619	-29.303  1.213
157.620	139.935	-26.784 -0.999
158.578	136.435	-27.928  1.006
160.831	135.305	-30.784 -2.431
157.971	133.556	-32.574 -2.431
155.629	136.465	-31.960  1.208
158.194	138.886	-33.404  0.616
158.402	136.426	-36.305 -2.406
154.637	136.340	-36.811  0.110
154.763	140.126	-36.548  0.732
157.324	140.493	-39.322 -0.278
155.196	138.370	-41.713 -2.430
152.208	140.604	-41.008  0.444
154.111	143.902	-41.455  0.577
155.523	142.635	-44.724 -0.392
152.183	141.411	-46.113 -0.503
150.617	144.603	-44.837  1.144
153.176	146.939	-46.356  0.649
153.211	144.849	-49.547  0.340
149.450	144.652	-49.949  0.156
149.062	148.403	-49.342  0.458
152.038	148.996	-51.595  0.985
150.416	146.765	-54.209  0.478
147.298	148.936	-54.404  1.001
149.377	152.102	-54.677  0.819
151.177	150.471	-57.595  0.734
147.864	149.344	-59.120  0.761
146.472	152.841	-58.677  0.517
149.522	154.117	-60.559  0.729
148.979	151.778	-63.508  0.572
145.339	152.782	-63.631  0.612
146.362	156.437	-63.734  0.734
149.169	155.855	-66.241  0.125
146.976	154.026	-68.742 -0.693
144.147	156.558	-68.528 -0.034
146.630	159.399	-69.013  0.046
147.817	157.512	-72.100 -0.930
144.272	157.577	-73.420 -0.396
144.152	161.349	-72.834 -0.129
146.993	161.915	-75.314 -0.250
145.707	159.856	-78.199 -0.853
148.731	157.680	-77.538 -0.131
BRIEF 1R3K A 212              
153.210	138.339	-12.639       
150.100	140.394	-11.808       
149.082	140.316	 -8.173       
145.355	140.788	 -7.445       
144.344	141.966	 -3.956       
140.958	141.431	 -2.302       
140.395	143.388	  0.906       
138.721	142.678	  3.178       
138.797	138.867	  3.252       
135.416	138.661	  4.980       
132.600	141.159	  4.517       
129.410	141.477	  6.534       
126.188	143.288	  5.746       
122.535	143.437	  6.686       
119.959	141.675	  4.473       
118.966	143.845	  1.547       
121.816	146.349	  1.917       
124.249	147.342	 -0.867       
127.662	145.631	 -0.757       
130.888	146.220	 -2.694       
133.914	143.907	 -2.993       
137.262	145.421	 -3.964       
140.025	143.987	 -6.176       
143.242	145.972	 -6.705       
145.656	145.013	 -9.491       
149.390	145.433	 -8.853       
149.543	147.444	-12.110       
147.206	148.856	-14.805       
145.308	146.045	-16.529       
142.579	148.112	-18.224       
139.197	146.433	-17.751       
140.445	142.869	-18.192       
139.216	141.832	-14.756       
136.533	139.131	-14.371       
134.421	137.986	-11.409       
133.427	134.553	-10.047       
131.034	133.316	 -7.398       
131.693	130.110	 -5.492       
129.313	128.574	 -2.966       
130.024	125.817	 -0.484       
130.880	122.666	 -2.441       
130.392	124.509	 -5.715       
132.332	125.395	 -8.824       
133.138	129.004	 -9.677       
130.378	130.827	-11.557       
131.081	133.760	-13.874       
129.251	136.866	-12.615       
130.907	139.711	-14.484       
133.357	139.738	-17.364       
135.666	142.584	-18.377       
134.828	144.588	-15.235       
131.381	145.861	-16.300       
129.733	143.469	-18.779       
127.078	141.335	-17.140       
126.490	137.675	-17.976       
123.340	135.958	-19.180       
121.526	134.166	-16.387       
123.026	136.304	-13.646       
120.692	138.313	-11.373       
120.509	141.994	-12.251       
121.538	143.057	 -8.733       
125.152	142.145	 -9.557       
127.211	144.919	-11.142       
130.886	145.632	-11.529       
132.845	148.829	-12.066       
136.444	149.919	-12.493       
139.446	150.414	-14.735       
143.220	150.399	-14.356       
144.111	148.898	-10.977       
140.890	149.266	 -9.001       
137.716	147.290	 -9.538       
134.611	146.690	 -7.458       
131.845	144.111	 -7.676       
128.626	145.352	 -6.103       
125.360	143.741	 -5.094       
122.208	145.846	 -4.714       
120.371	144.439	 -1.681       
122.092	141.151	 -0.955       
119.898	138.092	 -0.560       
120.895	134.908	  1.213       
121.534	133.178	 -2.121       
124.482	135.574	 -2.421       
126.395	134.123	  0.505       
129.599	132.724	 -0.970       
133.188	133.507	 -1.874       
133.964	135.946	 -4.668       
137.142	135.860	 -6.753       
138.635	138.233	 -9.338       
140.856	137.168	-12.246       
142.755	139.244	-14.813       
143.755	138.052	-18.267       
145.580	141.342	-19.020       
149.037	139.732	-19.102       
150.196	136.121	-18.936       
149.795	134.191	-16.791       
146.178	134.759	-15.746       
145.897	135.214	-11.973       
143.288	135.117	 -9.188       
142.551	137.293	 -6.198       
142.658	135.823	 -2.712       
138.857	135.973	 -2.845       
136.347	137.602	 -0.481       
133.657	135.924	  1.617       
130.206	137.534	  2.009       
128.254	137.149	  5.214       
124.753	138.389	  5.945       
123.707	139.562	  9.397       
120.149	138.413	 10.116       
117.824	138.441	 13.127       
118.758	136.073	 15.943       
117.088	132.713	 15.567       
116.970	129.878	 18.114       
118.130	126.388	 17.086       
115.836	123.463	 16.334       
117.313	120.540	 18.222       
116.468	116.979	 17.201       
117.869	113.930	 18.899       
118.308	110.706	 16.942       
118.545	107.211	 18.500       
120.986	104.847	 16.812       
119.520	102.726	 14.026       
118.417	 99.112	 13.764       
120.799	 98.615	 10.837       
123.543	100.374	 12.763       
123.136	 98.309	 15.932       
123.425	 95.052	 13.952       
126.956	 96.223	 13.191       
128.197	 96.411	 16.769       
128.038	100.175	 17.105       
125.707	102.941	 18.245       
125.623	106.561	 17.142       
123.317	109.020	 18.830       
123.059	112.006	 16.513       
121.766	115.438	 17.449       
121.089	118.304	 15.047       
120.901	121.953	 16.014       
119.548	123.567	 12.823       
119.001	127.121	 11.570       
120.311	129.224	 14.411       
121.965	132.631	 14.516       
124.396	133.936	 15.560       
126.720	130.999	 14.877       
128.074	130.763	 18.418       
126.634	127.730	 20.185       
127.286	124.989	 22.749       
126.289	121.335	 22.941       
126.422	119.091	 26.041       
125.819	115.346	 26.179       
124.372	113.721	 29.305       
124.176	109.929	 29.548       
121.685	109.117	 32.330       
121.712	112.623	 33.754       
125.525	112.468	 33.780       
127.547	114.670	 31.403       
129.645	112.880	 28.778       
132.544	114.070	 26.606       
134.255	110.961	 25.215       
133.318	109.938	 21.685       
131.671	113.184	 20.609       
132.375	114.566	 17.116       
130.788	117.920	 16.281       
130.356	119.451	 12.842       
129.385	123.001	 11.867       
128.212	124.180	  8.431       
129.143	127.500	  6.898       
126.433	130.138	  6.691       
123.447	128.863	  4.695       
122.458	130.319	  1.324       
118.736	129.958	  2.069       
118.178	131.851	  5.351       
121.608	133.219	  6.333       
121.549	130.933	  9.386       
123.971	128.319	 10.715       
123.819	124.667	 11.720       
125.779	122.020	 13.544       
125.646	118.299	 14.243       
126.994	116.432	 17.284       
127.477	112.683	 17.188       
128.155	110.467	 20.206       
129.528	107.085	 19.144       
129.593	104.330	 21.746       
130.044	100.579	 21.274       
126.927	 98.425	 21.161       
127.889	 97.327	 24.699       
128.603	100.785	 26.144       
125.297	101.770	 24.553       
123.389	 98.832	 26.060       
124.530	 99.351	 29.659       
122.933	102.819	 29.797       
119.369	104.105	 29.568       
118.792	107.779	 28.780       
120.711	110.048	 26.409       
120.261	113.811	 26.307       
121.430	116.636	 24.069       
121.556	120.189	 25.463       
122.119	123.357	 23.426       
123.183	126.658	 24.966       
122.467	129.664	 22.752       
122.245	133.475	 22.895       
118.513	133.260	 22.122       
117.489	131.571	 25.367       
119.023	131.961	 28.825       
117.799	128.432	 29.567       
119.214	125.468	 27.601       
117.214	124.024	 24.703       
117.222	120.308	 25.537       
116.217	117.104	 23.771       
116.720	113.530	 24.940       
115.377	110.015	 24.552       
115.185	107.000	 26.893       
115.721	103.675	 25.118       
112.072	102.954	 25.952       
BRIEF 1R3K B 219              
123.898	121.556	-20.278       
127.046	120.452	-18.387       
129.882	121.393	-20.704       
132.835	119.835	-18.827       
132.734	116.456	-17.051       
135.306	115.233	-14.567       
135.459	112.181	-12.369       
134.317	113.091	 -8.858       
137.339	111.528	 -7.157       
140.766	109.955	 -7.389       
142.738	108.349	 -4.549       
146.510	108.321	 -4.932       
149.352	106.840	 -2.869       
152.353	109.039	 -2.009       
154.917	109.249	 -4.785       
152.342	107.765	 -7.149       
150.693	109.540	-10.076       
147.274	110.090	-11.621       
145.758	111.215	-14.901       
142.644	113.346	-14.459       
140.224	113.859	-17.320       
137.892	116.575	-18.554       
135.480	115.661	-21.355       
133.762	118.595	-22.998       
130.620	118.990	-25.075       
128.678	121.920	-26.484       
130.100	124.495	-28.894       
133.636	123.364	-29.779       
136.207	125.620	-31.479       
139.845	125.716	-32.577       
140.537	128.768	-30.471       
139.305	127.063	-27.290       
141.760	126.651	-24.409       
141.193	124.237	-21.504       
142.470	125.515	-18.146       
143.152	123.616	-14.914       
142.681	125.163	-11.495       
143.878	123.694	 -8.199       
142.005	124.425	 -4.955       
143.240	123.115	 -1.596       
140.866	122.721	  1.359       
140.298	126.121	  2.936       
142.110	127.843	  0.071       
141.410	129.932	 -2.984       
141.849	129.097	 -6.646       
145.259	128.548	 -8.200       
145.994	128.463	-11.932       
147.927	125.338	-12.923       
148.115	125.538	-16.674       
146.333	125.691	-19.987       
146.231	123.767	-23.245       
145.038	124.535	-26.761       
143.508	121.196	-27.880       
143.862	122.161	-31.563       
147.546	122.960	-31.939       
147.981	120.897	-28.753       
150.275	123.400	-27.038       
150.255	123.875	-23.273       
151.625	126.405	-20.788       
152.163	126.088	-17.035       
152.144	128.349	-14.028       
155.877	128.904	-13.698       
155.365	130.112	-10.059       
154.705	126.686	 -8.528       
156.498	123.312	 -8.564       
155.685	121.796	-11.939       
153.787	118.574	-11.289       
151.538	118.494	-14.336       
151.541	117.604	-18.015       
148.621	118.543	-20.208       
147.452	116.689	-23.283       
144.217	116.340	-25.223       
142.350	114.132	-27.678       
140.821	116.026	-30.598       
138.616	112.970	-31.190       
136.825	112.458	-27.851       
137.091	116.172	-26.986       
138.820	115.163	-23.779       
141.644	117.053	-22.090       
144.054	115.240	-19.782       
146.077	116.474	-16.831       
148.841	114.099	-15.753       
149.767	114.678	-12.072       
152.912	112.772	-11.000       
154.736	112.091	 -7.722       
151.970	113.506	 -5.577       
152.274	114.170	 -1.842       
149.975	115.567	  0.863       
150.445	119.051	 -0.561       
148.960	117.812	 -3.847       
145.557	116.874	 -2.389       
142.770	119.228	 -3.499       
139.847	119.751	 -5.860       
141.074	120.200	 -9.423       
138.692	122.072	-11.708       
138.947	122.413	-15.483       
137.297	125.299	-17.338       
136.847	126.442	-20.910       
138.134	129.793	-22.094       
137.125	130.979	-25.549       
140.492	132.630	-26.050       
139.061	135.860	-24.699       
140.338	135.735	-21.139       
137.534	134.520	-18.889       
136.389	131.059	-17.794       
132.820	130.692	-19.082       
132.253	127.100	-17.917       
133.857	125.001	-15.194       
133.803	121.297	-14.425       
132.516	119.980	-11.093       
136.125	119.342	-10.235       
137.838	116.118	 -9.278       
138.857	115.869	 -5.644       
142.247	114.177	 -5.444       
143.289	112.954	 -2.010       
146.762	111.550	 -1.491       
147.487	108.879	  1.140       
148.537	105.240	  1.421       
145.214	104.535	  3.154       
142.542	102.375	  1.467       
139.157	103.121	 -0.089       
135.981	102.333	  1.897       
132.386	102.785	  0.773       
130.193	104.524	  3.360       
127.563	102.929	  5.620       
124.258	104.742	  5.427       
122.112	104.535	  8.561       
118.719	106.276	  8.618       
117.680	108.764	 11.294       
113.979	108.901	 12.169       
112.671	110.631	 15.290       
112.049	108.620	 18.437       
108.537	107.553	 19.447       
108.723	110.094	 22.286       
109.476	113.128	 20.135       
106.710	115.641	 19.415       
106.652	117.575	 16.125       
105.567	121.079	 15.113       
104.225	122.069	 11.706       
107.513	120.704	 10.380       
109.462	117.497	 11.049       
113.189	116.773	 10.796       
114.606	113.575	  9.371       
118.166	112.880	  8.324       
120.676	110.176	  7.522       
124.153	109.170	  8.740       
126.959	108.456	  6.285       
129.714	106.906	  8.419       
132.965	105.079	  7.803       
134.255	106.069	  4.367       
137.443	107.139	  2.602       
138.414	109.217	  0.729       
136.220	112.286	  0.271       
133.762	113.223	 -1.015       
130.238	111.815	 -0.722       
127.294	113.544	 -2.352       
123.954	113.442	 -0.586       
120.599	114.198	 -2.157       
117.035	113.939	 -0.842       
114.517	112.187	 -3.095       
116.885	111.957	 -6.047       
117.158	115.738	 -5.876       
113.454	116.573	 -5.978       
113.850	117.706	 -2.369       
116.234	120.607	 -1.830       
114.315	122.837	  0.566       
115.333	122.108	  4.151       
118.527	120.149	  3.484       
121.888	120.409	  5.348       
124.984	118.258	  4.961       
127.520	118.775	  7.707       
131.201	118.786	  6.716       
132.789	115.359	  7.106       
135.031	114.545	 10.055       
138.047	112.253	 10.136       
139.324	109.770	 12.719       
141.699	106.854	 12.131       
141.523	107.220	  8.344       
137.722	107.218	  8.083       
135.249	109.995	  7.383       
131.772	110.395	  8.778       
128.985	112.839	  8.128       
125.295	113.493	  8.469       
122.695	115.242	  6.407       
119.329	116.475	  7.634       
116.046	117.194	  5.865       
112.935	119.075	  6.967       
109.409	118.809	  5.581       
105.883	119.638	  6.751       
104.785	117.135	  9.405       
101.682	116.178	  7.440       
103.720	115.130	  4.391       
105.468	112.334	  6.354       
105.443	109.366	  6.060       
102.433	109.772	  3.747       
104.924	110.830	  1.071       
108.202	108.898	  1.333       
111.571	110.578	  1.980       
114.744	108.810	  0.861       
118.351	109.934	  1.115       
120.519	109.160	 -1.946       
124.198	108.774	 -1.061       
126.839	108.483	 -3.771       
130.499	107.701	 -3.016       
132.538	108.223	 -6.262       
135.980	107.086	 -5.055       
134.563	103.587	 -4.978       
131.690	104.167	 -7.409       
128.962	103.075	 -5.001       
125.739	105.111	 -4.980       
123.113	103.890	 -2.468       
119.650	104.617	 -1.092       
117.932	104.403	  2.277       
114.322	105.356	  2.958       
113.371	107.099	  6.184       
110.382	105.239	  7.527       
109.013	105.645	 11.032       
110.590	103.537	 13.775       
108.693	100.245	 14.025       
