BRIEF 1RJL C 95               
 84.793	 13.121	 40.815  0.747
 87.208	 14.073	 43.598 -0.160
 88.516	 11.706	 46.256 -2.374
 90.209	 12.893	 49.435  0.095
 91.896	 10.493	 51.847 -1.665
 92.906	 11.033	 55.462  0.027
 94.044	  8.053	 57.481  0.026
 91.335	  5.429	 57.097  0.666
 88.715	  8.005	 56.080  0.636
 87.718	  8.345	 52.416  0.421
 85.591	 11.310	 51.310  0.447
 84.127	 11.151	 47.779 -0.373
 82.339	 14.046	 46.082  0.635
 80.997	 13.690	 42.567 -0.302
 78.674	 15.710	 40.341  0.892
 76.477	 13.722	 37.960 -1.461
 77.255	 16.424	 35.372 -0.439
 73.580	 17.332	 34.925  0.398
 73.929	 19.551	 37.968  0.042
 73.598	 17.230	 40.956  0.320
 76.270	 16.774	 43.616  0.133
 76.339	 13.883	 46.084  0.472
 78.970	 13.328	 48.770 -0.799
 79.921	  9.925	 50.201 -2.319
 81.985	  9.299	 53.340  0.674
 83.692	  6.054	 54.294 -1.428
 85.979	  4.949	 57.125  0.956
 87.707	  1.577	 57.503  0.548
 88.567	  1.873	 61.211 -2.114
 86.606	 -0.288	 63.638 -0.462
 86.717	  2.210	 66.507 -1.443
 85.962	  5.945	 66.603 -2.397
 84.823	  5.359	 63.030  0.931
 83.201	  8.106	 60.999  1.073
 79.952	  7.750	 59.064  0.806
 77.960	 10.292	 57.087  0.055
 74.315	 10.966	 56.363 -2.235
 73.865	 13.010	 53.202  0.544
 70.905	 15.387	 52.884 -1.191
 70.718	 16.250	 49.175 -0.136
 67.894	 18.678	 49.987 -1.987
 70.392	 21.113	 51.515  0.244
 73.607	 19.525	 50.282  0.369
 74.666	 18.954	 53.865  1.024
 76.790	 16.021	 55.005  1.025
 76.586	 15.200	 58.704  1.021
 79.587	 13.419	 60.178  0.898
 79.254	 11.201	 63.253  0.069
 82.017	  9.636	 65.313  0.350
 80.904	  6.245	 66.640  0.265
 77.247	  7.221	 65.963 -0.102
 77.553	 10.580	 67.704  0.175
 77.103	 13.736	 65.628  0.938
 80.162	 15.990	 65.472  0.687
 80.260	 18.224	 62.364 -0.156
 78.107	 19.410	 59.452 -0.756
 79.569	 19.810	 55.952  0.249
 77.566	 21.898	 53.495  1.114
 78.686	 21.537	 49.865  1.017
 76.820	 24.386	 48.152  0.443
 76.664	 25.231	 44.437  0.518
 78.767	 28.363	 44.913 -0.685
 81.584	 25.825	 44.909 -0.172
 82.596	 26.623	 48.488  1.121
 82.303	 24.427	 51.597  1.115
 81.421	 25.173	 55.223  1.117
 81.857	 23.318	 58.507  0.320
 80.141	 23.725	 61.876  0.959
 80.432	 21.694	 65.082 -1.532
 77.758	 20.235	 67.349  1.000
 77.644	 20.850	 71.099 -0.173
 79.288	 18.249	 73.352 -0.807
 75.921	 16.494	 73.710 -0.000
 75.923	 15.994	 69.951  1.011
 72.395	 17.214	 69.388  0.199
 72.645	 20.730	 67.959 -2.394
 74.948	 23.035	 65.987  0.416
 77.197	 25.537	 67.771  0.100
 78.644	 28.966	 67.030  0.811
 78.707	 29.807	 63.328 -1.889
 79.696	 27.896	 60.204  0.729
 83.127	 28.566	 58.698 -0.192
 84.442	 28.332	 55.134  1.071
 87.028	 25.733	 54.188  0.877
 90.072	 27.313	 52.533 -0.198
 92.569	 24.640	 51.476 -0.201
 92.699	 20.846	 51.634  0.609
 95.032	 21.192	 54.611 -2.216
 92.190	 22.759	 56.569 -1.067
 89.785	 20.241	 55.044  0.612
 91.744	 17.153	 56.051  0.749
 91.279	 18.126	 59.711 -1.682
 87.497	 17.871	 59.430  0.993
 88.028	 14.174	 58.724  1.010
 90.095	 13.454	 61.835  0.742
BRIEF 1RJL A 212              
 71.403	 24.015	 82.787       
 67.889	 22.623	 82.207       
 65.537	 22.089	 85.119       
 62.811	 19.463	 84.714       
 59.558	 19.499	 86.666       
 57.073	 16.665	 86.879       
 53.428	 16.706	 87.783       
 51.821	 15.154	 89.626       
 54.532	 14.375	 92.153       
 52.637	 11.230	 93.145       
 49.260	  9.650	 92.284       
 46.732	  6.948	 93.179       
 44.825	  5.178	 90.436       
 42.642	  2.095	 90.028       
 43.552	 -0.975	 87.964       
 42.383	 -0.507	 84.389       
 42.527	  3.266	 84.644       
 44.395	  5.481	 82.238       
 46.827	  7.880	 83.847       
 48.864	 10.801	 82.605       
 52.276	 12.103	 83.785       
 53.594	 15.427	 82.513       
 57.087	 16.834	 82.407       
 58.098	 20.449	 81.709       
 61.561	 21.887	 80.975       
 63.197	 25.290	 81.639       
 63.909	 25.761	 77.971       
 63.120	 24.330	 74.561       
 64.733	 20.877	 74.225       
 63.026	 19.922	 71.001       
 62.385	 16.184	 71.089       
 65.421	 15.084	 73.138       
 63.539	 13.581	 76.065       
 63.441	 10.122	 77.629       
 61.206	  8.294	 80.107       
 62.501	  5.776	 82.649       
 60.768	  3.386	 85.022       
 62.216	  2.255	 88.336       
 60.582	 -0.304	 90.614       
 61.440	 -0.267	 94.367       
 65.011	 -1.382	 94.924       
 65.611	 -2.092	 91.243       
 67.426	 -0.457	 88.324       
 66.176	  2.240	 85.898       
 64.617	  0.924	 82.684       
 64.318	  2.701	 79.349       
 60.649	  3.133	 78.303       
 60.581	  5.874	 75.657       
 63.278	  7.652	 73.678       
 63.097	 10.835	 71.618       
 59.783	 11.694	 73.375       
 57.505	  9.254	 71.548       
 59.257	  6.030	 70.448       
 58.706	  2.782	 72.353       
 61.727	  0.801	 73.474       
 61.715	 -2.905	 72.543       
 60.035	 -5.153	 75.109       
 57.718	 -2.405	 76.311       
 53.924	 -3.021	 76.303       
 52.178	 -0.854	 73.733       
 49.917	  0.497	 76.446       
 52.696	  3.052	 77.143       
 53.045	  6.121	 74.900       
 54.478	  9.628	 74.945       
 53.994	 12.890	 73.096       
 55.099	 16.510	 73.021       
 58.054	 18.670	 72.023       
 59.481	 22.043	 73.014       
 58.885	 22.369	 76.771       
 56.068	 19.911	 77.491       
 55.982	 16.129	 77.411       
 53.448	 13.677	 78.705       
 53.664	  9.937	 79.323       
 50.402	  8.040	 78.951       
 49.729	  4.693	 80.653       
 46.461	  2.981	 79.708       
 44.770	 -0.030	 81.324       
 46.898	  0.168	 84.484       
 48.403	 -3.153	 85.572       
 49.690	 -4.228	 89.038       
 53.225	 -4.461	 87.685       
 53.091	 -0.711	 86.852       
 53.744	  0.213	 90.519       
 56.910	  2.272	 89.972       
 58.572	  5.675	 90.092       
 58.766	  7.304	 86.650       
 61.340	  9.879	 85.543       
 61.840	 12.111	 82.519       
 65.330	 13.088	 81.344       
 66.541	 15.643	 78.817       
 69.463	 14.958	 76.527       
 69.420	 18.363	 74.840       
 72.721	 19.480	 76.372       
 75.176	 18.593	 79.121       
 74.839	 18.150	 81.913       
 71.947	 15.683	 81.486       
 69.169	 16.250	 84.023       
 66.297	 14.184	 85.446       
 62.947	 15.338	 86.776       
 62.050	 14.826	 90.434       
 60.085	 11.669	 89.649       
 56.403	 10.657	 89.948       
 55.516	  7.878	 92.411       
 52.613	  5.592	 91.451       
 50.306	  3.771	 93.859       
 47.367	  1.441	 93.171       
 44.180	  2.490	 94.900       
 42.067	 -0.104	 96.722       
 39.576	 -0.392	 99.586       
 40.541	  0.062	103.222       
 41.741	 -2.995	105.129       
 42.427	 -3.357	108.847       
 45.883	 -4.660	109.771       
 46.443	 -8.101	111.268       
 48.455	 -7.450	114.443       
 50.893	 -9.755	116.276       
 52.937	 -9.046	119.405       
 56.134	-10.848	120.393       
 57.726	-10.981	123.881       
 61.518	-10.766	124.184       
 63.327	-13.942	123.074       
 64.915	-16.084	125.818       
 68.341	-15.430	124.279       
 68.161	-11.627	124.125       
 67.504	-11.560	127.886       
 70.707	-13.548	128.414       
 72.642	-10.487	127.299       
 70.883	 -7.712	129.192       
 68.691	 -6.747	126.260       
 64.927	 -6.868	125.767       
 63.078	 -6.000	122.549       
 59.290	 -6.203	122.191       
 58.165	 -6.276	118.560       
 54.771	 -5.764	116.948       
 53.982	 -6.612	113.315       
 51.022	 -4.969	111.535       
 50.379	 -6.763	108.234       
 48.382	 -6.260	105.022       
 46.502	 -3.012	105.639       
 45.420	  0.049	103.645       
 45.902	  2.959	103.312       
 49.537	  3.440	104.393       
 48.863	  6.007	107.147       
 48.844	  4.448	110.590       
 50.039	  5.387	114.065       
 51.369	  2.847	116.568       
 51.584	  3.470	120.301       
 53.253	  1.444	123.060       
 52.008	  1.186	126.647       
 53.862	 -0.339	129.590       
 51.392	 -0.977	132.427       
 48.972	  1.465	130.828       
 51.615	  4.181	130.657       
 52.626	  5.272	127.141       
 56.245	  4.978	125.986       
 57.872	  7.235	123.376       
 61.638	  6.638	123.422       
 63.216	  3.429	122.115       
 60.626	  2.836	119.369       
 61.789	  1.713	115.938       
 59.297	  1.721	113.027       
 59.692	  0.337	109.491       
 57.399	  0.092	106.419       
 57.450	 -2.062	103.306       
 56.590	 -0.665	 99.878       
 53.143	 -1.314	 98.404       
 52.577	 -5.002	 97.582       
 51.774	 -5.567	 93.894       
 49.741	 -8.678	 94.813       
 47.002	 -7.200	 96.982       
 48.070	 -3.566	 97.051       
 48.519	 -3.534	100.837       
 51.346	 -2.306	103.104       
 52.883	 -3.950	106.186       
 54.672	 -2.408	109.156       
 57.024	 -3.488	111.938       
 57.399	 -1.716	115.297       
 60.152	 -2.611	117.777       
 60.427	 -1.417	121.403       
 63.922	 -1.876	122.856       
 64.692	 -1.628	126.583       
 67.070	 -3.103	129.172       
 66.445	 -6.400	130.966       
 66.051	 -4.535	134.270       
 63.393	 -2.246	132.781       
 61.576	 -5.185	131.203       
 61.505	 -7.070	134.507       
 60.178	 -4.021	136.350       
 56.746	 -4.142	134.696       
 54.530	 -6.934	133.407       
 51.969	 -5.589	130.925       
 53.050	 -4.731	127.372       
 50.637	 -3.278	124.834       
 50.774	 -2.359	121.163       
 47.926	 -0.079	120.029       
 47.218	  0.766	116.393       
 45.073	  3.645	115.135       
 43.793	  3.224	111.582       
 41.088	  4.842	109.436       
 39.331	  1.455	109.634       
 38.119	  1.903	113.214       
 37.242	  4.604	115.732       
 38.413	  2.358	118.555       
 42.105	  1.336	118.378       
 43.213	 -2.227	117.685       
 44.984	 -3.709	120.689       
 47.205	 -6.665	121.520       
 49.265	 -7.229	124.646       
 50.664	 -9.815	127.063       
 51.984	-10.166	130.634       
 54.341	-12.909	131.899       
 52.193	-15.989	132.438       
BRIEF 1RJL B 221              
 73.635	 -9.712	 75.363       
 74.996	 -6.456	 76.793       
 75.995	 -6.836	 80.437       
 77.501	 -4.396	 82.922       
 78.981	 -5.822	 86.122       
 79.284	 -3.747	 89.282       
 80.102	 -4.791	 92.881       
 77.113	 -4.683	 95.257       
 78.318	 -2.444	 98.073       
 81.427	 -0.927	 99.567       
 82.325	  0.653	102.912       
 84.809	  3.515	103.139       
 86.008	  5.957	105.808       
 85.496	  9.768	105.685       
 88.240	 11.673	103.899       
 89.434	  8.464	102.246       
 88.963	  7.679	 98.544       
 87.372	  4.802	 96.622       
 87.624	  3.073	 93.230       
 84.474	  1.827	 91.477       
 84.528	 -0.677	 88.615       
 82.078	 -1.595	 85.845       
 82.973	 -4.554	 83.609       
 81.389	 -4.495	 80.162       
 80.645	 -7.396	 77.817       
 78.210	 -8.083	 74.996       
 79.303	 -5.215	 72.754       
 82.380	 -3.396	 71.466       
 83.789	 -1.480	 74.407       
 86.313	  0.725	 72.587       
 83.481	  1.678	 70.264       
 81.128	  2.936	 73.021       
 80.143	  5.829	 75.277       
 80.002	  4.984	 78.974       
 78.175	  7.100	 81.556       
 77.995	  7.316	 85.356       
 75.139	  8.522	 87.581       
 74.389	  8.623	 91.291       
 71.220	  8.236	 93.323       
 70.959	  8.971	 97.041       
 68.060	  7.376	 98.969       
 64.820	  8.932	 97.778       
 66.592	 11.948	 96.262       
 66.673	 11.175	 92.536       
 69.301	 10.870	 89.805       
 72.300	 13.140	 89.222       
 74.479	 12.824	 86.110       
 78.244	 12.533	 86.634       
 79.797	 12.230	 83.169       
 80.673	 10.423	 79.946       
 83.811	  8.817	 78.573       
 84.694	  7.633	 75.057       
 86.827	  4.483	 75.812       
 88.775	  4.682	 72.561       
 90.508	  7.875	 73.676       
 89.730	  8.506	 77.319       
 88.125	 11.810	 76.414       
 85.614	 12.899	 79.028       
 82.795	 15.334	 79.691       
 82.008	 16.114	 83.313       
 79.147	 17.658	 85.254       
 80.788	 20.744	 86.736       
 79.600	 19.866	 90.261       
 81.729	 16.703	 90.205       
 84.852	 17.991	 88.427       
 87.045	 17.918	 91.511       
 85.297	 14.945	 93.125       
 85.130	 12.264	 90.446       
 87.474	 11.203	 87.669       
 86.531	  8.695	 84.973       
 89.032	  6.281	 83.412       
 88.968	  2.980	 81.501       
 91.017	 -0.087	 80.627       
 90.525	 -1.338	 77.069       
 92.305	 -4.639	 77.763       
 89.838	 -5.820	 80.405       
 86.838	 -3.875	 79.092       
 86.368	 -1.978	 82.350       
 85.247	  1.553	 83.203       
 86.169	  3.207	 86.521       
 85.321	  6.164	 88.724       
 87.571	  7.421	 91.459       
 85.993	  9.412	 94.237       
 88.349	 11.436	 96.438       
 88.088	 12.678	100.035       
 84.651	 11.240	100.680       
 82.060	 12.710	103.043       
 78.594	 11.651	104.209       
 77.112	 13.419	101.195       
 78.879	 10.811	 99.072       
 77.001	  7.818	100.471       
 74.746	  6.591	 97.650       
 74.266	  4.141	 94.790       
 76.480	  4.649	 91.747       
 75.375	  3.378	 88.336       
 77.308	  2.851	 85.130       
 75.330	  2.747	 81.885       
 75.820	  2.504	 78.152       
 74.665	  5.477	 76.145       
 73.730	  4.587	 72.598       
 73.491	  7.318	 70.003       
 72.274	  7.041	 66.415       
 68.474	  7.189	 66.460       
 68.334	  6.567	 70.197       
 70.351	  9.085	 72.233       
 69.487	  7.325	 75.473       
 71.035	  5.127	 78.143       
 69.344	  1.789	 77.381       
 71.484	 -0.501	 79.581       
 72.386	  0.013	 83.232       
 74.515	 -1.806	 85.788       
 73.121	 -3.143	 89.068       
 74.698	 -0.250	 90.960       
 77.212	 -0.120	 93.813       
 75.857	  0.962	 97.175       
 78.473	  3.123	 98.905       
 78.662	  3.870	102.615       
 80.846	  6.630	104.035       
 81.117	  5.904	107.760       
 83.766	  5.641	110.455       
 81.737	  3.046	112.379       
 83.063	 -0.515	112.634       
 81.874	 -3.762	111.064       
 79.794	 -5.813	113.509       
 78.132	 -9.208	113.189       
 74.419	 -9.423	114.019       
 72.587	-11.398	116.749       
 69.536	-13.111	115.231       
 66.659	-13.774	117.647       
 63.673	-16.129	117.044       
 60.158	-14.762	117.480       
 57.648	-17.365	118.623       
 54.086	-16.361	119.612       
 52.949	-16.143	123.244       
 51.569	-18.804	125.650       
 49.142	-21.390	124.306       
 48.023	-22.845	120.975       
 44.452	-23.490	119.789       
 43.934	-20.618	117.276       
 42.911	-19.988	113.899       
 43.522	-20.526	110.496       
 46.993	-19.147	110.700       
 49.902	-18.334	113.037       
 52.707	-15.777	112.556       
 56.407	-16.247	113.286       
 59.208	-13.679	113.298       
 62.971	-13.256	113.095       
 64.774	-10.219	114.564       
 68.221	 -9.215	113.283       
 69.748	 -6.562	115.540       
 73.048	 -4.716	115.991       
 74.980	 -4.796	112.700       
 76.650	 -1.946	110.784       
 78.317	 -3.478	107.769       
 75.052	 -3.067	105.812       
 73.598	 -5.654	103.465       
 72.226	 -8.746	105.157       
 70.237	-11.519	103.481       
 67.329	-13.332	105.107       
 65.046	-16.191	104.142       
 62.997	-19.023	105.589       
 63.824	-22.709	105.150       
 66.721	-21.858	102.861       
 64.186	-20.350	100.471       
 61.627	-23.168	100.540       
 59.030	-21.168	102.445       
 58.510	-17.952	100.504       
 54.761	-17.428	100.448       
 53.430	-15.197	103.215       
 56.700	-13.408	103.959       
 57.209	 -9.749	104.876       
 60.802	 -8.588	105.225       
 61.206	 -5.061	106.536       
 63.772	 -2.435	105.418       
 66.443	 -1.999	108.088       
 66.686	  1.323	109.909       
 69.810	  2.840	111.477       
 70.322	  4.039	115.052       
 73.590	  4.762	116.870       
 75.589	  3.436	113.926       
 73.722	  0.141	114.106       
 71.034	 -1.459	111.915       
 67.959	 -3.425	113.003       
 65.966	 -5.575	110.572       
 62.997	 -7.938	110.980       
 60.926	-10.437	109.000       
 57.565	-12.086	109.575       
 56.176	-15.323	108.119       
 52.572	-16.508	108.257       
 51.612	-20.187	108.071       
 48.659	-22.465	108.838       
 47.843	-23.412	112.433       
 48.127	-27.077	111.400       
 51.741	-26.948	110.170       
 53.549	-25.382	113.152       
 55.210	-26.482	115.319       
 55.047	-30.051	113.968       
 56.795	-28.916	110.771       
 59.893	-26.900	111.702       
 60.545	-23.348	110.526       
 63.946	-21.661	110.388       
 65.178	-18.227	109.345       
 68.615	-18.138	107.832       
 70.663	-14.978	108.146       
 73.775	-14.181	106.142       
 75.911	-11.073	106.723       
 78.712	-10.927	104.066       
 80.776	 -8.090	105.557       
 81.350	 -9.993	108.806       
 81.394	-13.359	107.069       
 78.564	-14.556	109.285       
 76.002	-17.270	108.563       
 73.214	-18.184	110.979       
 70.244	-20.565	111.185       
 67.632	-20.058	113.863       
 64.861	-22.525	114.584       
 61.661	-20.947	115.918       
 60.966	-23.127	118.957       
 57.613	-22.960	120.799       
 57.606	-21.203	124.184       
 54.326	-22.544	125.480       
