BRIEF 1RVF 1 273              
 34.708	 31.381	 96.954  0.691
 33.983	 34.859	 98.466 -0.181
 34.680	 36.739	101.684  0.525
 32.067	 39.416	101.279  0.611
 30.376	 41.008	 98.350 -2.428
 30.185	 44.734	 97.884 -0.884
 27.440	 46.630	 99.652  0.435
 26.258	 50.188	 99.179 -0.261
 24.106	 52.392	101.454 -0.243
 20.535	 51.264	102.328 -0.333
 17.051	 52.209	103.670  0.450
 14.140	 49.706	103.919  0.588
 11.393	 47.752	105.576  0.235
 13.696	 44.785	105.629 -0.417
 15.851	 45.171	108.724  0.284
 18.401	 42.360	108.724  0.843
 20.163	 43.101	112.079  0.451
 16.975	 42.998	114.209  0.870
 15.893	 39.558	115.404  0.771
 14.364	 37.928	118.482  0.877
 17.103	 35.806	120.033  0.365
 14.726	 34.038	122.441  0.874
 13.663	 31.790	119.576  0.862
 16.949	 29.911	119.829  0.870
 18.028	 30.788	116.303  0.803
 21.419	 32.447	116.145  0.766
 20.893	 34.704	113.165  0.624
 23.365	 34.195	110.287  0.080
 23.716	 38.043	110.014  0.454
 26.711	 39.479	108.315 -0.313
 29.178	 42.247	107.873  0.845
 27.756	 43.363	104.568  0.423
 24.372	 43.661	106.343  0.698
 25.490	 46.305	108.717  0.202
 27.755	 48.453	106.394 -0.028
 29.367	 49.423	103.050  0.747
 31.875	 46.710	101.947  0.862
 33.808	 45.301	 98.981  0.875
 33.992	 41.883	 97.255  0.458
 36.787	 39.832	 98.772  0.860
 37.980	 36.374	 98.902 -0.657
 38.202	 33.404	101.084  0.725
 40.998	 31.022	 99.996 -0.509
 40.455	 29.072	103.238  0.591
 38.465	 25.939	104.136  0.347
 39.913	 25.134	107.505  0.657
 41.442	 21.759	106.907  0.496
 43.003	 22.377	110.274  0.875
 39.581	 22.878	111.977  0.749
 38.055	 19.618	110.657  0.245
 37.240	 16.990	113.337 -0.630
 39.572	 14.394	111.747  0.692
 42.208	 16.699	113.165  0.634
 41.087	 18.530	116.243  0.870
 40.792	 15.111	117.799  0.396
 43.305	 13.075	115.852  0.100
 46.859	 14.120	116.934  0.814
 49.269	 11.897	118.779  0.377
 49.054	 12.839	122.398  0.732
 50.049	 11.043	125.508  0.760
 47.345	  9.444	127.506  0.522
 49.121	  7.617	130.310  0.001
 52.504	  6.914	132.049 -0.363
 53.573	  4.200	134.570 -0.423
 56.851	  2.395	135.278 -1.207
 58.319	 -0.987	136.009  0.271
 61.585	 -2.494	136.873 -2.428
 63.742	 -5.447	136.363 -0.114
 65.518	 -6.545	139.503 -2.428
 65.833	 -9.819	141.409 -2.427
 62.423	-11.186	142.257 -2.428
 63.924	-13.876	144.486 -2.428
 61.872	-13.092	147.653 -2.428
 58.850	-11.031	146.506 -2.428
 55.436	-11.735	148.070 -2.428
 53.561	 -9.801	145.388 -2.416
 55.177	 -8.812	142.128 -2.290
 52.887	 -5.925	141.339 -2.424
 53.808	 -4.322	144.649 -2.428
 57.297	 -4.543	143.128 -2.428
 56.414	 -3.086	139.734 -2.428
 58.129	 -6.243	138.564 -0.146
 55.502	 -6.028	135.860 -0.371
 52.533	 -3.652	135.576 -0.871
 49.250	 -2.801	133.882 -0.884
 46.661	 -0.286	132.759  0.855
 42.822	 -0.027	132.909 -0.887
 42.789	  1.423	129.442  0.625
 40.949	  4.617	129.182  0.078
 41.781	  8.248	128.443 -0.073
 40.652	 10.348	131.462  0.485
 44.017	  9.856	133.196  0.326
 45.471	 12.836	131.339  0.481
 43.437	 16.002	131.141  0.540
 45.053	 17.703	128.146  0.875
 43.472	 15.271	125.667  0.312
 40.535	 14.460	127.952  0.875
 39.322	 18.053	127.390  0.814
 39.304	 17.787	123.615  0.874
 37.200	 14.626	123.670 -0.096
 34.658	 15.925	126.287  0.830
 34.032	 18.721	123.680 -0.366
 31.370	 16.448	122.065  0.838
 29.007	 13.838	123.523  0.877
 29.448	 10.586	121.496  0.835
 32.538	  9.993	119.464 -0.218
 33.675	  7.251	117.144  0.875
 36.894	  6.067	115.600  0.705
 39.941	  3.836	115.134  0.795
 43.126	  4.555	117.153  0.173
 46.946	  4.659	116.898  0.875
 48.054	  3.363	120.384 -0.291
 51.855	  4.013	120.072  0.877
 54.224	  2.939	122.936  0.366
 57.682	  4.143	123.878  0.700
 59.942	  3.498	126.940  0.230
 63.308	  4.571	128.508  0.592
 65.390	  3.271	131.503  0.679
 67.271	  4.530	134.554 -0.573
 70.083	  3.040	136.633 -0.356
 69.820	  5.642	139.292 -0.047
 72.413	  3.797	141.318 -2.428
 75.861	  2.334	140.793 -2.428
 75.314	  0.715	137.534 -0.885
 78.261	 -0.603	135.615 -0.882
 76.433	 -0.454	132.314 -0.256
 73.027	  0.436	131.013 -0.100
 71.462	 -2.877	130.119  0.287
 68.985	 -3.278	127.289  0.230
 65.922	 -5.090	127.871 -0.056
 62.929	 -5.821	125.895  0.557
 59.583	 -4.870	127.071  0.410
 56.605	 -6.985	126.252  0.875
 53.207	 -5.371	126.454  0.368
 50.111	 -7.492	126.593  0.877
 46.504	 -6.731	126.267  0.487
 44.282	 -8.463	128.712  0.423
 40.765	 -8.291	127.375  0.843
 38.203	 -8.156	130.136  0.842
 37.566	-11.776	130.892  0.870
 41.195	-12.653	130.278  0.793
 43.358	-14.508	132.852  0.700
 45.752	-12.171	134.631 -0.505
 49.507	-11.825	135.058  0.786
 50.467	-12.189	138.725 -2.428
 54.119	-12.295	137.958 -0.888
 56.628	-11.181	135.614  0.313
 56.753	-14.829	134.463 -0.850
 53.354	-16.340	134.741  0.551
 51.871	-18.416	132.044  0.002
 49.517	-15.565	131.320  0.040
 52.563	-14.212	129.498  0.791
 52.215	-16.792	126.741  0.856
 49.552	-14.647	125.120  0.657
 48.263	-17.526	123.007  0.718
 45.195	-15.593	121.872  0.766
 46.257	-12.279	123.384  0.877
 47.641	 -9.520	121.099  0.776
 51.199	 -8.728	122.449  0.849
 54.306	 -6.852	121.088  0.145
 57.852	 -7.241	122.389  0.772
 59.721	 -4.152	121.568  0.355
 62.956	 -2.699	122.844  0.674
 63.849	 -0.132	125.452  0.259
 64.841	  3.300	124.390  0.607
 62.579	  2.457	121.479  0.236
 58.971	  2.476	120.483  0.323
 56.180	  0.424	118.896  0.278
 53.217	  1.498	116.749  0.793
 50.345	 -1.018	117.112  0.329
 47.054	  0.329	115.791  0.744
 43.635	 -1.077	116.668  0.610
 40.141	 -0.744	115.241  0.872
 37.400	  0.843	117.283  0.569
 35.890	 -1.703	119.665  0.149
 32.836	 -0.165	121.139  0.741
 30.136	 -2.655	121.934  0.521
 27.908	  0.030	120.427  0.725
 27.483	  2.272	117.362  0.766
 29.878	  4.731	119.074  0.827
 31.526	  5.538	122.415  0.835
 29.584	  7.080	125.337  0.587
 31.464	 10.027	126.917  0.218
 28.993	 10.937	129.547  0.838
 26.637	  8.336	130.576  0.869
 24.015	  9.457	132.956  0.856
 23.305	  5.861	133.938  0.870
 23.882	  2.919	136.253  0.617
 24.572	 -0.738	135.635  0.370
 21.207	 -1.279	137.353 -0.120
 18.160	 -0.021	139.164  0.365
 19.792	 -0.329	142.504 -0.829
 20.147	  2.565	144.898 -0.889
 23.661	  1.433	145.688 -2.422
 25.521	  1.429	142.470  0.192
 27.907	  3.886	140.957 -0.889
 26.664	  6.584	138.570  0.801
 28.900	  7.586	135.672  0.807
 30.418	  6.144	132.521 -0.114
 32.935	  4.251	134.656 -0.053
 30.526	  1.405	133.841  0.527
 30.288	  1.642	130.065  0.612
 33.985	  1.522	129.619  0.778
 36.091	 -1.496	129.771  0.113
 38.280	 -2.548	127.056  0.679
 39.989	 -3.832	130.059  0.870
 43.680	 -3.445	130.474 -0.029
 47.193	 -3.409	129.269  0.147
 50.199	 -5.018	130.990  0.105
 53.941	 -4.548	130.613 -0.481
 56.835	 -6.542	132.077  0.835
 60.554	 -6.961	131.184  0.353
 61.501	-10.334	129.746  0.809
 65.127	-10.393	131.004  0.791
 66.319	-12.019	134.189 -0.633
 67.547	 -9.207	136.431 -2.281
 71.090	 -8.192	135.396  0.040
 72.911	 -7.393	138.709 -1.393
 72.386	 -3.612	139.334 -0.733
 68.787	 -2.238	139.243 -2.422
 66.872	 -0.847	136.298 -0.182
 63.694	  1.059	136.077 -0.888
 61.676	  1.561	133.062  0.435
 59.123	  4.238	132.490  0.104
 56.743	  3.238	129.787 -0.037
 54.659	  5.998	128.117  0.711
 51.486	  5.383	126.024  0.115
 50.529	  7.697	123.201  0.559
 47.278	  7.580	121.327  0.480
 45.987	  9.082	118.168  0.737
 42.323	  8.956	117.273  0.565
 41.755	  8.608	113.553  0.851
 38.718	  7.880	111.405  0.858
 36.519	  9.964	113.557 -0.022
 33.043	 11.151	113.842  0.021
 31.598	 13.108	116.671  0.452
 28.084	 13.874	117.654  0.726
 26.379	 16.525	119.737  0.103
 28.917	 19.097	120.911  0.843
 28.600	 20.417	124.349  0.835
 30.145	 23.037	126.522  0.571
 33.895	 22.963	127.306  0.581
 35.249	 22.288	130.797  0.835
 35.927	 25.351	132.952  0.590
 36.329	 23.810	136.383  0.541
 39.244	 21.280	136.720 -0.853
 39.189	 17.469	136.905  0.869
 39.224	 15.047	139.930 -1.251
 39.086	 11.418	138.767 -0.743
 38.544	  9.195	135.839 -0.056
 34.967	  9.083	134.624 -0.821
 33.505	 11.556	137.039 -0.029
 32.608	 15.194	136.263  0.581
 33.445	 16.450	139.623  0.668
 35.114	 19.384	140.908  0.173
 36.845	 20.292	144.015 -1.568
 35.264	 22.104	146.865 -2.410
 37.020	 25.550	147.408 -2.428
 38.305	 26.544	143.937 -2.428
 39.819	 29.823	142.516 -2.428
 37.432	 31.385	139.978 -2.428
 37.384	 30.465	136.380 -0.891
 35.766	 33.726	135.310 -0.365
 38.770	 36.147	135.130 -2.428
 37.793	 39.275	137.285 -0.616
 37.609	 42.680	135.677 -2.428
 40.060	 45.081	137.347  0.078
 38.279	 48.358	137.786 -2.428
 35.172	 48.760	135.709 -2.428
 32.880	 47.174	133.320  0.096
 33.079	 50.546	131.663 -0.383
 36.809	 49.956	131.738 -0.138
 38.089	 49.141	128.246 -0.558
BRIEF 1RVF 2 255              
 -2.292	 36.389	108.809       
 -0.917	 33.659	111.200       
  2.272	 34.247	113.491       
  4.864	 32.046	115.401       
  3.165	 33.977	118.149       
  0.299	 31.475	117.928       
  0.593	 27.733	117.764       
 -1.460	 24.737	118.684       
 -0.231	 21.213	119.167       
 -2.479	 18.258	119.295       
 -1.199	 14.992	120.555       
 -3.212	 11.931	121.300       
 -6.051	 13.904	122.892       
 -4.673	 17.090	124.302       
 -3.732	 20.408	122.878       
 -1.877	 23.485	123.779       
 -2.508	 26.901	122.578       
 -0.249	 29.739	123.235       
 -0.728	 33.127	121.820       
  2.965	 33.876	122.345       
  5.860	 31.541	121.673       
  8.956	 32.531	119.779       
  8.600	 29.831	117.206       
  9.715	 26.375	118.238       
 12.979	 24.521	118.270       
 13.844	 21.194	116.801       
 17.095	 20.095	118.272       
 19.727	 18.919	115.873       
 17.053	 19.485	113.284       
 16.036	 15.823	113.446       
 12.392	 15.030	113.681       
 11.281	 12.282	116.024       
 10.375	  8.932	114.492       
 10.465	  5.141	114.835       
 13.247	  2.590	114.729       
 14.151	  1.764	111.114       
 14.976	 -1.832	110.470       
 18.510	 -1.664	109.080       
 19.316	  0.019	112.468       
 17.443	 -2.364	114.848       
 18.946	 -5.057	117.134       
 16.461	 -6.487	119.685       
 14.671	 -9.338	117.825       
 11.380	 -8.755	119.502       
  8.445	 -7.176	117.892       
  8.138	 -3.712	119.324       
  4.921	 -2.286	120.764       
  3.657	  1.242	120.057       
  0.567	  2.403	122.150       
  0.560	  5.640	119.993       
 -2.293	  7.887	121.347       
 -2.176	  6.294	124.840       
  1.293	  7.618	125.618       
  2.096	  9.857	122.724       
 -0.083	 12.428	124.577       
  0.325	 15.484	126.877       
  1.252	 14.995	130.524       
  1.484	 18.011	132.811       
  4.245	 17.852	135.436       
  3.960	 20.656	137.962       
  4.227	 24.295	138.575       
  7.415	 25.333	140.210       
  7.320	 28.874	141.507       
  9.840	 31.315	140.236       
 10.850	 34.013	142.680       
 13.543	 36.627	143.132       
 15.016	 33.925	145.354       
 14.895	 30.831	143.122       
 18.081	 29.810	141.298       
 16.744	 27.159	138.858       
 15.306	 23.638	138.397       
 15.917	 20.628	136.259       
 14.090	 17.490	135.232       
 15.807	 14.344	133.887       
 13.406	 13.014	131.255       
 12.755	  9.239	130.705       
 11.888	  9.401	134.378       
  9.976	 12.689	135.057       
  6.901	 10.915	133.529       
  7.624	  7.491	135.032       
  4.235	  7.886	136.794       
  1.907	  9.247	134.148       
 -0.615	  6.482	133.418       
  0.019	  3.999	130.585       
  3.292	  5.584	129.676       
  4.641	  5.275	133.220       
  4.001	  1.469	133.210       
  4.617	  0.380	129.733       
  7.889	  2.007	130.813       
  8.407	 -0.282	133.795       
  6.861	 -3.322	132.383       
  9.275	 -3.693	129.667       
 12.806	 -4.460	129.464       
 13.825	 -1.736	126.951       
 11.887	  1.182	125.473       
 12.496	  4.113	123.148       
 10.742	  7.519	122.924       
 10.934	 11.161	121.738       
  9.609	 14.176	123.692       
  8.080	 17.647	123.495       
  8.267	 20.257	126.246       
  6.129	 23.365	125.996       
  7.480	 25.118	129.163       
  5.355	 28.004	130.477       
  5.165	 31.213	132.483       
  2.976	 34.324	131.989       
  3.370	 37.895	133.307       
  2.812	 41.429	131.924       
  4.153	 44.567	130.270       
  5.268	 45.756	133.731       
  7.147	 42.691	134.963       
 10.801	 42.222	133.975       
 12.945	 39.066	133.731       
 13.648	 36.014	131.528       
 14.431	 32.287	131.606       
 16.622	 29.832	129.716       
 14.832	 26.577	129.006       
 17.417	 24.136	127.730       
 17.808	 20.462	126.910       
 20.923	 18.472	127.488       
 21.328	 14.927	126.239       
 23.341	 12.615	128.441       
 23.801	 15.327	130.999       
 25.691	 13.810	133.856       
 25.965	 15.450	137.265       
 28.686	 15.843	139.913       
 28.854	 14.979	143.633       
 29.374	 17.783	146.096       
 32.308	 16.064	147.848       
 35.001	 16.176	145.128       
 37.313	 13.102	144.884       
 35.987	  9.933	143.189       
 32.690	 10.192	145.121       
 29.649	  9.214	143.028       
 25.923	 10.101	143.127       
 23.333	  7.409	143.854       
 20.235	  6.339	142.027       
 17.580	  8.012	144.210       
 19.146	 11.461	143.538       
 19.291	 11.481	139.775       
 15.847	  9.816	139.595       
 13.307	 12.459	141.116       
 10.534	 12.875	138.320       
  7.026	 14.378	138.945       
  8.962	 16.746	141.104       
 12.460	 17.243	139.687       
 15.510	 18.550	141.595       
 16.144	 22.143	142.649       
 19.385	 24.167	142.524       
 17.952	 26.840	144.745       
 18.125	 24.198	147.545       
 20.952	 22.449	149.458       
 22.892	 19.220	149.307       
 22.085	 15.862	150.821       
 24.774	 13.327	151.139       
 25.522	 11.720	147.881       
 23.314	 14.490	146.579       
 24.171	 16.017	143.208       
 25.859	 19.335	143.316       
 23.248	 22.040	143.370       
 24.842	 24.576	141.052       
 23.862	 26.825	138.277       
 27.203	 28.369	137.873       
 28.517	 25.047	136.624       
 25.311	 23.252	135.642       
 26.528	 20.825	138.164       
 29.373	 19.316	136.109       
 32.118	 21.970	135.505       
 30.721	 24.076	132.639       
 29.865	 27.783	132.860       
 26.161	 28.302	132.701       
 26.863	 30.656	129.745       
 28.144	 27.962	127.319       
 24.980	 26.065	127.647       
 23.500	 27.698	124.581       
 25.453	 25.113	122.584       
 22.530	 22.828	123.134       
 18.962	 23.213	122.003       
 17.123	 25.720	124.058       
 15.255	 28.902	124.101       
 14.401	 31.822	126.197       
 11.236	 32.797	127.846       
 11.512	 36.476	127.932       
  8.673	 37.741	129.995       
  8.479	 40.699	127.501       
  8.489	 38.987	124.036       
  7.291	 35.767	125.398       
  5.538	 33.644	127.868       
  6.177	 30.004	126.765       
  8.797	 27.764	125.263       
  8.982	 24.677	123.163       
 11.387	 22.008	122.174       
 10.717	 18.841	120.302       
 13.267	 16.247	121.188       
 14.175	 13.208	119.061       
 15.721	 10.068	120.728       
 19.372	 10.993	121.453       
 21.500	  8.191	122.722       
 23.982	  5.900	121.035       
 21.965	  2.696	120.788       
 18.959	  1.735	118.753       
 16.778	  0.891	121.568       
 17.717	  1.185	125.193       
 16.537	  1.026	128.782       
 14.695	  3.549	130.950       
 14.733	  2.022	134.390       
 18.444	  2.478	134.728       
 18.984	  5.623	132.621       
 18.031	  9.193	131.509       
 18.954	 10.229	127.905       
 18.522	 14.013	128.486       
 17.264	 16.511	130.954       
 15.388	 19.654	130.802       
 16.747	 22.546	132.599       
 15.093	 25.785	133.296       
 17.383	 28.431	134.670       
 16.639	 32.135	135.325       
 19.541	 33.687	133.388       
 18.064	 37.160	134.279       
 15.931	 37.806	137.456       
 12.088	 37.808	137.998       
 11.289	 41.326	139.098       
  7.592	 42.237	139.505       
  6.246	 45.869	139.349       
  6.086	 48.086	142.367       
  4.335	 45.801	144.771       
  2.770	 42.572	143.525       
  3.507	 38.995	144.403       
  7.191	 38.439	143.579       
  6.673	 34.990	142.255       
  5.597	 33.757	138.900       
  4.882	 30.102	138.562       
  6.464	 28.063	136.056       
  4.695	 25.043	134.842       
  6.252	 22.476	132.619       
  4.636	 20.126	130.189       
  5.995	 17.253	128.298       
  4.532	 14.748	126.010       
  6.485	 11.782	124.748       
  6.019	 10.331	121.281       
  7.221	  7.641	118.884       
  7.376	  5.545	121.919       
  8.375	  1.965	121.243       
  8.501	 -0.597	124.042       
 10.253	 -3.961	123.671       
 10.361	 -7.172	125.766       
  7.619	 -7.148	128.442       
  7.694	 -8.965	131.786       
  7.542	 -9.169	135.596       
  7.497	 -5.325	135.901       
 10.670	 -3.679	137.232       
 11.342	 -2.678	140.880       
 13.308	  0.511	141.414       
 15.484	  1.543	144.240       
 13.610	  2.866	146.933       
BRIEF 1RVF 3 236              
 67.203	 -7.962	 97.950       
 66.578	 -4.310	 96.904       
 69.110	 -1.574	 97.841       
 67.985	  1.257	100.114       
 69.641	  4.089	102.028       
 68.181	  5.469	105.224       
 67.741	  9.204	105.527       
 68.080	 11.431	108.580       
 65.026	 11.235	110.774       
 64.868	  7.500	111.103       
 62.669	  6.293	113.929       
 61.688	  9.840	114.930       
 58.469	  9.744	116.802       
 56.674	 12.760	115.425       
 53.285	 12.766	116.959       
 51.602	 14.429	113.960       
 52.027	 11.420	111.633       
 49.307	 10.009	109.389       
 51.207	  6.756	108.767       
 50.167	  3.239	107.989       
 50.098	  0.876	110.913       
 49.008	 -2.801	111.563       
 45.756	 -4.088	113.312       
 46.357	 -5.492	116.775       
 42.944	 -7.104	116.401       
 42.869	 -8.508	112.924       
 39.840	 -9.715	111.071       
 37.748	 -8.023	113.857       
 34.450	 -6.406	112.716       
 32.866	 -3.482	114.466       
 29.543	 -2.491	115.828       
 27.400	 -1.227	112.997       
 27.174	  2.490	113.066       
 23.710	  3.831	113.361       
 22.401	  7.323	113.292       
 22.531	 10.224	115.654       
 21.069	 13.621	115.485       
 23.453	 16.456	115.456       
 26.775	 15.724	114.063       
 29.946	 17.750	113.893       
 32.301	 17.991	111.051       
 34.273	 21.073	111.739       
 34.684	 23.032	114.941       
 33.874	 25.958	112.817       
 30.308	 24.769	112.524       
 29.679	 24.881	116.163       
 31.403	 28.106	116.985       
 28.864	 29.830	114.797       
 26.475	 29.611	117.697       
 26.123	 32.071	120.416       
 27.065	 31.945	123.948       
 26.917	 34.664	126.587       
 29.871	 36.859	127.382       
 30.052	 37.741	131.064       
 30.911	 41.267	130.279       
 30.411	 42.055	134.004       
 33.298	 40.157	135.717       
 33.614	 42.746	138.596       
 32.995	 40.212	141.317       
 34.477	 38.594	144.201       
 33.396	 35.185	142.687       
 31.915	 33.724	139.438       
 28.368	 34.809	138.979       
 25.245	 34.173	137.072       
 25.307	 37.905	137.298       
 28.727	 38.541	135.891       
 26.551	 38.029	132.799       
 24.080	 40.825	133.296       
 25.085	 44.051	131.598       
 22.809	 46.316	133.735       
 20.929	 49.382	132.642       
 20.326	 52.481	134.633       
 17.045	 54.196	134.418       
 16.687	 57.866	133.505       
 20.457	 58.630	132.890       
 22.066	 59.739	129.590       
 25.216	 60.190	127.425       
 26.835	 57.837	129.912       
 28.757	 54.666	129.213       
 27.270	 51.144	129.541       
 30.327	 49.005	129.014       
 33.507	 48.546	127.157       
 36.279	 46.179	126.391       
 38.764	 45.308	123.711       
 38.832	 42.445	121.323       
 41.259	 39.902	122.360       
 38.794	 37.171	121.925       
 41.632	 35.089	123.267       
 41.233	 36.633	126.690       
 39.214	 38.687	129.170       
 35.465	 38.383	129.172       
 35.699	 36.258	126.055       
 38.235	 33.799	127.526       
 35.331	 31.590	128.811       
 32.977	 31.244	125.856       
 32.655	 28.591	123.288       
 34.433	 31.035	120.885       
 37.189	 31.482	123.354       
 37.813	 28.029	124.795       
 37.962	 26.690	121.008       
 39.616	 29.512	119.310       
 41.885	 29.203	122.212       
 42.861	 25.771	120.907       
 44.509	 27.448	117.805       
 47.136	 30.137	117.361       
 46.063	 32.257	114.443       
 42.604	 33.670	113.702       
 40.587	 35.849	111.371       
 37.046	 36.565	110.209       
 34.417	 38.896	111.701       
 32.740	 38.391	114.995       
 29.015	 38.852	115.301       
 28.151	 40.208	118.619       
 24.590	 40.106	119.776       
 22.765	 42.123	122.577       
 19.259	 41.379	124.110       
 17.232	 43.632	126.453       
 14.905	 42.197	129.188       
 13.300	 45.388	130.435       
  9.606	 45.563	131.139       
  7.748	 45.351	128.032       
  6.481	 48.916	128.478       
  9.866	 50.596	129.022       
 11.969	 51.968	126.232       
 15.442	 52.824	125.310       
 17.500	 53.697	122.396       
 21.219	 53.174	122.817       
 24.158	 52.668	120.474       
 26.883	 50.033	119.975       
 30.207	 50.753	118.423       
 33.416	 49.139	117.257       
 36.497	 51.188	117.377       
 39.151	 49.750	115.168       
 42.847	 50.044	116.200       
 44.732	 53.560	116.533       
 43.284	 55.515	119.393       
 41.706	 54.075	122.363       
 38.650	 53.229	124.206       
 36.426	 55.951	122.984       
 35.819	 57.734	126.070       
 32.460	 59.189	125.474       
 29.869	 59.178	122.864       
 31.047	 61.608	120.291       
 34.576	 60.041	120.144       
 32.903	 56.601	119.908       
 30.358	 57.437	117.267       
 33.037	 58.173	114.657       
 33.751	 54.503	114.426       
 31.700	 51.744	113.066       
 28.740	 51.808	115.235       
 24.989	 51.171	115.210       
 22.125	 53.088	116.779       
 19.455	 50.610	117.975       
 15.858	 51.346	118.863       
 14.316	 49.017	121.383       
 11.080	 47.457	120.348       
  9.513	 44.001	120.174       
 12.799	 42.732	118.650       
 14.762	 42.255	121.818       
 17.940	 41.561	119.893       
 20.107	 43.773	117.837       
 22.936	 42.099	116.033       
 25.935	 44.237	115.530       
 28.772	 42.860	113.499       
 32.399	 43.736	113.977       
 33.798	 44.083	110.495       
 37.063	 42.448	110.159       
 39.213	 45.560	109.721       
 42.914	 44.829	109.692       
 46.038	 45.370	107.629       
 47.711	 42.025	108.137       
 45.273	 39.190	107.364       
 45.582	 37.073	110.524       
 45.950	 37.632	114.179       
 47.722	 35.966	117.001       
 44.949	 34.472	119.171       
 47.084	 35.020	122.200       
 47.307	 38.724	122.999       
 49.753	 40.832	120.937       
 49.720	 44.503	119.980       
 50.877	 44.403	116.334       
 48.239	 41.725	115.948       
 45.810	 43.753	118.070       
 42.047	 43.707	117.394       
 40.714	 47.011	118.786       
 37.713	 47.888	120.974       
 33.964	 48.279	121.352       
 31.516	 50.014	123.716       
 27.811	 51.012	123.933       
 26.351	 54.309	125.124       
 23.022	 55.685	126.042       
 21.899	 57.101	122.822       
 19.401	 59.037	124.788       
 18.337	 57.023	127.875       
 16.338	 54.314	129.585       
 12.764	 55.090	130.385       
 10.676	 53.203	132.899       
  6.880	 52.749	133.057       
  4.947	 54.029	136.075       
  4.520	 51.663	139.016       
  7.750	 49.722	138.054       
 11.365	 50.222	139.274       
 15.188	 49.578	139.631       
 17.491	 48.379	136.832       
 16.944	 46.260	133.767       
 19.506	 44.420	131.696       
 21.248	 43.460	128.548       
 22.467	 39.992	127.790       
 25.267	 39.605	125.373       
 26.436	 36.905	123.138       
 29.138	 36.495	120.695       
 29.283	 34.115	117.845       
 31.660	 33.734	114.926       
 30.864	 34.538	111.328       
 30.570	 32.695	108.041       
 33.927	 34.026	107.220       
 35.703	 33.083	110.481       
 39.243	 31.628	110.069       
 41.585	 29.577	112.331       
 44.896	 27.741	111.748       
 47.984	 26.303	113.481       
 46.901	 24.068	116.305       
 48.308	 24.917	119.685       
 47.544	 23.509	123.112       
 45.341	 25.354	125.502       
 46.298	 26.857	128.739       
 42.806	 26.848	130.170       
 43.267	 23.324	131.623       
 45.703	 21.470	133.822       
 46.492	 18.603	136.068       
 49.480	 18.561	138.350       
 49.094	 14.835	138.494       
 47.524	 11.774	136.934       
 43.876	 11.218	137.755       
 42.289	  8.301	139.457       
 39.863	  5.621	139.275       
BRIEF 1RVF 4 40               
 48.799	  3.058	 98.609       
 47.510	  0.407	101.117       
 50.089	 -2.114	102.472       
 47.722	 -3.545	105.101       
 45.050	 -6.014	104.936       
 42.716	 -3.954	107.201       
 40.718	 -0.802	108.009       
 42.603	  0.527	111.026       
 45.559	 -0.436	108.985       
 44.631	  2.552	106.854       
 45.930	  6.017	107.578       
 43.954	  9.197	108.207       
 41.331	 10.307	105.673       
 41.082	 14.141	105.537       
 38.584	 17.014	104.839       
 34.913	 16.014	105.250       
 33.892	 19.328	103.689       
 30.153	 18.827	104.351       
 29.861	 21.452	107.091       
 26.301	 22.422	107.868       
 25.612	 24.830	110.684       
 21.791	 24.663	110.300       
 21.793	 21.648	112.646       
 22.871	 24.027	115.471       
 22.706	 27.553	114.050       
 18.980	 27.476	113.271       
 16.940	 24.448	114.440       
 13.689	 26.556	114.170       
 10.660	 24.608	113.040       
  8.756	 27.560	111.594       
 11.780	 28.803	109.543       
 13.224	 32.246	109.858       
 14.365	 34.481	107.154       
 17.245	 36.841	107.393       
 15.763	 40.250	106.581       
 12.265	 39.609	107.900       
 10.811	 40.677	111.250       
 11.757	 37.656	113.511       
  8.384	 37.137	115.081       
  5.630	 39.059	113.797       
BRIEF 1RVF L 110              
 40.054	-12.765	148.402       
 41.750	-15.736	149.862       
 39.691	-15.807	153.067       
 41.877	-16.236	156.160       
 41.050	-18.004	159.436       
 43.196	-18.138	162.594       
 43.087	-21.801	163.818       
 41.762	-21.825	167.469       
 39.763	-18.695	168.129       
 41.495	-18.453	171.436       
 42.328	-20.667	174.350       
 44.632	-19.951	177.247       
 48.173	-21.081	177.886       
 49.766	-21.754	181.232       
 53.316	-20.517	180.763       
 55.205	-23.669	179.751       
 52.250	-24.992	177.724       
 53.481	-25.044	174.096       
 51.375	-22.949	171.818       
 50.480	-23.676	168.136       
 48.188	-21.507	166.011       
 47.087	-21.812	162.414       
 45.777	-19.948	159.470       
 43.569	-21.584	156.933       
 43.033	-19.453	153.891       
 40.672	-20.677	151.207       
 43.052	-20.642	148.267       
 46.806	-20.637	147.964       
 48.779	-18.074	149.826       
 52.458	-18.675	149.512       
 53.624	-16.471	152.261       
 52.286	-16.316	155.628       
 53.080	-13.176	157.466       
 52.267	-13.387	161.144       
 51.421	-10.176	163.012       
 50.643	 -9.853	166.774       
 48.943	 -7.290	168.994       
 49.123	 -6.698	172.695       
 46.409	 -4.006	172.629       
 47.152	 -0.338	172.901       
 49.784	 -0.863	170.240       
 50.202	 -0.911	166.505       
 49.993	 -4.510	165.191       
 53.519	 -5.854	164.799       
 55.499	 -8.050	162.440       
 56.169	-11.339	164.227       
 57.007	-13.869	161.603       
 57.409	-12.965	158.012       
 57.408	-15.132	155.007       
 55.793	-18.351	156.217       
 58.339	-19.244	158.977       
 60.783	-16.385	159.797       
 61.022	-15.113	163.295       
 60.890	-11.423	162.626       
 63.137	 -9.149	164.663       
 62.991	 -9.477	168.444       
 60.292	-12.157	168.079       
 61.655	-14.799	170.561       
 62.704	-18.409	169.886       
 59.783	-20.277	171.545       
 58.009	-19.019	168.448       
 58.139	-20.352	164.881       
 55.593	-21.876	162.430       
 55.159	-22.842	158.751       
 52.876	-24.609	156.275       
 51.771	-23.566	152.802       
 49.430	-23.635	149.883       
 46.402	-23.150	152.037       
 47.055	-23.478	155.724       
 50.103	-22.284	157.586       
 50.707	-22.042	161.385       
 52.611	-20.603	164.397       
 54.421	-22.093	167.524       
 55.710	-20.874	170.910       
 57.575	-23.992	172.517       
 55.635	-23.024	175.688       
 53.625	-19.924	176.367       
 54.696	-17.212	178.753       
 53.232	-14.050	179.965       
 54.292	-12.059	176.937       
 52.121	-14.464	174.896       
 48.606	-13.572	176.041       
 48.258	-11.347	172.969       
 46.316	-11.512	169.688       
 47.501	-13.114	166.552       
 47.160	-12.368	162.983       
 48.293	-14.557	160.241       
 48.357	-12.475	157.107       
 48.081	-13.093	153.376       
 49.982	-10.951	150.866       
 49.893	-13.315	147.848       
 46.325	-12.576	146.491       
 45.635	 -8.880	145.986       
 43.040	 -7.060	148.174       
 45.932	 -8.011	150.525       
 44.031	 -9.511	153.519       
 45.061	-10.108	157.208       
 44.154	-13.198	159.348       
 41.296	-13.650	161.872       
 42.725	-13.751	165.385       
 44.069	-16.537	167.500       
 43.940	-14.425	170.577       
 46.790	-15.967	172.577       
 45.770	-16.718	176.052       
 47.586	-16.970	179.330       
 46.850	-19.447	182.026       
 47.242	-18.810	185.763       
 45.927	-20.018	189.128       
 42.573	-19.236	190.808       
 42.452	-16.349	193.460       
BRIEF 1RVF H 119              
 64.749	  3.778	161.073       
 61.886	  5.661	159.654       
 58.586	  6.590	161.071       
 54.973	  6.550	160.323       
 53.884	  9.363	162.580       
 50.124	  9.782	162.258       
 47.426	 12.444	162.445       
 45.515	 13.056	165.722       
 42.234	 11.786	167.220       
 39.404	 12.764	164.942       
 35.848	 13.740	165.578       
 33.801	 14.253	162.542       
 30.125	 14.988	162.262       
 28.461	 12.305	160.097       
 28.299	 12.922	156.346       
 31.629	 14.768	156.364       
 35.050	 13.622	155.215       
 38.336	 13.958	157.090       
 41.959	 13.498	156.427       
 44.333	 11.856	158.773       
 47.953	 11.871	157.877       
 51.217	 10.125	158.053       
 54.910	 11.070	157.627       
 58.022	  8.982	156.977       
 61.159	  9.752	158.957       
 64.545	  8.068	158.139       
 63.929	  5.767	155.100       
 63.111	  6.952	151.519       
 59.331	  7.589	151.416       
 59.477	  7.881	147.623       
 60.411	  4.168	147.425       
 57.935	  2.043	149.438       
 54.251	  2.091	149.808       
 51.930	  3.023	152.602       
 49.052	  0.754	153.293       
 46.178	  1.796	155.518       
 44.173	 -0.498	157.756       
 40.789	  0.046	159.316       
 40.964	 -1.970	162.454       
 37.725	 -0.890	164.061       
 37.191	 -1.371	167.866       
 37.386	 -5.095	168.786       
 37.633	 -5.202	165.004       
 40.123	 -6.659	162.530       
 43.219	 -5.427	160.816       
 41.321	 -4.164	157.709       
 43.071	 -2.999	154.456       
 41.940	  0.225	152.833       
 44.467	  0.790	150.093       
 48.104	  1.289	149.429       
 49.803	  4.026	147.570       
 53.185	  4.518	146.088       
 54.765	  7.981	146.282       
 57.270	  7.015	143.639       
 54.896	  7.762	140.712       
 51.459	  7.585	142.305       
 51.109	  3.924	141.403       
 48.475	  2.294	143.692       
 45.559	 -0.047	144.539       
 42.433	  0.001	146.880       
 40.265	 -2.727	148.531       
 36.837	 -2.752	146.911       
 35.106	 -1.801	150.222       
 36.686	  1.585	150.163       
 36.406	  2.322	146.474       
 34.646	  5.662	147.273       
 35.317	  6.109	151.026       
 39.139	  5.963	150.940       
 41.165	  8.047	148.521       
 44.817	  7.376	149.375       
 47.441	 10.060	148.596       
 51.148	 10.881	149.006       
 53.124	 14.136	149.191       
 56.649	 13.746	147.997       
 58.190	 16.601	150.080       
 56.572	 16.506	153.502       
 56.764	 12.759	152.904       
 53.314	 12.459	154.293       
 50.950	  9.861	153.184       
 47.343	 10.477	153.724       
 44.027	  9.498	152.630       
 40.706	 10.727	153.549       
 37.349	  9.299	154.045       
 34.334	 10.702	152.431       
 30.686	 10.684	153.589       
 31.535	  9.612	157.130       
 29.291	  7.157	159.009       
 29.829	  5.318	162.345       
 31.571	  2.506	160.513       
 34.323	  4.981	159.977       
 34.205	  5.003	163.720       
 37.152	  2.545	163.817       
 40.938	  2.897	163.618       
 43.128	  3.729	160.760       
 46.841	  2.765	160.702       
 49.418	  3.360	157.924       
 52.409	  1.001	157.309       
 55.475	  0.784	155.100       
 55.320	 -2.031	152.667       
 57.739	 -4.064	150.656       
 61.279	 -4.051	152.090       
 60.145	 -7.319	150.869       
 61.348	-10.128	153.181       
 58.651	 -8.585	155.313       
 55.111	 -7.447	154.729       
 54.398	 -3.912	155.761       
 57.299	 -4.052	158.132       
 57.483	 -0.508	159.610       
 54.218	  0.591	161.294       
 52.645	  3.841	162.481       
 50.698	  4.363	165.750       
 47.259	  5.436	164.281       
 44.434	  8.037	164.168       
 41.056	  7.711	165.854       
 38.105	  8.309	163.729       
 34.838	  8.787	165.355       
 31.826	 10.024	163.511       
 28.950	 11.605	165.354       
 27.352	 14.999	165.784       
