BRIEF 1RZJ G 305              
 17.155	-44.403	 87.097  0.562
 20.688	-45.761	 86.737 -0.385
 22.258	-48.830	 85.113 -1.204
 25.963	-49.557	 85.617  0.173
 27.310	-50.494	 82.179 -3.483
 30.520	-52.527	 81.893  0.564
 32.580	-51.050	 79.043  0.531
 34.933	-48.237	 77.969  0.534
 33.221	-44.995	 76.964  0.562
 34.831	-41.786	 75.761 -0.435
 33.956	-38.280	 76.989  0.467
 34.774	-34.695	 76.039  0.454
 33.239	-31.792	 77.960  0.513
 34.701	-29.270	 75.528  0.245
 32.544	-30.661	 72.770  0.294
 29.436	-31.668	 74.653  0.533
 26.301	-31.174	 72.596 -0.115
 24.238	-30.947	 75.808  0.530
 26.040	-27.737	 76.777  0.499
 24.842	-25.839	 73.716 -0.020
 21.430	-27.225	 74.569  0.563
 21.529	-25.788	 78.036  0.563
 22.996	-22.584	 76.694  0.168
 20.066	-21.958	 74.382  0.392
 17.603	-23.139	 76.960  0.544
 18.842	-20.764	 79.616  0.390
 19.074	-17.826	 77.235  0.485
 15.354	-18.504	 76.778  0.495
 14.497	-18.783	 80.473  0.531
 16.071	-15.368	 80.767  0.553
 14.377	-13.656	 77.851  0.486
 10.936	-14.540	 79.181  0.269
 12.015	-13.698	 82.727  0.550
 14.346	-10.671	 82.981  0.501
 13.025	 -8.067	 80.507  0.518
 14.890	 -4.781	 79.809  0.561
 13.419	 -1.302	 79.396  0.559
 15.525	 -1.363	 76.252  0.548
 18.061	 -3.575	 74.527  0.247
 20.509	 -2.716	 71.760  0.531
 21.963	 -5.264	 69.375  0.564
 24.487	 -4.489	 66.620  0.561
 23.674	 -5.059	 62.935  0.471
 26.375	 -4.196	 60.375  0.559
 25.082	 -6.252	 57.417  0.515
 27.954	 -5.097	 55.243 -2.813
 26.439	 -1.908	 53.833 -3.488
 28.144	  1.347	 54.748 -1.191
 27.421	  2.259	 58.354 -0.108
 25.944	  0.011	 61.053  0.489
 22.245	 -0.125	 61.891  0.454
 21.387	 -0.733	 65.546  0.458
 18.318	 -2.779	 66.418  0.509
 16.666	 -1.195	 69.433  0.032
 13.696	 -2.489	 71.416  0.216
 11.763	 -0.444	 73.965  0.427
  9.518	 -2.644	 76.104  0.505
  7.584	 -3.259	 79.316  0.548
 10.079	 -3.422	 82.174  0.559
  8.289	 -5.186	 85.150  0.561
 10.331	 -5.465	 88.360  0.562
 10.873	 -9.154	 89.062 -0.338
 13.661	-11.481	 90.166  0.063
 15.265	-14.562	 88.653  0.529
 14.434	-17.562	 90.832  0.300
 14.733	-20.494	 88.374  0.561
 13.688	-23.965	 89.412  0.564
 16.402	-26.634	 89.021  0.561
 16.334	-28.216	 85.599  0.548
 16.860	-31.866	 84.778  0.528
 17.886	-32.848	 81.261  0.328
 16.560	-36.182	 80.064  0.559
 17.253	-38.041	 76.841  0.003
 16.001	-36.350	 73.625  0.561
 13.959	-38.557	 71.268  0.563
 16.365	-41.105	 69.769  0.560
 19.230	-40.882	 72.269  0.436
 20.317	-41.830	 75.783  0.516
 22.355	-40.206	 78.544  0.265
 25.667	-41.718	 79.659  0.170
 27.395	-40.708	 82.895  0.384
 31.004	-41.036	 84.014  0.524
 30.543	-42.402	 87.539 -0.508
 34.228	-41.885	 88.260 -0.500
 34.456	-39.589	 91.302  0.034
 37.350	-37.595	 89.817 -1.199
 37.169	-37.375	 86.027  0.560
 38.411	-34.491	 83.906  0.115
 36.090	-34.122	 80.934  0.560
 38.569	-35.186	 78.249 -0.491
 39.478	-38.861	 78.250  0.469
 38.040	-42.399	 78.525 -0.517
 35.714	-43.355	 81.355  0.559
 35.840	-46.918	 82.646 -1.204
 33.145	-46.704	 85.324  0.453
 30.270	-45.489	 83.135  0.515
 26.488	-46.031	 83.120  0.550
 23.159	-45.127	 81.483  0.489
 20.885	-42.636	 83.222  0.531
 17.336	-41.404	 82.756  0.486
 17.902	-37.696	 83.389  0.559
 20.726	-35.525	 84.671  0.564
 20.916	-34.558	 88.322  0.563
 19.137	-31.280	 89.064  0.560
 21.158	-28.311	 87.830  0.564
 20.614	-24.903	 89.369 -0.414
 21.243	-22.589	 86.344  0.534
 23.291	-19.609	 87.412  0.531
 24.569	-16.855	 85.196  0.531
 27.624	-15.171	 86.662  0.550
 31.362	-14.574	 86.224  0.564
 34.629	-15.550	 87.931  0.525
 32.744	-17.412	 90.638  0.531
 30.432	-20.364	 90.006  0.560
 27.580	-20.398	 92.517  0.560
 25.242	-23.049	 93.931  0.564
 26.812	-25.728	 91.797  0.560
 28.023	-29.269	 92.364  0.564
 31.012	-29.899	 94.608  0.560
 33.925	-32.214	 93.791  0.451
 33.824	-35.407	 95.859  0.478
 37.500	-36.167	 96.392 -0.467
 40.126	-33.440	 96.125 -0.370
 39.768	-30.131	 94.265 -0.113
 39.591	-30.349	 90.479  0.089
 40.833	-28.032	 87.731  0.385
 39.757	-28.640	 84.123  0.485
 40.746	-27.053	 80.788  0.550
 40.929	-27.865	 77.063 -1.099
 44.640	-27.125	 77.134  0.548
 46.447	-25.938	 80.245 -0.440
 49.270	-25.123	 77.853  0.109
 47.137	-22.541	 76.055 -0.571
 47.142	-19.533	 78.398  0.533
 44.134	-18.226	 76.509  0.101
 41.902	-21.129	 77.560  0.450
 39.624	-20.940	 80.554 -0.484
 40.379	-23.099	 83.555  0.501
 37.345	-24.487	 85.331  0.420
 38.081	-24.986	 89.013  0.531
 35.756	-27.168	 91.027  0.168
 35.747	-27.073	 94.826  0.531
 35.225	-29.939	 97.234 -0.502
 34.089	-27.460	 99.881 -1.204
 31.652	-24.559	 99.605 -1.014
 32.331	-20.996	100.763  0.279
 29.405	-18.671	101.488 -2.865
 29.304	-15.296	 99.776  0.501
 26.789	-12.854	101.194  0.126
 25.781	 -9.787	 99.220  0.524
 23.505	 -6.810	 99.755  0.276
 21.998	 -4.116	 97.561 -0.029
 23.688	 -1.821	100.063  0.231
 26.927	 -2.090	 98.140  0.376
 28.912	 -5.114	 99.263  0.171
 29.481	 -8.860	 99.460  0.559
 30.934	-10.636	102.488  0.263
 33.229	-13.675	102.632 -1.101
 35.324	-15.451	105.308  0.217
 38.914	-14.295	105.042 -3.486
 39.694	-17.702	106.546 -1.204
 37.605	-20.033	104.411 -3.488
 38.562	-18.255	101.204  0.553
 42.180	-18.495	102.306 -0.122
 42.040	-22.228	102.880 -1.204
 40.309	-22.627	 99.493  0.382
 43.067	-20.755	 97.678  0.560
 45.745	-23.005	 99.200 -3.488
 43.901	-25.984	 97.795 -0.521
 43.814	-24.275	 94.388 -0.157
 47.501	-23.359	 94.146 -0.504
 48.188	-26.857	 95.419 -3.488
 46.295	-28.364	 92.476  0.450
 47.841	-25.775	 90.161  0.560
 51.562	-26.117	 90.869 -0.689
 50.770	-29.797	 90.395  0.080
 49.460	-29.181	 86.881 -0.052
 52.462	-27.057	 85.878 -0.022
 55.472	-27.106	 88.180 -3.488
 56.187	-28.283	 91.723 -3.213
 58.947	-25.694	 92.030  0.340
 56.553	-23.085	 90.628 -0.121
 54.951	-20.225	 92.566  0.410
 51.259	-19.473	 92.145  0.468
 50.233	-15.828	 92.150 -1.178
 46.624	-14.661	 92.125  0.560
 46.124	-11.202	 90.565 -0.470
 42.973	 -9.299	 89.600 -1.204
 41.473	 -9.381	 86.119  0.351
 43.594	 -7.842	 83.340  0.452
 40.653	 -5.874	 81.967  0.530
 37.762	 -5.850	 79.549  0.560
 34.020	 -5.413	 79.937  0.563
 32.630	 -4.651	 83.466 -0.249
 30.793	 -7.957	 83.616  0.562
 34.144	 -9.793	 83.151  0.405
 36.320	 -7.507	 85.249  0.163
 34.174	 -7.967	 88.314 -0.473
 32.381	-10.923	 89.868  0.439
 29.077	-10.141	 88.161  0.098
 25.677	-11.717	 88.802  0.466
 21.980	-11.062	 89.361  0.454
 20.527	-10.937	 92.895  0.559
 16.931	-10.088	 93.674  0.127
 16.544	 -9.258	 89.990  0.560
 19.339	 -6.669	 90.039  0.562
 22.717	 -6.794	 88.293  0.529
 25.673	 -6.838	 90.670  0.529
 29.232	 -5.976	 89.722  0.394
 31.485	 -6.653	 92.662  0.559
 35.198	 -5.802	 92.758  0.040
 37.050	 -9.069	 93.388 -0.505
 40.590	 -7.717	 93.733  0.080
 40.711	 -8.585	 97.419 -1.204
 39.997	-12.229	 96.481  0.560
 42.816	-12.376	 93.951  0.560
 45.980	-10.825	 95.350  0.374
 48.151	-13.555	 96.845  0.451
 51.324	-15.565	 96.341  0.228
 51.735	-19.206	 97.298  0.361
 54.597	-21.633	 97.924 -3.488
 57.456	-19.129	 98.259 -1.204
 41.660	 -7.947	113.233 -3.488
 41.347	-10.695	110.632 -3.488
 37.876	-12.087	109.890 -1.203
 35.689	-11.080	106.966 -3.488
 36.514	 -9.788	103.508  0.297
 34.251	 -7.068	102.219 -0.063
 33.929	 -6.608	 98.466  0.442
 32.465	 -3.358	 97.139  0.066
 29.638	 -4.008	 94.685  0.524
 27.626	 -1.767	 92.422  0.206
 24.141	 -2.301	 90.981  0.564
 23.961	 -1.198	 87.363  0.157
 21.009	 -0.387	 85.127  0.506
 23.011	 -0.419	 81.858  0.285
 24.845	 -3.710	 81.227 -0.002
 26.407	 -5.711	 78.410  0.517
 24.252	 -8.706	 77.454 -0.397
 25.694	-12.181	 77.809  0.553
 23.227	-13.884	 75.486  0.563
 24.873	-12.085	 72.556 -0.489
 26.795	 -8.959	 71.688  0.515
 24.347	 -6.344	 72.857  0.560
 23.379	 -3.860	 75.542  0.339
 20.487	 -3.658	 77.994  0.548
 19.009	 -1.114	 80.380  0.428
 16.883	 -1.996	 83.396  0.560
 14.762	  0.079	 85.757  0.563
 16.230	  1.295	 89.090  0.533
 15.746	 -0.862	 92.243  0.561
 12.437	 -0.634	 94.087  0.500
 13.472	 -2.542	 97.202 -3.488
 15.703	 -1.153	 99.939  0.560
 16.535	 -4.604	101.273 -1.204
 18.154	 -6.726	 98.567  0.548
 20.217	 -9.600	 99.951 -1.204
 21.433	-12.923	 98.588  0.559
 23.476	-15.783	 99.940 -0.117
 25.277	-18.208	 97.680  0.537
 27.865	-20.926	 97.863  0.309
 30.992	-20.405	 95.866  0.548
 31.429	-23.908	 94.471  0.564
 33.756	-23.230	 91.556  0.530
 36.065	-20.682	 89.872  0.232
 36.772	-19.715	 86.266 -0.476
 40.464	-18.886	 85.970  0.442
 42.824	-17.873	 83.208  0.377
 46.621	-17.856	 83.431  0.543
 48.963	-15.208	 82.045  0.563
 51.179	-17.333	 79.850  0.499
 53.642	-15.406	 77.750  0.316
 57.370	-15.984	 78.077 -1.204
 57.543	-15.042	 81.767 -3.488
 60.247	-17.718	 81.865 -3.488
 60.210	-17.701	 85.654 -3.488
 59.180	-20.374	 88.103 -3.488
 55.763	-18.899	 88.803 -0.923
 52.403	-18.766	 87.054  0.499
 49.887	-15.942	 87.475 -0.996
 46.158	-16.684	 87.545  0.497
 43.183	-14.336	 87.235  0.524
 39.403	-14.594	 87.520  0.534
 37.961	-15.301	 84.091 -0.138
 34.549	-16.136	 82.702  0.560
 32.110	-14.523	 80.293  0.499
 31.229	-17.529	 78.199 -0.484
 28.278	-18.995	 80.114  0.530
 28.920	-22.274	 78.342 -0.116
 31.814	-22.806	 80.758  0.468
 29.301	-22.480	 83.564  0.564
 26.955	-25.068	 82.023  0.553
 30.046	-27.099	 81.190  0.543
 31.116	-27.145	 84.848  0.509
 28.036	-29.200	 85.701  0.499
 27.682	-31.216	 82.475  0.560
 31.306	-32.379	 82.248  0.527
 30.113	-35.816	 83.438  0.496
 27.469	-36.514	 80.840  0.560
 27.134	-37.144	 77.126  0.562
 24.171	-37.626	 74.821  0.467
 24.385	-40.862	 72.835  0.499
 22.435	-41.923	 69.750 -0.816
 20.560	-45.005	 70.964  0.272
 19.001	-47.833	 68.957  0.562
BRIEF 1RZJ C 181              
 52.114	-13.463	 56.263       
 51.349	 -9.731	 56.284       
 53.097	 -6.446	 57.101       
 51.296	 -3.380	 58.443       
 52.758	  0.089	 58.991       
 51.404	  2.575	 61.502       
 51.978	  6.233	 62.358       
 53.125	  7.128	 65.861       
 50.215	  8.255	 68.023       
 47.759	  7.253	 65.302       
 45.273	  4.362	 65.428       
 45.984	  1.206	 63.430       
 43.486	 -1.629	 62.972       
 44.498	 -5.265	 62.531       
 41.730	 -7.425	 61.052       
 40.862	-11.067	 61.565       
 38.357	-12.898	 59.384       
 36.690	-16.186	 60.278       
 35.064	-18.486	 57.742       
 31.420	-18.038	 58.705       
 29.302	-15.026	 59.647       
 29.155	-16.141	 63.270       
 30.564	-14.775	 66.517       
 33.133	-17.338	 67.657       
 35.955	-17.303	 70.196       
 39.090	-15.354	 69.253       
 42.093	-13.646	 70.817       
 45.290	-11.831	 69.924       
 48.761	-12.406	 71.339       
 52.212	-11.061	 70.542       
 55.449	-12.789	 69.498       
 56.006	-13.736	 73.138       
 52.591	-15.302	 73.679       
 51.291	-12.388	 75.758       
 47.485	-12.102	 75.857       
 46.497	 -8.762	 74.310       
 42.831	 -8.987	 73.448       
 40.217	-11.679	 73.075       
 36.573	-12.462	 73.758       
 34.619	-14.580	 76.243       
 31.130	-15.145	 74.935       
 29.671	-11.716	 74.112       
 32.080	 -9.998	 76.487       
 35.505	 -8.557	 75.781       
 38.660	 -9.351	 77.710       
 42.034	 -7.587	 77.879       
 45.311	 -9.156	 78.912       
 48.576	 -8.494	 80.816       
 49.616	 -6.760	 77.593       
 51.602	 -3.536	 77.759       
 48.927	 -2.229	 75.386       
 46.079	 -2.808	 77.812       
 44.110	  0.462	 77.873       
 45.266	  1.398	 74.376       
 43.942	 -1.823	 72.856       
 40.432	 -2.565	 71.666       
 38.198	 -4.181	 69.068       
 34.816	 -3.764	 67.377       
 32.206	 -6.171	 68.753       
 29.899	 -4.728	 66.097       
 31.570	 -7.009	 63.537       
 31.799	-10.182	 65.636       
 28.413	-11.351	 64.374       
 30.023	-10.840	 60.922       
 33.083	-12.920	 61.625       
 35.517	-10.049	 62.020       
 37.387	 -9.562	 65.284       
 39.865	 -6.704	 64.663       
 42.606	 -5.638	 67.045       
 42.482	 -1.837	 67.086       
 45.549	 -0.248	 68.684       
 45.330	  3.515	 69.236       
 47.723	  6.299	 70.142       
 50.532	  4.251	 68.601       
 53.884	  3.962	 70.375       
 56.886	  2.506	 68.527       
 57.428	 -0.242	 71.093       
 54.122	 -1.687	 69.843       
 56.106	 -2.750	 66.795       
 56.066	 -6.542	 66.776       
 54.185	 -9.501	 65.339       
 50.631	-10.219	 66.504       
 48.618	-13.416	 66.087       
 44.855	-13.788	 65.826       
 43.891	-17.254	 67.069       
 40.336	-18.063	 65.973       
 38.498	-21.295	 65.141       
 41.847	-23.101	 65.324       
 43.753	-20.816	 62.943       
 46.595	-18.323	 63.226       
 46.403	-15.142	 61.169       
 49.841	-13.676	 61.919       
 50.963	-10.118	 61.096       
 53.940	 -7.839	 61.736       
 53.506	 -4.302	 63.026       
 55.877	 -1.430	 62.339       
 55.413	  1.970	 63.973       
 57.119	  5.069	 62.619       
 57.610	  8.619	 63.802       
 59.038	 11.560	 61.881       
 60.028	 14.850	 63.452       
 61.582	 18.157	 62.466       
 64.338	 18.605	 65.046       
 63.735	 22.358	 64.823       
 60.873	 24.796	 65.539       
 59.026	 25.412	 62.256       
 59.429	 29.227	 62.416       
 62.779	 29.249	 60.638       
 64.544	 31.797	 58.464       
 65.515	 31.735	 54.803       
 68.938	 30.142	 54.724       
 68.465	 27.916	 57.773       
 68.427	 24.113	 57.917       
 65.621	 21.603	 58.370       
 66.379	 18.221	 59.957       
 63.769	 15.502	 59.914       
 64.402	 12.528	 62.183       
 62.518	  9.255	 61.829       
 61.663	  6.899	 64.703       
 61.956	  3.225	 63.788       
 61.851	  0.044	 65.917       
 65.141	 -1.898	 66.249       
 65.945	 -4.156	 63.318       
 64.150	 -2.300	 60.525       
 65.698	 -0.108	 57.831       
 63.145	  2.202	 56.161       
 63.795	  4.559	 53.251       
 62.682	  8.117	 53.867       
 61.760	 10.699	 51.249       
 60.096	 14.050	 51.855       
 58.738	 16.560	 49.343       
 58.835	 20.286	 50.131       
 55.849	 22.372	 48.924       
 58.024	 23.689	 46.069       
 59.425	 20.323	 45.001       
 62.727	 20.142	 46.884       
 63.366	 16.437	 47.424       
 65.442	 14.714	 50.077       
 65.951	 10.982	 50.589       
 67.664	  9.264	 53.489       
 68.054	  6.618	 56.137       
 67.199	  7.676	 59.684       
 67.747	 11.417	 59.331       
 67.121	 13.911	 56.502       
 68.627	 17.383	 56.077       
 68.053	 20.465	 53.924       
 71.048	 22.710	 54.650       
 69.501	 25.967	 53.398       
 65.781	 26.656	 53.493       
 64.099	 28.784	 50.801       
 61.002	 30.943	 51.318       
 59.141	 28.717	 48.835       
 59.592	 25.831	 51.282       
 57.080	 27.359	 53.678       
 54.084	 25.077	 53.916       
 53.181	 21.412	 54.244       
 55.851	 18.828	 53.553       
 55.011	 15.307	 52.510       
 57.128	 12.418	 53.703       
 57.028	  8.780	 52.688       
 58.530	  5.795	 54.478       
 59.468	  2.593	 52.652       
 59.743	 -0.624	 54.658       
 59.035	 -4.197	 53.558       
 57.926	 -2.726	 50.244       
 55.131	 -0.828	 52.047       
 54.734	  2.892	 52.844       
 53.133	  5.567	 55.062       
 52.672	  9.337	 54.671       
 53.706	 12.140	 57.003       
 52.435	 15.717	 56.618       
 54.804	 18.036	 58.449       
 53.979	 21.727	 58.472       
 56.871	 24.139	 58.173       
 57.159	 27.906	 58.235       
 60.006	 29.881	 56.689       
 59.958	 33.612	 57.436       
 59.936	 36.356	 54.853       
 61.589	 39.741	 55.345       
 62.095	 43.153	 53.713       
 65.063	 44.885	 52.050       
BRIEF 1RZJ L 214              
 -3.332	  8.203	 77.594       
 -2.391	  9.787	 80.959       
 -4.016	 13.216	 81.288       
 -3.088	 15.714	 84.018       
 -5.463	 18.460	 85.206       
 -4.864	 21.477	 87.435       
 -7.891	 22.473	 89.479       
 -7.808	 26.228	 89.812       
 -7.212	 27.711	 86.357       
 -6.355	 30.861	 88.239       
 -5.583	 31.272	 91.924       
 -5.956	 34.773	 93.319       
 -3.947	 35.015	 96.514       
 -3.261	 37.936	 98.796       
  0.430	 38.691	 99.264       
  2.001	 36.976	102.262       
 -0.666	 34.296	102.504       
 -0.580	 30.627	101.587       
 -1.646	 29.086	 98.268       
 -2.537	 25.503	 97.417       
 -2.391	 24.127	 93.883       
 -4.276	 21.025	 92.737       
 -3.282	 18.527	 90.030       
 -4.979	 15.199	 89.456       
 -4.322	 12.397	 86.956       
 -6.764	 10.303	 84.911       
 -4.681	  7.284	 85.952       
 -2.308	  6.338	 88.802       
  1.202	  7.792	 88.575       
  2.746	  6.703	 91.904       
  5.051	  9.561	 92.901       
  6.564	 10.430	 89.501       
  5.069	 13.916	 89.561       
  6.942	 17.207	 89.201       
  5.986	 20.853	 89.527       
  7.230	 23.781	 87.500       
  7.048	 27.537	 87.849       
  7.091	 29.825	 84.836       
  7.446	 33.582	 84.686       
  6.444	 35.367	 81.460       
  8.985	 35.068	 78.675       
 11.120	 32.619	 80.649       
 12.006	 28.952	 80.598       
 10.201	 26.850	 83.192       
 11.757	 26.260	 86.605       
 11.630	 22.872	 88.342       
 10.336	 23.157	 91.926       
  9.453	 19.647	 93.012       
 10.005	 16.177	 91.565       
  9.294	 12.723	 92.966       
  6.113	 14.435	 94.204       
  7.752	 15.873	 97.337       
 11.455	 16.551	 96.964       
 12.280	 20.210	 96.696       
 14.768	 20.889	 93.917       
 18.021	 22.778	 94.498       
 17.578	 26.520	 95.084       
 13.872	 26.075	 95.813       
 12.945	 27.840	 99.103       
 11.286	 25.837	101.875       
  7.931	 27.652	101.667       
  7.415	 25.538	 98.535       
  6.409	 21.941	 99.374       
  4.809	 19.031	 97.551       
  2.738	 16.045	 98.653       
  0.454	 13.342	 97.299       
  0.718	 10.261	 95.118       
 -1.483	  8.316	 92.727       
 -3.952	 10.625	 90.973       
 -4.176	 13.586	 93.370       
 -1.347	 16.052	 94.037       
 -0.824	 19.332	 95.865       
  1.579	 22.239	 95.634       
  1.660	 24.328	 98.777       
  3.444	 27.678	 98.950       
  3.426	 28.752	102.609       
  3.776	 32.517	102.330       
  3.523	 34.034	 98.882       
  6.355	 36.398	 98.001       
  6.330	 38.992	 95.217       
  8.448	 36.648	 93.079       
  6.185	 33.630	 93.680       
  3.508	 34.893	 91.347       
  3.580	 32.939	 88.118       
  2.067	 30.028	 86.277       
  2.594	 26.515	 87.646       
  2.538	 23.220	 85.783       
  2.595	 19.608	 86.899       
  4.131	 16.790	 84.898       
  3.632	 13.027	 85.203       
  6.650	 10.971	 84.112       
  5.473	  7.540	 85.207       
  4.822	  5.546	 82.016       
  7.129	  3.432	 79.944       
  7.751	  3.842	 77.064       
  8.166	  7.531	 77.964       
  5.016	  9.440	 77.033       
  5.152	 12.075	 79.756       
  2.516	 14.806	 79.980       
  1.797	 18.260	 81.452       
 -1.141	 19.776	 83.266       
 -2.658	 22.792	 81.520       
 -1.219	 24.978	 84.279       
 -2.549	 27.139	 87.117       
 -2.072	 30.886	 87.044       
 -1.214	 32.291	 90.467       
 -2.244	 35.922	 90.572       
 -2.003	 38.761	 93.060       
 -5.345	 39.461	 94.665       
 -6.013	 43.073	 95.527       
 -8.989	 45.418	 95.974       
-11.291	 45.990	 93.035       
-10.242	 48.832	 90.736       
-12.243	 50.396	 87.923       
-10.486	 51.092	 84.614       
 -9.687	 54.416	 82.930       
-11.261	 54.145	 79.495       
 -9.792	 55.971	 76.484       
-10.833	 55.740	 72.857       
 -8.608	 56.514	 69.900       
 -9.931	 57.340	 66.450       
 -7.786	 56.156	 63.509       
 -4.865	 58.395	 62.550       
 -5.032	 60.488	 59.369       
 -1.868	 58.741	 58.249       
 -3.559	 55.355	 58.613       
 -6.733	 56.595	 56.922       
 -4.408	 57.304	 54.030       
 -3.298	 53.651	 54.043       
 -6.801	 52.541	 53.138       
 -7.770	 51.191	 56.558       
 -8.909	 52.683	 59.863       
 -8.127	 51.124	 63.248       
-10.052	 52.307	 66.281       
 -8.363	 51.696	 69.618       
 -9.965	 51.477	 73.055       
 -7.835	 51.340	 76.190       
 -9.067	 50.177	 79.589       
 -6.266	 51.230	 81.966       
 -5.162	 49.888	 85.394       
 -8.048	 47.775	 86.647       
 -8.716	 44.742	 88.815       
 -9.837	 42.040	 88.608       
 -8.560	 40.961	 85.178       
-12.021	 40.036	 83.888       
-13.664	 42.707	 81.717       
-16.208	 43.016	 78.894       
-15.866	 45.372	 75.930       
-18.503	 46.147	 73.316       
-18.040	 48.295	 70.241       
-21.052	 50.182	 68.977       
-21.076	 52.066	 65.699       
-24.066	 54.353	 65.361       
-25.692	 52.490	 68.236       
-24.944	 49.294	 66.302       
-23.411	 46.412	 68.260       
-20.290	 45.106	 66.542       
-18.637	 41.693	 66.382       
-16.035	 39.924	 64.267       
-13.881	 42.997	 63.582       
-12.174	 43.481	 66.961       
 -9.285	 41.966	 68.903       
 -8.435	 42.395	 72.583       
 -5.002	 42.059	 74.161       
 -4.101	 42.049	 77.865       
 -0.870	 42.864	 79.667       
  0.704	 40.810	 82.463       
 -0.352	 41.741	 85.988       
  1.427	 44.956	 86.889       
  4.346	 44.279	 89.251       
  3.855	 47.524	 91.183       
  0.121	 48.060	 91.600       
 -1.197	 44.626	 90.554       
 -3.543	 46.097	 87.974       
 -4.234	 44.964	 84.453       
 -4.716	 46.940	 81.295       
 -6.494	 45.846	 78.164       
 -6.567	 47.064	 74.585       
 -9.478	 46.434	 72.236       
 -9.009	 47.156	 68.566       
-11.737	 47.588	 65.969       
-10.664	 47.429	 62.347       
-12.345	 48.525	 59.108       
-11.300	 49.732	 55.650       
-11.355	 53.455	 54.827       
-14.731	 52.751	 53.255       
-16.934	 51.358	 56.037       
-15.457	 53.885	 58.462       
-16.350	 56.909	 56.348       
-19.908	 55.601	 56.211       
-20.744	 55.893	 59.905       
-20.951	 58.745	 62.394       
-20.553	 57.617	 65.995       
-18.024	 55.094	 67.262       
-18.345	 53.924	 70.871       
-16.422	 51.703	 73.282       
-18.791	 50.363	 75.946       
-17.009	 48.967	 78.998       
-18.231	 46.767	 81.865       
-16.251	 46.038	 85.036       
-16.850	 45.095	 88.671       
-15.459	 48.429	 89.805       
-17.918	 50.330	 87.654       
-21.343	 51.143	 88.992       
-22.558	 51.230	 85.399       
-21.140	 50.629	 81.919       
-18.824	 53.443	 80.869       
-18.983	 54.354	 77.201       
-16.325	 56.339	 75.372       
-17.108	 57.568	 71.898       
-16.218	 60.045	 69.202       
-18.003	 61.285	 66.126       
-16.148	 60.533	 62.917       
-14.985	 63.975	 61.836       
BRIEF 1RZJ H 229              
 25.434	 21.920	 86.403       
 25.124	 22.123	 82.588       
 24.055	 25.239	 80.662       
 21.602	 24.948	 77.764       
 22.239	 27.412	 74.949       
 19.689	 27.109	 72.140       
 19.935	 28.127	 68.503       
 18.285	 31.238	 67.089       
 14.722	 32.027	 66.048       
 13.352	 30.122	 63.026       
 10.941	 31.324	 60.341       
  9.490	 28.691	 57.968       
  6.663	 28.174	 55.445       
  4.121	 25.443	 56.145       
  5.371	 22.131	 54.728       
  9.027	 22.941	 55.437       
 11.219	 21.259	 58.030       
 13.290	 22.686	 60.873       
 16.325	 21.619	 62.901       
 16.877	 23.437	 66.168       
 19.943	 22.815	 68.330       
 20.998	 23.068	 71.961       
 24.586	 23.324	 73.196       
 25.275	 21.655	 76.546       
 28.316	 22.674	 78.546       
 29.506	 22.409	 82.143       
 29.274	 18.675	 82.888       
 29.755	 15.255	 81.281       
 27.352	 15.377	 78.343       
 26.553	 11.644	 78.259       
 25.560	 11.720	 81.918       
 22.283	 13.472	 81.137       
 19.160	 12.675	 79.150       
 17.570	 15.473	 77.105       
 14.002	 16.394	 76.437       
 12.319	 18.817	 74.070       
  9.201	 20.684	 75.221       
  7.149	 23.189	 73.174       
  4.695	 25.913	 73.996       
  2.410	 27.705	 71.540       
  1.759	 31.405	 72.258       
 -0.683	 31.708	 75.130       
 -0.712	 27.987	 75.894       
  0.748	 25.455	 78.271       
  3.698	 23.119	 77.974       
  3.636	 20.134	 75.650       
  6.118	 17.297	 76.100       
  7.477	 16.221	 72.698       
 10.018	 13.492	 73.440       
 13.197	 12.514	 75.235       
 16.514	 10.948	 74.334       
 18.842	  8.856	 76.541       
 22.102	 10.412	 75.398       
 24.198	  7.448	 76.613       
 22.271	  4.787	 74.663       
 21.570	  7.175	 71.795       
 17.960	  6.001	 71.980       
 14.934	  8.321	 71.883       
 11.170	  8.216	 72.532       
  8.513	 10.583	 71.252       
  5.000	 11.757	 71.991       
  2.262	  9.887	 70.021       
  0.559	 12.709	 68.090       
  4.142	 13.598	 67.118       
  5.270	 10.087	 66.172       
  6.491	 10.185	 62.618       
  7.613	 13.719	 61.816       
  9.930	 14.305	 64.738       
 13.476	 13.249	 65.449       
 15.705	 14.049	 68.363       
 19.451	 13.381	 68.155       
 22.756	 14.195	 69.879       
 26.365	 14.473	 68.778       
 28.402	 13.341	 71.751       
 31.375	 15.195	 70.227       
 29.902	 18.702	 70.316       
 27.672	 18.123	 73.371       
 24.782	 19.238	 71.199       
 21.200	 18.020	 71.088       
 19.119	 18.481	 67.937       
 15.368	 18.558	 67.365       
 14.032	 18.021	 63.844       
 10.444	 18.582	 62.786       
  9.246	 17.554	 59.305       
  6.200	 18.681	 57.319       
  5.748	 21.822	 59.405       
  2.272	 23.094	 60.118       
  0.969	 26.506	 61.172       
 -0.065	 25.003	 64.528       
  3.593	 24.048	 65.022       
  4.336	 27.732	 65.705       
  5.621	 27.794	 69.271       
  8.649	 28.298	 71.439       
 10.732	 25.134	 71.552       
 12.397	 24.408	 74.860       
 15.397	 22.154	 75.241       
 15.745	 20.628	 78.747       
 17.911	 18.197	 80.675       
 18.283	 16.189	 83.867       
 21.195	 14.309	 85.477       
 20.901	 10.517	 85.341       
 23.887	  9.285	 87.321       
 27.106	  7.790	 85.988       
 25.812	  6.408	 82.696       
 29.448	  5.920	 81.757       
 29.532	  3.490	 84.673       
 26.194	  1.833	 84.013       
 24.212	  3.848	 86.539       
 21.087	  5.357	 85.088       
 18.085	  6.416	 87.168       
 16.097	  7.230	 84.082       
 14.841	 10.498	 85.543       
 11.801	 12.042	 83.901       
 11.669	 15.524	 85.505       
 13.584	 18.445	 83.960       
 16.133	 20.486	 85.930       
 18.147	 22.336	 83.299       
 16.362	 24.391	 80.640       
 17.319	 26.500	 77.670       
 16.288	 30.053	 76.786       
 14.037	 28.496	 74.172       
 13.792	 28.858	 70.400       
 10.914	 30.618	 68.679       
  9.765	 28.820	 65.545       
  7.169	 30.608	 63.464       
  5.355	 28.580	 60.787       
  3.388	 30.712	 58.399       
  2.477	 31.419	 54.777       
  3.095	 35.137	 55.372       
  6.345	 36.838	 54.286       
  8.759	 38.912	 56.374       
  7.980	 42.636	 56.665       
  8.340	 45.603	 59.000       
  5.379	 47.312	 60.707       
  3.650	 50.580	 59.962       
  3.460	 52.912	 62.934       
  0.409	 55.072	 63.599       
  0.014	 57.479	 66.547       
 -2.648	 57.241	 69.240       
 -2.937	 60.997	 69.739       
 -3.604	 62.280	 73.304       
 -7.224	 62.270	 74.471       
 -6.907	 66.020	 75.151       
 -9.937	 66.332	 72.879       
-12.626	 65.288	 75.363       
-11.765	 63.432	 78.626       
-11.696	 65.879	 81.552       
 -8.910	 65.155	 84.040       
 -5.228	 65.522	 84.866       
 -3.612	 62.544	 83.153       
 -3.817	 61.799	 79.434       
 -3.458	 58.570	 77.470       
 -1.340	 58.269	 74.315       
  0.776	 55.797	 72.378       
  1.456	 54.041	 69.087       
 -0.245	 51.378	 66.980       
  2.231	 48.922	 65.393       
  0.310	 47.252	 62.562       
  0.769	 44.597	 59.876       
  4.198	 43.112	 60.707       
  5.708	 39.602	 60.531       
  7.157	 37.769	 62.224       
  7.375	 38.347	 65.956       
  8.834	 39.941	 67.826       
  9.125	 43.696	 67.899       
 10.431	 45.838	 70.736       
  9.038	 49.178	 71.807       
 10.559	 51.982	 73.841       
  9.621	 55.592	 74.572       
 11.981	 58.587	 74.382       
 14.858	 56.298	 73.495       
 14.232	 54.564	 76.801       
 14.155	 57.736	 78.892       
 10.446	 57.201	 79.448       
  9.282	 53.929	 81.003       
  6.936	 54.771	 83.863       
  3.272	 54.246	 83.066       
  4.058	 52.394	 79.821       
  1.894	 49.481	 78.627       
  3.169	 47.726	 75.482       
  0.443	 45.127	 74.832       
  1.079	 41.607	 73.615       
  0.788	 41.178	 69.870       
 -2.340	 39.789	 68.236       
 -2.437	 37.821	 64.962       
 -4.857	 39.393	 62.502       
 -6.736	 37.293	 59.939       
 -4.322	 38.749	 57.387       
 -1.560	 36.640	 58.898       
  0.306	 39.686	 60.189       
  0.783	 40.773	 63.803       
 -0.346	 43.974	 65.488       
 -0.024	 45.631	 68.895       
 -0.246	 49.007	 70.635       
  2.139	 50.640	 73.099       
  0.642	 53.231	 75.399       
  1.317	 55.494	 78.318       
 -0.615	 57.894	 80.503       
  1.138	 61.199	 81.095       
  0.414	 64.476	 82.937       
 -1.797	 66.396	 80.513       
  0.146	 69.470	 81.600       
  3.193	 67.808	 80.061       
  1.569	 68.072	 76.639       
  2.503	 70.951	 74.355       
  5.871	 71.082	 76.108       
  7.023	 67.470	 76.502       
  7.490	 65.608	 73.221       
  6.605	 61.904	 73.154       
  8.314	 59.482	 70.801       
  7.719	 55.747	 70.563       
 10.616	 53.765	 69.171       
  9.679	 50.654	 67.201       
 12.327	 48.094	 66.391       
 11.717	 45.057	 64.205       
 14.812	 42.855	 63.960       
 13.479	 40.591	 61.143       
 12.595	 43.209	 58.520       
 15.529	 45.251	 59.821       
 12.976	 48.039	 60.343       
 13.617	 50.736	 62.948       
 10.977	 53.462	 63.280       
 10.326	 56.507	 65.483       
  6.998	 58.312	 65.643       
  6.275	 61.454	 67.650       
  2.736	 61.709	 69.026       
  1.409	 65.281	 69.029       
 -1.663	 66.616	 70.879       
 -3.624	 67.455	 67.739       
