BRIEF 1RZK G 306              
 74.820	 10.957	-10.203  0.181
 71.138	 11.466	-11.085 -1.301
 70.295	 14.164	-13.650  0.604
 67.466	 15.857	-11.726  0.603
 66.709	 18.473	 -9.048  0.576
 64.913	 17.394	 -5.844  0.617
 64.093	 18.658	 -2.354 -0.501
 65.696	 17.365	  0.823  0.556
 64.956	 17.951	  4.486  0.470
 67.128	 16.018	  6.932  0.268
 65.210	 17.821	  9.678  0.432
 62.041	 16.184	  8.444  0.186
 63.711	 13.122	  6.925  0.574
 61.706	 10.016	  7.560 -0.187
 64.603	  7.564	  7.526  0.570
 65.781	  9.137	 10.751  0.557
 62.603	  8.051	 12.495  0.044
 62.813	  4.653	 10.778  0.617
 66.330	  4.017	 12.028  0.586
 65.715	  5.506	 15.458  0.283
 62.857	  3.101	 15.943  0.455
 65.136	  0.375	 14.713  0.600
 68.025	  1.320	 16.996  0.359
 65.572	  1.224	 19.875  0.544
 64.549	 -2.315	 18.999  0.487
 68.210	 -3.050	 18.563  0.559
 68.384	 -2.104	 22.232  0.606
 65.424	 -4.094	 23.571  0.582
 67.109	 -7.409	 22.699  0.288
 70.700	 -6.501	 23.531  0.593
 70.561	 -4.252	 26.611  0.587
 67.720	 -5.226	 28.944  0.554
 67.495	 -3.410	 32.348  0.615
 66.891	 -5.195	 35.649  0.613
 64.027	 -2.760	 36.139  0.573
 62.504	 -0.141	 33.842  0.210
 60.199	  2.565	 35.122  0.503
 57.896	  4.542	 32.802  0.605
 55.162	  7.182	 33.325  0.615
 51.589	  5.972	 33.163  0.446
 48.888	  8.614	 33.399  0.580
 45.204	  8.719	 32.468  0.588
 45.622	 12.474	 32.181 -3.299
 44.235	 13.077	 35.653 -1.024
 47.565	 14.435	 36.890 -1.207
 48.130	 11.423	 39.143 -0.512
 50.703	  9.224	 37.401  0.583
 51.562	  5.697	 38.482  0.577
 54.914	  4.352	 37.384  0.484
 54.873	  1.201	 35.305  0.557
 57.600	 -1.111	 36.553  0.094
 59.161	 -4.004	 34.627  0.323
 61.708	 -6.465	 35.933  0.396
 63.507	 -8.823	 33.557  0.601
 66.785	-10.687	 33.464  0.576
 69.812	 -8.378	 33.392  0.583
 72.406	-10.356	 31.310  0.616
 75.751	 -8.622	 31.115  0.617
 76.438	 -8.364	 27.388 -0.228
 79.295	 -6.337	 25.922  0.091
 77.016	 -4.377	 23.554  0.615
 79.252	 -3.726	 20.528  0.312
 77.415	 -1.896	 17.689  0.616
 77.500	 -3.410	 14.193  0.605
 77.369	 -1.102	 11.139  0.616
 73.913	 -0.768	  9.644  0.591
 73.001	 -0.381	  5.990  0.571
 69.635	  0.791	  4.686  0.067
 68.662	 -0.637	  1.313  0.614
 65.449	  0.361	 -0.429  0.060
 63.301	 -2.777	 -1.020  0.591
 61.148	 -2.372	 -4.125  0.604
 58.719	  0.275	 -5.209  0.587
 61.248	  2.354	 -3.299  0.308
 64.511	  4.101	 -4.078  0.590
 67.051	  5.972	 -1.978  0.271
 68.314	  9.344	 -3.206  0.213
 71.674	 10.688	 -2.024  0.413
 72.706	 14.340	 -2.146  0.551
 76.239	 15.276	 -3.218 -0.173
 77.951	 18.475	 -2.128 -0.279
 80.996	 19.456	 -0.027  0.010
 78.747	 21.729	  2.026 -1.001
 75.094	 20.670	  2.086  0.531
 72.684	 22.383	  4.467  0.021
 70.718	 19.174	  4.102  0.615
 67.574	 21.266	  3.850 -0.390
 66.750	 22.373	  0.340  0.533
 67.061	 21.659	 -3.405 -1.155
 69.999	 19.326	 -4.128  0.614
 71.630	 19.627	 -7.556 -1.207
 73.953	 16.620	 -7.634  0.520
 71.484	 14.066	 -6.258  0.561
 71.975	 10.387	 -7.207  0.607
 70.039	  7.136	 -6.566  0.552
 71.792	  4.522	 -4.401  0.546
 71.009	  0.952	 -3.294  0.583
 72.013	  1.117	  0.376  0.583
 73.234	  4.042	  2.478  0.605
 76.851	  3.820	  3.698  0.602
 77.579	  1.610	  6.695  0.615
 76.382	  3.512	  9.768  0.618
 77.331	  2.461	 13.317 -0.531
 74.259	  3.408	 15.415  0.616
 76.169	  5.009	 18.252  0.561
 73.842	  6.396	 20.908  0.561
 75.415	  9.295	 22.804  0.607
 75.020	 12.912	 23.811  0.605
 77.135	 16.032	 23.279  0.584
 79.661	 14.275	 21.066  0.562
 78.874	 12.199	 17.978  0.562
 81.113	  9.183	 17.975  0.562
 82.352	  7.167	 15.040  0.605
 79.995	  8.986	 12.700  0.615
 80.920	 10.166	  9.207  0.607
 83.394	 13.020	  8.715  0.536
 82.821	 16.120	  6.571  0.547
 84.634	 15.775	  3.242  0.443
 85.582	 19.396	  2.704 -0.473
 85.643	 21.407	  5.901 -0.277
 83.721	 21.591	  9.158 -0.271
 80.030	 22.001	  8.445 -0.016
 77.281	 22.945	 10.886  0.417
 73.658	 22.271	 10.046  0.460
 70.647	 23.604	 11.928  0.544
 66.909	 23.465	 11.230 -1.205
 67.130	 27.195	 12.077  0.549
 70.277	 28.803	 13.483 -0.698
 68.139	 31.774	 14.420 -0.155
 66.222	 29.655	 16.917 -0.546
 68.260	 29.228	 20.112  0.577
 66.146	 26.166	 20.725 -0.009
 67.180	 24.135	 17.695  0.371
 70.212	 21.930	 18.119 -0.535
 73.175	 22.857	 15.987  0.576
 74.731	 19.686	 14.566  0.417
 78.438	 20.183	 13.960  0.575
 80.218	 17.973	 11.502  0.183
 83.933	 17.556	 11.925  0.535
 86.074	 17.133	  8.798 -0.212
 88.806	 15.659	 11.000 -1.184
 87.872	 13.411	 13.916 -0.675
 89.403	 13.702	 17.371  0.458
 90.217	 10.373	 18.978 -1.285
 88.781	  9.987	 22.451  0.562
 89.531	  6.983	 24.697  0.269
 87.270	  6.080	 27.566  0.583
 87.760	  3.435	 30.235  0.258
 85.558	  1.929	 32.929  0.253
 88.488	  2.883	 35.115  0.135
 86.812	  6.273	 35.308  0.588
 87.804	  8.644	 32.484 -0.027
 88.552	  9.522	 28.853  0.614
 91.612	 11.074	 27.313  0.068
 91.498	 13.451	 24.461 -0.539
 94.252	 15.366	 22.641  0.124
 94.313	 18.896	 24.118 -3.221
 95.872	 19.935	 20.836 -1.211
 93.291	 18.469	 18.515 -3.308
 90.434	 19.603	 20.741  0.607
 91.786	 23.129	 20.957 -0.098
 92.069	 23.249	 17.151 -1.206
 88.614	 21.736	 16.689  0.378
 86.921	 24.317	 18.915  0.589
 88.603	 26.911	 16.746 -3.308
 87.642	 25.439	 13.378 -0.577
 84.154	 25.231	 14.865 -0.215
 84.195	 28.601	 16.560 -0.529
 85.128	 30.014	 13.192 -3.308
 82.349	 28.204	 11.361  0.491
 79.899	 29.517	 13.947  0.615
 80.579	 33.243	 13.535 -1.207
 80.543	 32.440	  9.837 -0.562
 76.813	 31.999	 10.366 -0.169
 75.922	 34.343	 13.240 -0.141
 78.118	 37.264	 12.272 -3.308
 81.870	 37.592	 11.869 -3.266
 82.028	 40.619	 14.159  0.212
 80.702	 38.395	 16.943 -0.205
 82.658	 36.779	 19.792  0.357
 82.309	 33.008	 20.079  0.533
 82.290	 31.313	 23.483 -1.207
 81.852	 27.755	 24.711  0.615
 80.301	 26.899	 28.049 -1.061
 79.281	 23.644	 29.756 -1.207
 75.712	 22.389	 29.875  0.186
 73.260	 24.903	 31.286  0.351
 71.536	 22.208	 33.288  0.615
 69.221	 19.256	 32.862  0.615
 69.556	 15.518	 33.059  0.618
 72.904	 13.832	 33.757 -0.176
 72.722	 12.230	 30.311  0.617
 72.593	 15.685	 28.658  0.398
 74.755	 17.688	 31.047  0.085
 77.726	 15.398	 30.535 -0.163
 79.002	 13.570	 27.469  0.441
 77.052	 10.381	 28.041  0.045
 77.237	  7.281	 25.831  0.503
 77.461	  3.510	 26.134  0.520
 80.662	  1.454	 26.050  0.614
 80.763	 -2.307	 26.679 -0.158
 77.127	 -2.029	 27.702  0.615
 78.189	  0.326	 30.456  0.598
 76.554	  3.749	 30.518  0.587
 79.428	  6.247	 30.772  0.587
 78.885	  9.753	 32.018  0.468
 81.889	 11.934	 31.288  0.614
 82.049	 15.475	 32.573  0.129
 82.664	 17.596	 29.503 -0.156
 83.574	 20.811	 31.234 -0.148
 87.104	 20.887	 29.949 -3.278
 85.769	 20.398	 26.444  0.589
 83.293	 23.260	 26.562  0.615
 84.859	 26.107	 28.496  0.061
 86.658	 27.830	 25.666  0.076
 86.854	 31.595	 25.543 -1.207
 87.730	 33.224	 22.195 -3.308
 90.786	 34.618	 24.045 -0.914
 92.732	 32.315	 26.377 -3.308
 93.892	 28.700	 26.422 -0.539
 94.283	 25.762	 28.829 -3.307
 97.414	 23.668	 28.149 -3.308
 99.612	 24.722	 31.076 -1.207
100.757	 21.353	 32.468 -3.308
 98.446	 19.177	 30.358 -3.308
 99.270	 17.258	 27.175 -1.207
 95.934	 15.469	 26.993 -3.308
 92.457	 16.374	 28.237  0.357
 91.148	 13.964	 30.826 -0.128
 87.407	 13.873	 31.302  0.240
 86.419	 12.424	 34.756 -0.485
 83.896	  9.865	 33.598  0.583
 81.489	  7.787	 35.740  0.312
 79.499	  4.664	 34.949  0.576
 75.911	  4.724	 36.234  0.124
 73.504	  1.839	 36.806  0.567
 70.372	  3.936	 37.250  0.400
 69.854	  5.973	 34.127  0.115
 67.251	  8.013	 32.322  0.576
 66.221	  6.205	 29.168 -0.135
 66.750	  7.813	 25.782  0.607
 64.198	  5.511	 24.155  0.601
 61.416	  6.883	 26.320 -0.600
 60.758	  8.961	 29.423  0.575
 61.612	  6.751	 32.383  0.615
 64.517	  5.410	 34.437  0.197
 66.167	  2.030	 33.988  0.618
 68.545	  0.145	 36.204  0.495
 71.301	 -1.984	 34.650  0.614
 73.410	 -4.453	 36.627  0.590
 76.846	 -3.325	 37.888  0.567
 80.030	 -3.709	 35.761  0.616
 81.934	 -7.008	 35.869  0.590
 84.379	 -7.489	 32.996 -3.308
 87.935	 -7.087	 34.228  0.560
 88.085	 -4.148	 31.819 -1.907
 85.928	 -1.879	 29.687  0.534
 87.586	  0.299	 27.087 -3.308
 86.612	  2.568	 24.197  0.614
 88.513	  4.392	 21.499 -0.442
 86.070	  6.367	 19.369  0.594
 86.366	  9.134	 16.749  0.343
 84.823	 12.440	 17.734  0.591
 83.388	 12.945	 14.279  0.619
 80.913	 15.629	 15.312  0.615
 79.160	 17.563	 18.060  0.188
 75.697	 18.794	 18.998 -0.424
 75.850	 22.394	 20.139  0.535
 73.109	 24.687	 21.243  0.408
 73.757	 28.401	 21.543  0.566
 71.850	 30.366	 24.118  0.618
 69.373	 33.010	 23.076  0.615
 70.788	 36.069	 24.781  0.420
 67.853	 38.135	 23.500 -1.205
 69.816	 39.927	 20.764 -3.308
 72.571	 41.040	 23.213 -1.207
 75.983	 42.273	 22.053 -1.207
 77.908	 39.905	 19.825 -3.308
 78.653	 37.244	 22.396 -0.464
 77.039	 33.987	 21.314  0.541
 77.423	 31.263	 23.942 -0.541
 77.367	 27.697	 22.636  0.587
 77.028	 24.740	 24.984  0.583
 76.887	 20.978	 24.670  0.591
 73.561	 19.590	 23.581 -0.528
 71.814	 16.573	 22.251  0.615
 69.932	 13.873	 24.070  0.588
 67.562	 13.431	 21.199 -0.360
 69.376	 10.572	 19.490  0.588
 67.502	 11.424	 16.282 -0.118
 69.770	 14.404	 15.685  0.498
 72.440	 11.766	 15.768  0.591
 70.795	  9.612	 13.122  0.551
 70.183	 12.848	 11.230  0.583
 73.839	 13.797	 11.174  0.557
 74.195	 10.512	  9.273  0.560
 71.154	 10.663	  6.987  0.615
 71.293	 14.408	  6.373  0.614
 71.995	 13.683	  2.739  0.556
 69.552	 10.874	  2.101  0.614
 65.858	 10.432	  1.339  0.617
 64.025	  7.287	  0.365  0.546
 61.330	  7.736	 -2.284  0.486
 58.508	  5.749	 -3.884 -0.548
 58.975	  4.249	 -7.355  0.293
 57.531	  5.991	-10.443  0.617
BRIEF 1RZK C 181              
 46.955	 33.871	 25.869       
 46.677	 32.036	 29.200       
 47.490	 33.763	 32.489       
 48.503	 32.345	 35.845       
 48.754	 34.026	 39.203       
 51.105	 32.986	 41.958       
 51.976	 33.789	 45.544       
 55.523	 34.841	 46.364       
 57.324	 31.791	 47.780       
 54.920	 29.323	 46.187       
 55.107	 26.977	 43.209       
 53.232	 27.682	 40.011       
 52.744	 25.430	 37.022       
 52.554	 27.134	 33.619       
 51.002	 24.530	 31.363       
 51.540	 23.937	 27.671       
 49.796	 21.153	 25.790       
 50.561	 19.408	 22.548       
 47.719	 18.580	 20.156       
 48.094	 14.810	 20.368       
 49.298	 12.629	 23.241       
 52.895	 12.216	 22.100       
 56.149	 13.247	 23.791       
 57.609	 15.666	 21.267       
 59.989	 18.604	 21.166       
 59.055	 21.591	 23.324       
 60.864	 24.540	 24.875       
 60.183	 27.121	 27.536       
 61.457	 30.627	 26.957       
 60.583	 34.001	 28.481       
 59.743	 37.281	 26.717       
 63.478	 37.918	 26.216       
 63.693	 34.623	 24.360       
 65.896	 33.276	 27.153       
 65.569	 29.501	 27.293       
 64.118	 28.331	 30.616       
 63.996	 24.620	 29.957       
 63.000	 22.302	 27.148       
 63.411	 18.612	 26.460       
 65.781	 16.547	 24.409       
 63.338	 13.822	 23.501       
 63.338	 11.965	 26.817       
 65.854	 14.176	 28.588       
 65.190	 17.497	 30.266       
 67.295	 20.418	 29.139       
 67.524	 23.422	 31.432       
 68.698	 26.631	 29.805       
 70.550	 29.854	 30.872       
 67.437	 31.270	 32.538       
 67.780	 32.538	 36.104       
 64.854	 30.255	 36.852       
 67.244	 27.372	 36.230       
 67.592	 25.930	 39.713       
 63.865	 26.455	 40.251       
 62.406	 25.545	 36.871       
 61.301	 22.002	 36.106       
 58.699	 20.050	 34.143       
 56.875	 16.729	 34.484       
 58.518	 13.974	 32.419       
 55.597	 11.741	 33.258       
 53.186	 14.116	 31.509       
 55.276	 14.492	 28.362       
 53.781	 11.286	 26.958       
 50.301	 12.760	 27.451       
 51.506	 15.566	 25.207       
 51.908	 17.629	 28.318       
 54.978	 19.758	 28.973       
 54.396	 22.036	 31.980       
 56.986	 24.361	 33.482       
 56.840	 24.289	 37.235       
 58.469	 27.252	 38.953       
 59.078	 26.877	 42.685       
 59.872	 29.358	 45.447       
 58.179	 31.868	 43.155       
 59.542	 35.410	 43.122       
 57.707	 38.612	 42.260       
 60.218	 39.068	 39.435       
 59.429	 35.598	 38.107       
 56.377	 37.385	 36.784       
 56.511	 37.405	 32.997       
 55.212	 36.111	 29.649       
 56.702	 32.674	 29.228       
 56.318	 31.452	 25.695       
 56.326	 27.723	 25.025       
 57.545	 26.900	 21.562       
 56.006	 23.531	 20.841       
 55.499	 21.958	 17.435       
 55.593	 25.389	 15.780       
 53.026	 26.768	 18.259       
 53.748	 29.616	 20.693       
 51.594	 29.108	 23.780       
 52.606	 32.407	 25.410       
 51.388	 32.146	 29.025       
 51.430	 34.991	 31.555       
 52.694	 34.765	 35.133       
 51.896	 37.247	 37.890       
 53.560	 36.869	 41.297       
 51.828	 38.848	 44.033       
 52.892	 39.088	 47.663       
 50.628	 40.168	 50.527       
 52.501	 41.059	 53.693       
 50.914	 42.841	 56.642       
 53.016	 45.518	 58.339       
 52.686	 45.662	 62.124       
 52.828	 42.367	 64.000       
 49.756	 40.141	 63.687       
 49.180	 41.375	 67.246       
 47.599	 44.865	 67.092       
 45.682	 46.779	 69.781       
 41.918	 47.407	 69.488       
 40.766	 50.261	 67.281       
 44.078	 50.966	 65.557       
 44.104	 50.462	 61.784       
 45.537	 47.439	 59.966       
 47.703	 48.079	 56.880       
 48.255	 45.515	 54.138       
 50.845	 45.957	 51.386       
 50.678	 43.971	 48.148       
 54.031	 43.527	 46.440       
 53.351	 43.265	 42.723       
 55.196	 43.297	 39.381       
 55.459	 46.459	 37.235       
 52.639	 47.183	 34.798       
 50.404	 45.193	 37.114       
 47.279	 46.628	 38.726       
 45.403	 43.980	 40.763       
 42.410	 44.595	 43.017       
 42.525	 42.977	 46.446       
 39.599	 42.189	 48.754       
 40.123	 40.565	 52.170       
 37.240	 39.140	 54.215       
 37.345	 39.446	 58.025       
 36.467	 36.463	 60.265       
 33.126	 38.224	 60.565       
 32.637	 39.642	 57.075       
 34.523	 42.877	 56.339       
 34.770	 42.813	 52.551       
 37.012	 45.895	 52.672       
 38.716	 46.676	 49.360       
 42.186	 47.851	 48.431       
 43.749	 47.835	 44.984       
 47.415	 47.700	 45.959       
 47.413	 48.703	 49.634       
 44.445	 47.903	 51.892       
 43.678	 48.934	 55.445       
 41.125	 48.527	 58.219       
 40.350	 52.058	 59.405       
 39.170	 50.947	 62.839       
 40.330	 47.413	 63.576       
 37.284	 46.172	 65.466       
 37.774	 43.361	 68.004       
 35.485	 41.131	 65.905       
 38.019	 41.194	 63.091       
 40.787	 39.583	 65.148       
 41.153	 36.348	 63.214       
 41.776	 34.754	 59.842       
 41.317	 37.091	 56.893       
 40.649	 35.925	 53.338       
 42.050	 38.360	 50.778       
 42.025	 37.960	 47.006       
 44.089	 39.299	 44.130       
 42.042	 39.956	 41.031       
 44.012	 40.213	 37.802       
 42.470	 39.093	 34.511       
 39.668	 36.602	 35.311       
 42.020	 35.089	 37.908       
 42.676	 35.535	 41.612       
 44.907	 34.252	 44.414       
 44.001	 33.716	 48.061       
 46.221	 35.162	 50.818       
 44.858	 34.049	 54.216       
 46.226	 36.319	 56.956       
 45.962	 36.161	 60.759       
 44.926	 39.288	 62.643       
 44.781	 39.807	 66.411       
 42.793	 42.591	 68.138       
 43.208	 43.422	 71.851       
 42.035	 45.768	 74.667       
 43.232	 47.760	 77.827       
 41.681	 44.419	 78.761       
 37.986	 43.524	 79.712       
BRIEF 1RZK L 214              
 62.782	-21.988	 43.043       
 66.346	-22.261	 44.343       
 66.784	-24.600	 47.280       
 69.614	-23.979	 49.688       
 70.332	-26.965	 51.908       
 72.749	-26.790	 54.832       
 73.643	-30.488	 55.219       
 74.989	-30.382	 58.798       
 71.608	-29.827	 60.515       
 73.574	-29.793	 63.746       
 77.285	-29.723	 64.451       
 78.605	-30.510	 67.921       
 82.228	-29.396	 68.360       
 84.466	-27.988	 71.137       
 86.041	-24.518	 71.591       
 89.425	-23.964	 69.962       
 88.668	-26.687	 67.445       
 87.806	-26.169	 63.778       
 84.139	-26.193	 62.725       
 83.005	-26.624	 59.104       
 79.605	-25.807	 57.578       
 78.370	-26.765	 54.125       
 75.611	-25.029	 52.196       
 74.270	-26.981	 49.211       
 72.391	-25.124	 46.456       
 69.919	-26.231	 43.783       
 71.128	-24.672	 40.518       
 74.255	-22.543	 40.410       
 74.063	-19.308	 42.400       
 77.493	-18.234	 41.154       
 79.021	-16.316	 44.040       
 75.969	-14.434	 45.288       
 76.022	-16.337	 48.568       
 76.252	-14.878	 52.060       
 76.532	-16.427	 55.494       
 74.823	-15.269	 58.645       
 75.142	-16.037	 62.341       
 72.230	-15.908	 64.742       
 72.326	-15.921	 68.525       
 69.098	-17.043	 70.148       
 66.894	-13.969	 70.334       
 68.993	-11.761	 68.053       
 68.824	-10.347	 64.532       
 71.077	-12.365	 62.224       
 74.650	-11.249	 61.721       
 76.131	-10.765	 58.290       
 79.340	-12.829	 58.438       
 80.303	-13.461	 54.798       
 78.907	-12.254	 51.466       
 79.716	-12.838	 47.817       
 80.704	-16.290	 49.048       
 84.235	-15.554	 50.170       
 84.416	-12.074	 51.643       
 83.970	-11.231	 55.321       
 81.714	 -8.369	 56.345       
 83.329	 -5.285	 57.827       
 84.385	 -6.069	 61.391       
 84.346	 -9.860	 61.528       
 86.834	-12.360	 63.079       
 89.294	-13.782	 60.544       
 88.669	-17.279	 61.915       
 85.530	-17.357	 59.738       
 86.517	-18.576	 56.287       
 84.216	-18.093	 53.347       
 84.803	-20.653	 50.610       
 82.956	-21.877	 47.547       
 81.426	-20.920	 44.234       
 78.637	-22.330	 42.103       
 76.455	-24.546	 44.299       
 79.000	-25.620	 46.907       
 79.903	-23.085	 49.589       
 81.689	-23.496	 52.881       
 81.954	-21.299	 55.945       
 84.908	-22.998	 57.648       
 86.051	-21.740	 61.069       
 89.578	-22.228	 62.469       
 89.779	-22.120	 66.248       
 86.063	-21.807	 67.087       
 85.238	-19.430	 69.933       
 82.919	-19.333	 72.915       
 81.026	-16.491	 71.233       
 80.993	-18.480	 67.996       
 78.070	-20.529	 69.211       
 74.997	-19.793	 67.119       
 72.962	-21.071	 64.206       
 74.487	-20.394	 60.842       
 72.570	-19.390	 57.749       
 73.439	-19.146	 54.103       
 71.603	-16.767	 51.873       
 71.336	-17.130	 48.138       
 70.853	-13.872	 46.231       
 71.897	-14.560	 42.668       
 68.713	-14.984	 40.668       
 66.934	-11.909	 39.296       
 64.105	-11.005	 39.529       
 64.753	-11.131	 43.291       
 63.810	-14.460	 44.780       
 66.328	-14.935	 47.514       
 66.184	-18.027	 49.687       
 67.836	-18.991	 52.947       
 69.367	-22.259	 54.044       
 67.484	-24.178	 56.693       
 70.301	-23.719	 59.186       
 72.978	-25.412	 61.262       
 73.400	-25.223	 65.029       
 77.021	-24.874	 66.061       
 76.598	-26.406	 69.493       
 79.433	-27.123	 71.913       
 80.184	-30.802	 72.297       
 81.132	-31.799	 75.840       
 81.027	-34.804	 78.150       
 77.966	-37.059	 77.976       
 76.096	-35.855	 81.066       
 73.132	-37.743	 82.504       
 69.829	-35.951	 83.378       
 68.541	-35.628	 86.942       
 64.751	-36.096	 86.557       
 62.518	-34.046	 88.879       
 58.846	-34.893	 88.706       
 56.584	-32.064	 89.912       
 52.917	-32.818	 90.722       
 50.045	-30.423	 89.843       
 49.628	-27.826	 92.602       
 46.196	-28.177	 94.214       
 45.607	-24.504	 93.466       
 46.159	-25.325	 89.787       
 43.902	-28.358	 90.154       
 41.167	-26.175	 91.636       
 41.474	-24.271	 88.345       
 40.095	-27.045	 86.195       
 43.150	-28.870	 84.923       
 46.305	-30.557	 86.171       
 49.876	-30.117	 84.981       
 52.578	-32.626	 85.810       
 56.036	-31.227	 85.067       
 58.868	-33.690	 84.584       
 62.049	-31.627	 84.508       
 65.328	-32.992	 83.130       
 68.184	-30.898	 84.429       
 71.581	-30.309	 82.849       
 72.417	-32.910	 80.262       
 74.043	-33.366	 76.883       
 73.105	-34.792	 73.630       
 69.848	-32.884	 73.487       
 68.605	-36.321	 72.501       
 66.507	-37.424	 75.466       
 63.416	-39.539	 74.803       
 60.841	-39.097	 77.558       
 57.656	-41.124	 78.125       
 54.549	-40.390	 80.141       
 53.101	-43.522	 81.691       
 49.805	-43.106	 83.496       
 49.105	-46.187	 85.646       
 51.898	-47.873	 83.718       
 49.972	-46.863	 80.584       
 52.283	-45.933	 77.706       
 49.680	-43.341	 76.646       
 51.517	-40.725	 74.597       
 49.562	-37.581	 73.814       
 48.543	-34.723	 76.084       
 52.073	-33.608	 76.921       
 54.585	-31.196	 75.404       
 58.347	-30.991	 75.603       
 60.633	-27.963	 75.633       
 64.432	-28.140	 75.598       
 66.449	-25.126	 76.624       
 69.273	-23.526	 74.686       
 72.881	-24.495	 75.336       
 73.893	-22.776	 78.591       
 76.951	-20.704	 79.382       
 78.957	-22.398	 82.132       
 77.737	-25.994	 82.057       
 76.871	-25.989	 78.338       
 74.116	-28.562	 78.852       
 70.446	-28.815	 77.959       
 67.324	-29.194	 80.098       
 64.258	-30.958	 78.760       
 60.785	-30.259	 80.137       
 57.966	-32.654	 79.325       
 54.496	-31.674	 80.570       
 51.518	-34.006	 80.708       
 48.471	-31.774	 81.022       
 45.468	-33.767	 82.052       
 41.972	-32.850	 83.185       
 40.592	-32.679	 86.716       
 38.237	-35.656	 86.373       
 40.820	-37.744	 84.638       
 43.724	-36.725	 86.818       
 41.568	-37.961	 89.693       
 40.783	-41.098	 87.672       
 44.426	-42.217	 87.653       
 46.710	-43.331	 90.489       
 50.391	-43.358	 89.492       
 52.014	-40.870	 87.104       
 55.464	-41.882	 85.895       
 57.935	-40.130	 83.621       
 60.483	-42.336	 81.872       
 63.643	-40.629	 80.696       
 65.742	-42.611	 78.219       
 68.898	-40.555	 77.743       
 72.126	-41.550	 76.012       
 74.173	-40.697	 79.101       
 71.793	-42.685	 81.320       
 73.159	-46.102	 82.231       
 69.553	-47.336	 81.969       
 65.966	-45.987	 81.842       
 65.080	-43.855	 84.884       
 61.417	-43.653	 85.883       
 60.530	-41.003	 88.436       
 56.846	-40.844	 89.375       
 54.323	-40.143	 92.128       
 50.873	-41.249	 93.309       
 48.176	-38.609	 93.779       
 49.254	-37.517	 97.240       
BRIEF 1RZK H 229              
 76.901	  3.201	 59.356       
 73.097	  3.018	 59.851       
 70.984	  1.874	 62.787       
 67.548	  0.369	 62.033       
 64.654	  0.743	 64.427       
 61.366	 -1.176	 64.144       
 57.757	 -0.675	 65.138       
 56.373	 -2.492	 68.144       
 55.311	 -6.133	 68.227       
 51.712	 -6.451	 67.240       
 49.090	 -9.084	 67.992       
 46.913	 -9.465	 64.935       
 43.995	-11.823	 64.400       
 43.579	-14.219	 61.427       
 42.597	-12.697	 58.107       
 43.756	 -9.256	 59.216       
 46.553	 -6.991	 58.071       
 49.684	 -5.727	 59.841       
 52.129	 -2.932	 59.103       
 55.585	 -2.910	 60.727       
 57.726	  0.212	 60.599       
 61.469	  0.466	 60.334       
 63.261	  3.705	 60.995       
 66.540	  4.025	 59.127       
 69.083	  6.418	 60.641       
 72.779	  7.124	 60.680       
 73.313	  7.467	 56.926       
 71.841	  8.280	 53.523       
 68.487	  6.557	 53.288       
 68.213	  6.362	 49.508       
 71.617	  4.689	 49.351       
 70.163	  1.611	 50.975       
 67.951	 -1.157	 49.692       
 65.893	 -2.653	 52.533       
 64.709	 -6.210	 52.913       
 62.215	 -7.826	 55.244       
 63.185	-11.238	 56.568       
 60.666	-13.067	 58.712       
 61.387	-15.987	 61.015       
 58.704	-18.129	 62.668       
 59.415	-19.439	 66.168       
 61.752	-22.425	 66.045       
 61.827	-21.822	 62.300       
 64.501	-20.180	 60.183       
 64.904	-17.107	 57.999       
 62.515	-16.712	 55.064       
 63.113	-13.963	 52.478       
 60.020	-11.752	 52.371       
 61.103	 -9.205	 49.789       
 63.353	 -6.226	 49.213       
 62.780	 -2.618	 48.240       
 65.233	 -0.842	 45.946       
 64.315	  2.250	 47.944       
 65.612	  4.990	 45.696       
 63.748	  3.476	 42.762       
 60.699	  2.835	 44.904       
 60.421	 -0.614	 43.379       
 60.130	 -3.777	 45.443       
 60.132	 -7.417	 44.498       
 58.625	-10.096	 46.691       
 58.740	-13.734	 47.725       
 56.633	-16.134	 45.576       
 54.620	-17.548	 48.447       
 53.795	-13.983	 49.527       
 53.080	-12.119	 46.285       
 49.709	-10.499	 46.648       
 49.592	-10.515	 50.456       
 52.742	 -8.503	 51.084       
 53.999	 -5.029	 50.320       
 57.124	 -3.060	 51.023       
 57.139	  0.718	 50.870       
 59.448	  3.492	 52.059       
 58.815	  7.058	 53.174       
 61.968	  8.899	 52.152       
 60.671	 11.968	 53.967       
 60.558	 10.377	 57.409       
 63.253	  7.906	 56.447       
 61.093	  4.841	 57.160       
 60.489	  1.479	 55.534       
 57.279	 -0.470	 56.030       
 56.271	 -4.106	 55.627       
 52.595	 -4.915	 55.237       
 51.144	 -8.437	 55.231       
 47.409	 -8.792	 54.606       
 45.173	-11.836	 55.180       
 47.260	-12.913	 58.160       
 47.324	-16.650	 58.923       
 48.599	-18.328	 62.089       
 51.780	-19.469	 60.330       
 52.543	-15.837	 59.537       
 53.210	-15.588	 63.280       
 56.907	-14.811	 63.373       
 59.553	-12.244	 64.188       
 59.687	 -9.896	 61.232       
 63.168	 -8.492	 60.738       
 64.011	 -5.311	 58.937       
 67.329	 -5.532	 57.129       
 69.319	 -3.233	 54.914       
 72.457	 -2.943	 52.849       
 74.424	 -0.058	 51.370       
 74.151	  0.218	 47.587       
 76.601	  2.898	 46.585       
 76.170	  6.497	 45.446       
 72.677	  5.560	 44.378       
 71.675	  9.215	 44.606       
 74.228	  9.516	 41.797       
 73.230	  6.637	 39.547       
 75.623	  4.097	 41.076       
 73.881	  0.987	 42.443       
 75.372	 -2.363	 43.441       
 71.948	 -3.924	 44.014       
 73.135	 -6.257	 46.771       
 71.148	 -9.255	 47.925       
 72.854	 -9.787	 51.270       
 71.845	 -7.740	 54.303       
 74.524	 -5.900	 56.290       
 72.270	 -3.986	 58.677       
 69.520	 -5.702	 60.567       
 66.649	 -4.452	 62.629       
 65.927	 -5.316	 66.224       
 63.084	 -7.446	 64.910       
 59.361	 -7.037	 65.355       
 57.223	 -9.948	 66.562       
 53.746	-10.411	 65.094       
 51.388	-12.952	 66.584       
 48.572	-13.890	 64.230       
 46.188	-15.982	 66.265       
 42.529	-16.134	 67.226       
 43.407	-16.038	 70.939       
 42.882	-13.016	 73.173       
 45.359	-11.079	 75.326       
 45.397	-12.561	 78.820       
 47.813	-12.380	 81.704       
 49.311	-15.669	 82.946       
 48.819	-17.728	 86.098       
 51.841	-18.921	 88.078       
 51.742	-22.286	 89.844       
 54.537	-23.299	 92.242       
 56.386	-26.566	 91.675       
 56.791	-28.275	 95.046       
 60.559	-28.741	 95.634       
 61.368	-32.450	 95.354       
 61.634	-33.050	 99.108       
 60.645	-36.709	 98.771       
 62.714	-37.150	 95.591       
 66.059	-35.320	 95.927       
 68.187	-34.685	 99.049       
 71.753	-34.835	100.371       
 72.857	-31.810	 98.380       
 70.345	-29.595	 96.598       
 66.767	-29.918	 95.347       
 65.092	-28.430	 92.284       
 61.804	-26.508	 92.339       
 60.208	-23.862	 90.170       
 57.167	-22.231	 88.634       
 54.756	-23.101	 85.842       
 53.547	-20.003	 84.018       
 50.503	-21.512	 82.326       
 47.928	-20.180	 79.871       
 49.308	-16.767	 78.889       
 49.171	-14.683	 75.714       
 50.468	-13.221	 73.456       
 54.171	-13.014	 74.290       
 56.752	-12.777	 75.599       
 57.342	-13.367	 79.271       
 60.269	-12.537	 81.555       
 61.193	-14.602	 84.642       
 63.333	-13.990	 87.743       
 63.602	-15.631	 91.157       
 63.475	-13.965	 94.575       
 62.579	-10.493	 93.298       
 65.475	-10.844	 90.863       
 68.210	-12.205	 93.115       
 68.377	-15.974	 92.595       
 68.682	-15.768	 88.827       
 71.605	-18.194	 88.983       
 71.176	-21.943	 88.663       
 67.849	-21.393	 86.904       
 66.524	-22.928	 83.700       
 63.601	-20.949	 82.314       
 62.242	-22.973	 79.385       
 60.992	-21.451	 76.131       
 57.231	-21.110	 76.183       
 55.152	-23.679	 74.370       
 52.017	-23.161	 72.335       
 49.053	-25.155	 73.695       
 46.183	-26.303	 71.464       
 44.003	-23.584	 73.047       
 46.137	-20.973	 71.328       
 47.887	-20.020	 74.559       
 51.513	-20.465	 75.583       
 53.026	-21.902	 78.761       
 56.596	-22.128	 79.934       
 58.341	-23.123	 83.127       
 61.152	-21.785	 85.269       
 63.167	-23.877	 87.731       
 66.130	-23.501	 90.050       
 68.061	-26.351	 91.630       
 68.990	-24.996	 95.059       
 70.130	-26.637	 98.358       
 67.339	-28.186	100.437       
 68.867	-26.941	103.684       
 67.616	-23.529	102.542       
 63.951	-24.513	102.281       
 62.052	-22.706	105.042       
 64.132	-19.542	105.448       
 64.460	-18.224	101.916       
 60.834	-17.956	100.731       
 61.215	-18.778	 97.018       
 59.255	-16.573	 94.630       
 59.510	-16.555	 90.851       
 58.788	-13.127	 89.424       
 56.781	-13.484	 86.232       
 55.889	-10.461	 84.130       
 53.769	-10.169	 80.994       
 53.762	 -6.534	 79.856       
 51.247	 -7.376	 77.109       
 48.428	 -8.077	 79.565       
 50.131	 -5.660	 81.925       
 49.959	 -8.384	 84.556       
 52.946	 -8.781	 86.893       
 52.709	-11.900	 89.073       
 54.633	-13.100	 92.131       
 54.206	-16.554	 93.688       
 55.632	-17.882	 96.946       
 57.119	-21.308	 96.263       
 56.926	-22.638	 99.801       
 58.660	-26.047	100.204       
 55.081	-27.375	100.429       
