BRIEF 1TZH V 94               
 17.369	  9.288	 60.807  1.366
 20.792	  7.899	 60.013 -0.150
 21.787	  7.796	 56.349 -0.461
 23.251	  4.462	 55.115  0.479
 26.731	  5.783	 54.460 -1.324
 26.946	  6.997	 58.077 -0.016
 25.651	  3.692	 59.504  1.200
 28.193	  1.811	 57.408 -1.552
 31.239	  3.963	 58.276 -1.450
 30.520	  3.809	 62.035  0.083
 29.814	  0.052	 62.251  1.015
 32.719	 -1.135	 60.122 -2.372
 35.559	 -3.020	 61.842  1.555
 37.593	 -0.768	 64.188 -0.124
 39.080	 -0.380	 67.709  0.900
 36.320	  0.715	 70.150  0.805
 36.218	  1.401	 73.913  0.291
 34.693	 -1.814	 75.193  0.412
 33.925	 -2.577	 78.811  0.554
 35.449	 -5.909	 79.741  0.982
 34.898	 -7.928	 82.895 -0.335
 38.202	 -8.524	 84.694  0.596
 37.263	-12.141	 85.476 -0.901
 36.738	-12.880	 81.762 -0.703
 40.267	-11.613	 81.016  0.288
 41.821	-13.480	 83.953 -0.601
 39.887	-16.805	 84.058  0.239
 42.033	-18.487	 86.714 -0.909
 42.504	-15.686	 89.283 -0.687
 39.845	-16.993	 91.660  0.409
 41.011	-15.788	 95.101  0.357
 40.076	-12.152	 94.262 -0.696
 36.979	 -9.993	 93.722 -0.623
 37.701	 -6.859	 91.676  0.373
 36.710	 -3.204	 92.151 -0.775
 35.919	 -1.984	 89.707  1.561
 35.014	 -5.485	 88.444  0.206
 35.388	 -4.174	 84.871  1.364
 37.666	 -1.911	 82.832  1.156
 37.675	  0.241	 79.701  0.380
 39.744	 -1.505	 76.972  1.110
 40.261	 -0.658	 73.328  0.302
 39.144	 -3.787	 71.432  1.516
 38.154	 -4.639	 67.868  1.557
 34.420	 -4.533	 67.329  0.194
 32.046	 -4.206	 64.406  1.453
 31.541	 -6.106	 61.161  1.471
 33.034	 -6.784	 57.733  1.550
 29.829	 -7.477	 55.794 -0.310
 31.635	-10.053	 53.667  0.187
 31.245	-13.797	 53.986 -0.159
 34.988	-14.548	 53.708 -0.513
 36.225	-11.942	 56.226 -0.320
 36.264	-11.307	 60.021 -0.273
 37.319	 -8.389	 62.253  1.550
 40.632	 -9.123	 64.056 -0.071
 43.466	 -7.106	 65.640  0.612
 46.748	 -6.423	 63.758  0.316
 48.593	 -4.368	 66.403 -0.647
 48.252	 -5.048	 70.140  0.251
 49.698	 -3.472	 73.291 -0.894
 49.250	 -3.644	 77.060  0.000
 47.917	 -1.178	 79.588  0.480
 48.409	 -1.354	 83.321 -0.195
 45.643	 -0.235	 85.646  0.258
 45.267	  0.262	 89.378 -0.209
 42.654	 -2.163	 90.688  0.661
 41.350	 -2.810	 94.201 -0.956
 41.892	 -6.557	 94.550 -0.639
 39.545	 -7.711	 97.333 -0.915
 40.221	-11.036	 99.092 -2.161
 36.945	-12.207	100.719 -1.035
 36.940	-12.817	104.512 -1.379
 40.414	-11.257	104.667 -2.277
 41.080	 -7.719	103.391 -2.434
 41.605	 -5.573	100.276 -2.006
 44.530	 -3.765	 98.656 -2.195
 45.226	 -1.712	 95.613 -1.037
 47.419	 -3.342	 92.973 -0.771
 48.357	 -3.209	 89.311 -0.945
 46.887	 -5.494	 86.645  0.436
 47.678	 -5.562	 82.894 -0.654
 45.226	 -5.971	 79.992  0.121
 45.457	 -6.460	 76.202  0.153
 44.402	 -3.557	 73.995  1.001
 43.855	 -3.491	 70.236  1.459
 45.565	 -0.533	 68.531  0.507
 44.714	 -1.604	 64.964 -0.688
 41.957	 -3.699	 63.354  1.494
 41.387	 -5.205	 59.960 -0.197
 39.019	 -7.470	 58.090  1.549
 41.007	-10.589	 57.183  0.146
 40.164	-13.938	 55.532 -0.174
 39.067	-16.624	 58.029  0.831
BRIEF 1TZH W 94               
 49.511	  3.625	 84.090       
 45.859	  4.396	 84.880       
 45.134	  5.530	 88.421       
 42.336	  3.907	 90.362       
 39.766	  6.684	 90.453       
 40.224	  7.196	 86.699       
 39.433	  3.524	 85.910       
 36.457	  3.285	 88.282       
 34.937	  6.533	 86.984       
 35.311	  5.429	 83.346       
 33.896	  1.892	 83.743       
 30.943	  2.829	 85.956       
 27.477	  1.897	 84.561       
 26.681	  4.358	 81.747       
 25.463	  4.594	 78.119       
 28.289	  3.569	 75.752       
 28.319	  3.175	 71.958       
 27.992	 -0.551	 71.391       
 28.194	 -2.469	 68.165       
 25.179	 -4.750	 68.147       
 24.325	 -7.438	 65.621       
 21.068	 -6.778	 63.742       
 20.057	-10.498	 63.618       
 20.460	-10.757	 67.416       
 18.234	 -7.646	 67.809       
 15.581	 -9.014	 65.415       
 15.538	-12.856	 65.654       
 12.320	-13.008	 63.573       
 13.891	-11.731	 60.317       
 15.092	-15.120	 58.969       
 14.802	-14.173	 55.267       
 17.245	-11.195	 55.333       
 20.988	-10.772	 55.570       
 21.945	 -7.216	 56.658       
 24.610	 -4.841	 55.330       
 26.034	 -3.677	 57.546       
 25.332	 -6.693	 59.760       
 25.795	 -4.638	 62.991       
 24.904	 -1.099	 64.184       
 26.301	  1.493	 66.630       
 23.768	  1.953	 69.417       
 24.137	  3.762	 72.730       
 23.532	  1.053	 75.371       
 24.071	  0.558	 79.103       
 27.602	 -0.743	 79.435       
 29.623	 -0.817	 82.614       
 29.496	 -2.416	 86.082       
 28.004	 -1.496	 89.463       
 30.648	 -2.907	 91.842       
 28.148	 -4.657	 94.176       
 26.208	 -7.975	 93.802       
 23.127	 -6.241	 95.205       
 22.998	 -4.100	 92.028       
 22.979	 -4.376	 88.223       
 23.355	 -2.089	 85.194       
 19.979	 -1.356	 83.527       
 18.189	  1.308	 81.481       
 15.841	  3.869	 83.072       
 15.288	  5.931	 79.880       
 14.967	  4.477	 76.407       
 14.465	  5.877	 72.897       
 14.325	  4.600	 69.346       
 16.487	  5.514	 66.419       
 15.847	  4.694	 62.792       
 18.738	  3.724	 60.510       
 18.970	  2.863	 56.808       
 19.938	 -0.798	 56.413       
 20.583	 -2.634	 53.194       
 18.313	 -5.716	 53.319       
 19.524	 -8.646	 51.251       
 17.182	-11.483	 50.338       
 19.513	-14.387	 49.515       
 19.450	-15.573	 45.845       
 16.783	-12.973	 45.032       
 17.858	 -9.331	 45.420       
 18.535	 -6.460	 47.820       
 16.904	 -3.202	 48.762       
 17.534	 -0.341	 51.163       
 15.065	  0.004	 53.993       
 14.552	  1.825	 57.265       
 14.865	 -0.195	 60.518       
 14.162	  0.893	 64.085       
 16.458	 -0.011	 67.043       
 16.206	  0.576	 70.810       
 18.650	  2.991	 72.574       
 19.525	  3.402	 76.265       
 19.581	  7.138	 77.173       
 20.191	  6.975	 80.938       
 21.631	  4.029	 82.887       
 21.438	  3.473	 86.635       
 22.413	  0.842	 89.239       
 19.404	 -1.238	 90.518       
 18.805	 -4.554	 92.455       
 16.309	 -7.387	 91.557       
BRIEF 1TZH A 210              
 33.253	 -2.446	 39.900       
 32.202	 -6.144	 40.177       
 33.790	 -8.570	 37.745       
 31.509	-10.270	 35.223       
 32.111	-12.778	 32.462       
 29.601	-14.137	 29.924       
 30.233	-17.240	 27.818       
 30.317	-17.407	 24.946       
 30.509	-13.868	 23.525       
 28.662	-14.876	 20.372       
 26.882	-17.989	 19.257       
 25.330	-19.184	 16.011       
 22.044	-21.031	 16.341       
 19.076	-22.134	 14.246       
 15.374	-21.879	 15.013       
 14.336	-24.688	 17.361       
 17.765	-25.033	 19.032       
 18.166	-25.233	 22.810       
 20.612	-22.444	 23.676       
 22.591	-22.148	 26.921       
 24.268	-18.797	 27.817       
 26.448	-18.609	 30.925       
 27.523	-15.878	 33.305       
 30.264	-15.882	 35.983       
 30.167	-13.105	 38.602       
 32.656	-12.350	 41.376       
 30.184	-11.704	 44.175       
 29.020	-13.283	 47.428       
 27.109	-16.558	 47.406       
 23.866	-14.804	 48.432       
 23.941	-12.232	 45.593       
 21.964	-13.025	 42.429       
 21.455	-11.679	 38.908       
 19.109	-10.327	 36.220       
 19.072	-11.243	 32.533       
 18.175	 -8.776	 29.752       
 17.628	 -8.883	 25.996       
 18.470	 -6.039	 23.654       
 17.940	 -5.757	 19.929       
 19.674	 -3.212	 17.632       
 18.409	  0.394	 17.937       
 16.192	 -0.525	 20.908       
 16.340	 -0.282	 24.649       
 16.954	 -3.477	 26.658       
 14.107	 -5.605	 27.973       
 14.105	 -7.298	 31.352       
 13.780	-11.065	 30.940       
 14.571	-12.802	 34.219       
 15.423	-11.547	 37.680       
 16.309	-13.313	 40.913       
 18.207	-15.813	 38.703       
 15.101	-17.839	 37.864       
 11.890	-15.734	 38.018       
 10.504	-14.831	 34.552       
  9.219	-11.261	 34.271       
  5.540	-10.972	 33.432       
  4.934	-11.395	 29.706       
  8.209	-13.133	 28.983       
  7.687	-16.471	 27.207       
  8.319	-19.623	 29.230       
 10.879	-20.992	 26.740       
 13.181	-18.567	 28.617       
 14.511	-19.734	 31.964       
 17.429	-19.281	 34.365       
 19.234	-21.268	 37.069       
 22.152	-21.130	 39.464       
 23.212	-19.013	 42.404       
 25.932	-16.805	 43.834       
 28.814	-16.990	 41.419       
 27.528	-18.912	 38.365       
 24.300	-18.454	 36.398       
 22.809	-19.905	 33.220       
 20.258	-18.523	 30.735       
 18.568	-21.325	 28.759       
 16.228	-20.780	 25.778       
 14.720	-24.223	 25.130       
 13.444	-23.618	 21.605       
 14.895	-20.558	 19.892       
 12.337	-18.566	 17.934       
 13.059	-15.908	 15.267       
 12.234	-13.109	 17.805       
 15.045	-14.425	 20.133       
 17.962	-13.496	 17.912       
 19.343	-10.617	 19.955       
 22.090	 -9.829	 22.469       
 21.668	-11.081	 26.089       
 23.213	 -9.473	 29.170       
 23.560	-10.626	 32.730       
 23.807	 -8.091	 35.534       
 24.657	 -8.519	 39.233       
 21.885	 -7.767	 41.743       
 24.373	 -6.557	 44.372       
 26.133	 -3.205	 44.638       
 27.375	 -2.275	 42.168       
 24.996	 -3.673	 39.545       
 27.649	 -4.567	 37.012       
 26.605	 -5.673	 33.511       
 28.365	 -8.564	 31.876       
 29.790	 -7.906	 28.403       
 26.838	 -9.625	 26.741       
 26.300	-12.579	 24.405       
 25.247	-12.076	 20.780       
 22.865	-14.795	 19.554       
 22.948	-14.866	 15.731       
 21.160	-16.932	 13.085       
 23.006	-19.877	 11.504       
 22.787	-20.032	  7.770       
 24.452	-21.554	  4.737       
 27.905	-20.229	  3.775       
 27.725	-17.488	  1.173       
 30.673	-15.910	 -0.592       
 30.778	-12.110	 -0.774       
 30.316	-10.144	 -3.937       
 33.238	 -7.754	 -4.046       
 33.239	 -4.232	 -5.513       
 35.908	 -1.550	 -5.557       
 35.241	  2.175	 -5.932       
 37.701	  4.882	 -6.859       
 37.582	  8.309	 -5.260       
 35.354	 10.779	 -7.035       
 37.021	 13.666	 -8.893       
 34.959	 16.022	 -6.691       
 36.604	 14.662	 -3.485       
 40.137	 14.702	 -4.957       
 39.753	 18.450	 -5.628       
 39.994	 19.011	 -1.848       
 43.241	 17.029	 -1.332       
 42.188	 13.579	 -0.030       
 41.332	 10.201	 -1.662       
 38.858	  7.634	 -0.251       
 38.862	  4.283	 -2.042       
 36.007	  1.966	 -0.950       
 35.608	 -1.820	 -1.048       
 32.263	 -3.541	 -0.642       
 31.922	 -7.100	  0.647       
 28.259	 -7.741	 -0.163       
 26.031	-10.291	  1.556       
 28.268	-12.973	  2.941       
 28.235	-15.597	  5.694       
 29.654	-16.100	  8.181       
 30.773	-12.729	  9.635       
 34.546	-13.313	  9.631       
 36.319	-11.906	  6.581       
 39.781	-10.429	  5.871       
 40.242	 -7.389	  3.622       
 43.779	 -6.392	  2.495       
 44.577	 -3.189	  0.592       
 47.347	 -3.195	 -2.049       
 48.732	 -0.135	 -3.784       
 51.030	 -1.089	 -6.679       
 51.136	 -4.574	 -5.104       
 52.420	 -3.164	 -1.738       
 50.351	 -4.413	  1.238       
 48.846	 -1.388	  3.025       
 48.718	 -0.958	  6.894       
 47.091	  1.475	  9.362       
 45.529	  3.634	  6.636       
 42.165	  1.810	  6.383       
 38.977	  1.459	  8.444       
 36.127	 -0.974	  8.515       
 32.466	 -1.372	  9.305       
 29.954	 -4.262	  9.314       
 26.140	 -4.225	  9.137       
 23.997	 -6.172	 11.541       
 22.910	 -9.540	 10.150       
 20.283	 -8.913	  7.472       
 16.676	 -9.427	  8.537       
 15.761	-11.435	  5.435       
 18.775	-13.464	  4.226       
 20.871	-13.558	  7.430       
 24.053	-12.337	  5.642       
 26.502	 -9.662	  6.730       
 28.041	 -6.960	  4.551       
 31.228	 -4.934	  4.990       
 32.767	 -1.723	  3.757       
 36.455	 -0.913	  4.005       
 37.769	  2.551	  3.170       
 41.455	  3.293	  2.369       
 42.255	  6.984	  2.710       
 45.334	  8.665	  1.120       
 46.332	 12.234	  0.596       
 45.641	 13.177	 -3.030       
 49.416	 13.509	 -3.180       
 50.124	  9.862	 -2.328       
 47.128	  8.749	 -4.467       
 48.685	 10.220	 -7.630       
 52.057	  8.479	 -7.048       
 50.516	  5.054	 -7.698       
 48.685	  3.104	-10.453       
 46.962	 -0.048	 -9.260       
 44.464	 -0.046	 -6.419       
 43.409	 -3.439	 -5.116       
 41.096	 -4.956	 -2.551       
 41.955	 -8.566	 -1.658       
 39.178	-10.495	  0.048       
 39.546	-13.839	  1.802       
 36.459	-15.587	  3.150       
 35.265	-19.106	  3.925       
 33.019	-19.210	  0.802       
 35.906	-18.620	 -1.577       
 38.335	-21.345	 -2.605       
 40.847	-18.633	 -3.319       
 41.125	-14.941	 -2.353       
 39.162	-12.677	 -4.681       
 40.818	 -9.426	 -5.810       
 39.031	 -6.436	 -7.297       
 41.036	 -3.639	 -8.835       
 41.173	 -0.409	-10.852       
 43.800	  1.792	-12.450       
 43.823	  5.617	-12.279       
BRIEF 1TZH B 222              
  1.407	  3.625	 30.362       
  4.686	  4.003	 32.255       
  6.916	  6.488	 30.471       
 10.495	  7.766	 30.885       
 11.719	 10.547	 28.539       
 15.433	 11.501	 28.545       
 16.457	 14.931	 27.314       
 19.479	 17.201	 27.516       
 21.765	 15.176	 25.244       
 24.201	 16.616	 22.722       
 27.683	 18.098	 22.543       
 30.416	 18.656	 25.201       
 34.075	 19.594	 25.130       
 36.414	 17.287	 27.081       
 36.552	 18.722	 30.616       
 32.995	 19.995	 30.266       
 29.760	 19.446	 32.119       
 26.318	 18.418	 30.897       
 23.128	 17.547	 32.783       
 20.673	 14.833	 31.671       
 16.966	 14.858	 32.526       
 14.508	 12.003	 32.910       
 10.882	 13.120	 32.861       
  8.878	 10.232	 34.360       
  5.131	  9.744	 34.070       
  2.735	  6.894	 34.976       
  4.431	  6.373	 38.344       
  5.786	  8.308	 41.333       
  9.613	  8.446	 41.200       
  9.714	  9.574	 44.830       
  9.369	  6.092	 46.322       
 10.837	  4.360	 43.276       
 14.152	  3.046	 41.993       
 15.663	  5.052	 39.145       
 18.842	  4.235	 37.255       
 21.041	  5.516	 34.444       
 22.620	  3.050	 32.055       
 24.686	  3.906	 28.995       
 26.067	  2.296	 25.887       
 29.059	  3.474	 23.903       
 28.731	  2.924	 20.150       
 28.735	 -0.763	 19.155       
 29.502	 -1.652	 22.760       
 27.790	 -3.125	 25.823       
 25.461	 -1.822	 28.495       
 27.167	 -0.075	 31.422       
 25.222	  0.577	 34.628       
 26.214	  4.066	 35.824       
 24.040	  5.204	 38.758       
 21.046	  4.709	 41.048       
 18.937	  6.946	 43.198       
 16.152	  6.013	 45.599       
 14.786	  9.497	 46.179       
 12.678	  8.859	 49.315       
 15.726	  7.380	 51.091       
 18.149	 10.068	 49.884       
 20.346	  7.161	 48.837       
 22.555	  7.057	 45.736       
 25.174	  4.681	 44.349       
 27.467	  4.858	 41.352       
 29.695	  2.824	 39.129       
 33.396	  3.244	 39.863       
 33.957	  4.359	 36.275       
 32.202	  7.617	 37.244       
 32.302	  8.192	 41.023       
 33.555	 11.710	 41.794       
 32.436	 13.000	 38.387       
 28.691	 12.215	 38.035       
 25.749	 13.002	 40.365       
 22.291	 11.427	 40.105       
 19.619	 13.548	 41.789       
 15.849	 14.027	 41.580       
 13.170	 16.730	 41.679       
 10.334	 15.183	 43.711       
  7.841	 17.759	 42.358       
  8.673	 17.649	 38.611       
  8.645	 13.828	 38.746       
 12.047	 14.108	 37.090       
 15.479	 12.580	 37.788       
 18.887	 13.916	 36.655       
 22.432	 13.017	 35.731       
 24.900	 15.854	 36.329       
 28.159	 14.969	 34.566       
 31.504	 16.713	 35.172       
 34.970	 16.546	 33.635       
 33.687	 14.432	 30.746       
 36.139	 12.535	 28.491       
 35.921	 10.950	 24.997       
 35.144	  7.546	 26.632       
 31.868	  8.822	 28.122       
 30.504	  9.205	 24.593       
 27.412	  7.006	 24.714       
 23.655	  6.735	 24.516       
 22.427	  7.490	 28.024       
 19.341	  5.484	 29.012       
 17.250	  6.402	 31.994       
 15.502	  3.442	 33.640       
 13.582	  1.917	 36.524       
 13.025	 -1.161	 38.769       
  9.383	 -1.546	 39.879       
  8.328	 -3.170	 43.095       
  7.433	 -6.117	 40.796       
 10.953	 -7.191	 41.814       
 12.315	 -6.953	 45.377       
 15.654	 -6.247	 43.693       
 16.481	 -2.545	 43.329       
 18.297	 -3.249	 40.073       
 15.922	 -5.364	 37.950       
 15.153	 -2.723	 35.364       
 11.670	 -3.402	 33.984       
 11.080	  0.023	 32.248       
 13.378	  2.106	 30.073       
 13.542	  5.368	 28.163       
 14.432	  5.624	 24.457       
 17.977	  6.911	 25.128       
 19.705	 10.147	 24.215       
 23.147	 10.571	 22.616       
 25.908	 12.351	 24.485       
 29.048	 13.060	 22.430       
 32.241	 14.227	 24.125       
 34.659	 15.751	 21.659       
 36.489	 18.983	 20.861       
 35.168	 18.866	 17.286       
 32.645	 21.384	 15.955       
 29.279	 20.570	 14.352       
 29.716	 20.098	 10.551       
 27.558	 18.715	  7.737       
 28.787	 15.924	  5.436       
 30.419	 16.146	  2.052       
 28.621	 13.513	  0.001       
 30.423	 11.673	 -2.788       
 29.469	  9.261	 -5.546       
 30.516	  5.667	 -5.324       
 29.927	  5.209	 -9.018       
 28.791	  1.958	-10.726       
 31.773	  0.564	-12.602       
 31.725	  0.390	-16.374       
 32.921	 -3.252	-15.986       
 29.546	 -4.271	-14.400       
 28.421	 -7.711	-15.689       
 25.899	 -7.996	-18.555       
 24.040	-10.716	-16.586       
 23.429	 -7.977	-14.110       
 24.438	 -7.024	-10.642       
 26.154	 -3.671	-10.136       
 26.843	 -1.874	 -6.863       
 26.815	  1.883	 -6.303       
 26.534	  4.153	 -3.314       
 27.291	  7.292	 -1.398       
 30.281	  8.031	  0.742       
 29.003	 10.426	  3.430       
 32.177	 12.043	  4.672       
 33.551	 14.357	  7.345       
 30.451	 15.064	  9.462       
 30.000	 15.638	 13.183       
 28.253	 14.633	 15.313       
 26.156	 11.497	 14.788       
 23.645	 10.590	 13.584       
 23.192	 10.797	  9.860       
 20.202	  9.380	  7.941       
 20.278	  7.808	  4.441       
 17.534	  6.781	  2.005       
 17.448	  6.033	 -1.749       
 14.980	  7.599	 -4.164       
 13.123	  9.007	 -1.161       
 12.225	  5.628	  0.357       
 11.296	  3.953	 -2.937       
 14.516	  1.935	 -3.126       
 15.173	 -0.324	 -0.098       
 15.889	 -3.826	 -1.454       
 19.629	 -4.237	 -1.739       
 20.536	 -1.194	  0.424       
 23.193	 -1.423	  3.131       
 24.113	  1.754	  4.903       
 27.104	  1.062	  7.154       
 27.887	  2.158	 10.725       
 29.899	  5.324	 10.665       
 33.521	  5.220	 11.721       
 35.298	  7.885	 13.820       
 38.280	  9.208	 11.866       
 41.391	 10.646	 13.491       
 40.222	 14.119	 12.372       
 37.419	 13.865	 14.929       
 34.855	 13.555	 12.112       
 32.719	 10.614	 11.102       
 32.351	  8.899	  7.752       
 30.024	  6.278	  6.378       
 28.849	  4.599	  3.199       
 25.473	  3.666	  1.847       
 25.400	  1.238	 -0.937       
 22.828	 -0.561	 -3.022       
 22.879	 -3.382	 -5.554       
 20.816	 -3.187	 -8.691       
 20.586	 -4.851	-12.097       
 23.338	 -3.753	-14.506       
 20.785	 -3.519	-17.323       
 19.263	 -0.630	-15.332       
 22.307	  1.747	-15.260       
 21.647	  4.723	-17.541       
 17.918	  3.835	-17.434       
 17.176	  4.195	-13.649       
 17.924	  7.273	-11.617       
 19.489	  6.641	 -8.227       
 19.711	  9.373	 -5.608       
 20.880	  8.987	 -2.033       
 19.029	 11.277	  0.400       
 21.375	 12.320	  3.204       
 20.092	 14.324	  6.173       
 22.212	 15.444	  9.130       
 19.921	 17.185	 11.640       
 22.623	 18.287	 14.080       
 23.787	 20.775	 11.354       
 20.514	 21.029	  9.360       
 22.054	 19.600	  6.179       
 20.097	 17.932	  3.376       
 21.914	 16.567	  0.335       
 20.500	 14.546	 -2.515       
 23.243	 13.172	 -4.738       
 22.422	 11.515	 -8.028       
 24.908	  8.645	 -8.479       
 25.528	  7.825	-12.155       
 28.015	  5.951	-14.350       
BRIEF 1TZH L 210              
 30.653	  7.186	106.045       
 29.795	  3.537	106.887       
 28.142	  2.729	110.227       
 29.636	  0.393	112.811       
 27.594	 -0.466	115.894       
 29.160	 -2.410	118.810       
 27.182	 -4.399	121.445       
 27.392	 -4.154	124.349       
 28.688	 -0.554	124.641       
 30.234	 -1.349	128.062       
 30.528	 -4.449	130.291       
 31.247	 -5.829	133.776       
 33.002	 -9.182	134.120       
 35.444	-10.897	136.508       
 38.795	-12.629	135.978       
 38.244	-16.076	134.430       
 35.007	-15.319	132.583       
 33.980	-15.929	128.988       
 33.377	-12.661	127.076       
 31.584	-12.002	123.747       
 31.625	 -8.630	121.909       
 29.395	 -8.241	118.815       
 29.964	 -5.836	115.933       
 27.501	 -4.722	113.256       
 28.598	 -3.398	109.869       
 26.779	 -1.860	106.877       
 29.067	 -3.542	104.359       
 29.182	 -6.230	101.676       
 29.219	 -9.890	102.665       
 32.810	-10.263	101.395       
 34.203	 -7.305	103.415       
 36.112	 -8.341	106.572       
 37.128	 -6.870	109.937       
 39.914	 -6.063	112.405       
 39.949	 -6.024	116.232       
 41.976	 -3.657	118.450       
 42.691	 -3.280	122.189       
 43.232	  0.246	123.689       
 44.072	  1.009	127.305       
 43.800	  4.525	128.834       
 46.590	  6.932	127.832       
 48.085	  4.581	125.244       
 47.861	  3.700	121.564       
 45.753	  0.773	120.337       
 47.323	 -2.567	119.492       
 46.024	 -4.887	116.784       
 44.527	 -8.108	118.115       
 42.972	 -9.869	115.178       
 42.708	 -9.101	111.469       
 40.848	-10.929	108.691       
 38.117	-11.857	111.239       
 39.825	-14.911	112.828       
 43.613	-14.615	112.467       
 45.820	-14.075	115.503       
 48.215	-11.175	115.067       
 51.523	-12.576	116.289       
 52.311	-12.145	119.981       
 48.624	-12.116	120.903       
 47.664	-14.738	123.556       
 45.621	-17.728	122.327       
 42.967	-16.726	124.921       
 41.714	-14.432	122.127       
 40.098	-15.697	118.937       
 37.682	-14.384	116.265       
 34.589	-15.334	114.230       
 31.727	-14.170	111.997       
 31.696	-12.775	108.465       
 30.176	-10.147	106.191       
 27.777	 -8.237	108.430       
 28.225	 -9.442	112.031       
 31.439	-10.217	113.935       
 32.318	-11.816	117.287       
 35.430	-11.391	119.422       
 35.897	-13.935	122.253       
 38.168	-14.021	125.335       
 38.006	-17.542	126.816       
 39.425	-16.865	130.292       
 39.584	-13.144	131.136       
 42.842	-11.886	132.698       
 43.825	 -8.779	134.740       
 45.534	 -7.503	131.567       
 42.413	 -7.840	129.387       
 40.542	 -4.884	130.957       
 40.547	 -2.228	128.209       
 38.357	 -0.810	125.434       
 37.962	 -3.044	122.370       
 37.227	 -1.628	118.899       
 36.262	 -3.327	115.644       
 36.872	 -1.978	112.151       
 35.796	 -2.477	108.583       
 38.511	 -3.632	106.185       
 36.800	 -1.745	103.322       
 36.464	  1.883	102.190       
 36.027	  3.799	104.359       
 37.616	  1.590	107.062       
 35.367	  2.882	109.797       
 35.706	  2.057	113.493       
 33.016	  0.876	115.882       
 32.313	  3.088	118.924       
 34.174	  0.894	121.448       
 33.220	 -1.637	124.118       
 34.623	 -0.977	127.570       
 35.317	 -3.950	129.828       
 35.322	 -2.684	133.402       
 36.143	 -4.913	136.385       
 33.288	 -6.192	138.547       
 33.301	 -5.278	142.232       
 30.616	 -5.506	144.945       
 28.760	 -2.322	145.971       
 30.568	  0.447	147.935       
 29.469	  3.639	149.750       
 30.832	  6.920	148.227       
 32.445	  9.198	150.825       
 31.336	 12.800	150.289       
 32.946	 16.189	150.927       
 31.872	 19.796	150.460       
 34.453	 22.423	149.512       
 33.770	 26.193	149.767       
 35.744	 28.642	147.639       
 39.014	 30.028	148.970       
 39.278	 33.699	149.994       
 41.792	 33.928	147.100       
 39.201	 32.924	144.464       
 36.484	 35.346	145.662       
 38.789	 38.321	144.991       
 38.734	 37.281	141.281       
 34.931	 37.583	140.973       
 34.235	 33.920	140.217       
 33.102	 31.454	142.909       
 33.710	 27.720	142.391       
 32.331	 25.286	144.962       
 33.259	 21.608	144.797       
 31.661	 18.294	145.799       
 33.587	 14.990	145.882       
 32.363	 11.397	145.619       
 35.257	  9.239	146.726       
 35.558	  5.503	145.896       
 32.118	  4.195	144.912       
 30.743	  1.335	142.830       
 29.269	  1.071	140.327       
 29.474	  4.141	137.994       
 25.862	  5.389	138.402       
 25.561	  8.425	140.713       
 23.451	 11.608	140.724       
 24.760	 14.884	142.140       
 22.392	 17.738	142.983       
 23.338	 21.224	144.171       
 20.521	 22.472	146.415       
 20.963	 26.173	147.429       
 18.501	 27.122	150.221       
 16.595	 23.979	149.155       
 16.568	 25.337	145.544       
 18.047	 22.656	143.259       
 20.173	 23.891	140.352       
 20.505	 23.386	136.592       
 23.059	 24.613	134.000       
 25.622	 26.075	136.433       
 27.467	 22.867	137.360       
 29.876	 20.561	135.579       
 31.080	 17.047	136.277       
 34.056	 14.704	135.927       
 34.658	 10.982	136.676       
 37.912	  8.999	136.945       
 38.873	  5.657	135.411       
 38.339	  2.487	137.448       
 40.848	  2.294	140.269       
 43.777	 -0.095	140.152       
 43.651	 -1.350	143.743       
 39.986	 -1.400	144.772       
 38.177	 -1.026	141.410       
 36.012	  2.008	142.319       
 35.178	  5.291	140.647       
 35.260	  8.829	141.983       
 33.507	 11.957	140.659       
 34.112	 15.677	141.131       
 31.140	 18.022	140.598       
 31.766	 21.757	140.469       
 29.067	 24.385	141.014       
 30.278	 27.594	139.380       
 28.702	 30.965	140.253       
 29.330	 34.717	140.469       
 30.676	 36.687	143.470       
 27.479	 38.678	144.045       
 25.274	 35.571	143.595       
 27.441	 33.728	146.165       
 27.045	 36.676	148.561       
 23.214	 36.375	148.156       
 22.477	 32.946	149.704       
 23.909	 31.144	152.782       
 23.190	 27.356	152.823       
 25.067	 25.497	150.052       
 24.622	 21.724	149.903       
 25.481	 18.608	147.841       
 22.898	 15.797	147.488       
 24.098	 12.343	146.377       
 22.159	  9.236	145.262       
 23.792	  5.826	144.715       
 23.025	  2.082	145.058       
 25.200	  1.799	148.200       
 23.187	  4.317	150.246       
 19.848	  3.489	151.921       
 18.852	  7.113	151.160       
 20.412	 10.364	149.805       
 23.327	 11.949	151.747       
 23.809	 15.745	152.004       
 27.038	 17.567	152.833       
 26.804	 21.348	153.387       
 28.185	 24.520	155.039       
 27.600	 28.181	156.008       
 29.534	 31.302	154.936       
BRIEF 1TZH H 217              
 62.602	 -1.679	115.062       
 59.645	  0.117	113.530       
 58.970	  3.658	114.859       
 56.265	  6.178	113.958       
 56.691	  9.621	115.554       
 54.109	 12.408	115.164       
 54.629	 16.142	115.625       
 53.299	 19.610	114.801       
 50.281	 19.460	117.091       
 49.199	 22.470	119.096       
 46.804	 25.396	118.992       
 44.753	 26.260	115.935       
 41.865	 28.742	115.883       
 38.631	 28.096	113.907       
 39.052	 28.300	110.114       
 42.823	 27.950	110.409       
 45.486	 25.556	109.186       
 47.998	 23.164	110.704       
 50.181	 20.427	109.242       
 50.831	 17.113	111.015       
 54.059	 15.143	110.484       
 54.767	 11.436	110.969       
 58.451	 10.397	110.965       
 58.908	  6.666	110.130       
 61.975	  4.499	110.703       
 62.589	  0.779	110.460       
 60.695	  0.630	107.169       
 60.221	  2.343	103.784       
 56.936	  4.364	103.755       
 56.838	  4.523	 99.937       
 55.942	  0.789	 99.589       
 53.752	  0.828	102.701       
 50.232	  1.594	103.915       
 50.212	  4.664	106.209       
 47.067	  5.800	108.105       
 45.942	  8.595	110.462       
 43.424	  7.618	113.149       
 42.161	 10.329	115.524       
 40.357	 10.270	118.878       
 38.569	 13.061	120.762       
 38.868	 13.082	124.578       
 36.589	 10.558	126.333       
 35.492	  9.232	122.945       
 36.328	  6.417	120.538       
 38.744	  5.976	117.630       
 37.887	  7.517	114.244       
 39.844	  6.506	111.123       
 40.577	  9.686	109.139       
 42.812	  8.923	106.110       
 45.068	  6.508	104.189       
 47.865	  6.641	101.643       
 49.732	  4.076	 99.555       
 52.410	  6.489	 98.297       
 53.835	  4.244	 95.541       
 50.339	  3.827	 94.087       
 49.548	  7.534	 94.356       
 46.341	  6.554	 96.112       
 44.654	  8.336	 99.018       
 41.348	  7.675	100.772       
 39.583	  9.666	103.481       
 36.664	  9.566	105.919       
 33.707	 11.634	104.760       
 33.974	 13.760	107.932       
 37.273	 15.324	106.647       
 37.189	 15.237	102.784       
 37.717	 18.617	101.094       
 39.681	 19.974	104.075       
 42.393	 17.361	104.856       
 45.244	 16.068	102.634       
 47.389	 13.039	103.441       
 50.763	 13.005	101.628       
 54.278	 11.612	101.853       
 57.845	 12.710	101.163       
 59.796	  9.591	100.169       
 63.085	 11.384	100.771       
 62.142	 12.200	104.413       
 60.429	  8.886	105.108       
 57.733	 11.079	106.659       
 53.969	 11.269	105.952       
 51.883	 14.404	106.449       
 48.345	 15.590	107.120       
 47.485	 19.132	105.981       
 44.420	 20.170	107.976       
 42.532	 23.228	106.652       
 39.241	 24.970	107.539       
 39.371	 23.394	111.056       
 36.188	 23.587	113.187       
 36.217	 23.030	116.983       
 35.086	 19.377	116.865       
 38.326	 18.413	115.119       
 39.829	 18.496	118.613       
 41.583	 15.172	119.085       
 44.700	 13.174	119.666       
 45.962	 12.296	116.174       
 47.782	  8.989	115.608       
 49.708	  7.924	112.610       
 49.848	  4.175	112.044       
 50.714	  1.587	109.398       
 49.562	 -1.794	108.134       
 52.548	 -3.975	107.280       
 52.393	 -6.812	104.774       
 51.944	 -9.447	107.536       
 48.272	 -8.671	106.887       
 47.035	 -8.565	103.293       
 44.520	 -6.017	104.559       
 45.460	 -2.454	103.785       
 43.766	 -1.382	107.048       
 44.998	 -3.865	109.681       
 46.975	 -1.261	111.587       
 49.901	 -2.950	113.000       
 52.327	 -0.249	114.369       
 51.397	  3.089	115.908       
 52.751	  6.425	117.004       
 52.290	  7.824	120.495       
 49.802	 10.491	119.271       
 49.782	 14.283	119.365       
 47.121	 16.620	120.775       
 45.584	 19.235	118.437       
 43.222	 21.750	120.083       
 41.014	 23.869	117.774       
 39.549	 26.686	119.911       
 39.562	 30.511	119.797       
 40.998	 30.640	123.345       
 44.585	 31.901	123.819       
 47.366	 30.282	125.830       
 46.794	 30.972	129.541       
 48.063	 29.580	132.848       
 45.886	 28.194	135.655       
 45.249	 29.969	138.899       
 45.407	 27.210	141.510       
 43.079	 27.468	144.497       
 43.045	 25.107	147.492       
 40.389	 22.595	148.548       
 40.907	 22.675	152.332       
 39.458	 19.926	154.587       
 36.893	 20.682	157.324       
 36.048	 20.179	161.058       
 39.402	  9.683	161.032       
 39.626	 10.239	157.250       
 39.808	 13.593	155.475       
 39.617	 14.945	151.946       
 42.019	 17.435	150.419       
 42.597	 18.921	147.009       
 43.389	 21.613	144.483       
 41.151	 23.310	141.950       
 43.252	 24.177	138.893       
 41.093	 26.759	137.093       
 41.167	 28.759	133.806       
 44.047	 27.076	131.929       
 44.273	 26.378	128.214       
 45.011	 24.179	126.365       
 45.203	 20.618	127.736       
 46.923	 18.819	129.313       
 47.696	 19.491	132.954       
 49.887	 17.409	135.318       
 49.267	 17.134	139.054       
 51.382	 15.409	141.725       
 51.477	 15.706	145.510       
 54.508	 16.424	147.749       
 56.728	 16.159	144.646       
 55.743	 12.560	143.972       
 55.918	 11.286	147.578       
 52.101	 11.068	148.069       
 50.262	  8.684	145.681       
 47.881	  6.461	147.680       
 44.430	  8.003	148.072       
 44.949	 10.349	145.131       
 42.410	 10.760	142.346       
 43.048	 13.608	139.888       
 40.162	 14.210	137.552       
 39.604	 14.689	133.834       
 39.367	 18.317	132.833       
 36.199	 20.161	131.982       
 35.644	 22.813	129.275       
 33.923	 25.765	130.943       
 32.289	 27.579	127.997       
 34.482	 30.598	128.601       
 36.655	 28.288	126.495       
 39.064	 27.620	129.372       
 39.627	 24.233	131.061       
 39.389	 23.384	134.817       
 40.147	 20.275	136.939       
 40.557	 18.861	140.425       
 43.091	 16.729	142.208       
 41.975	 15.103	145.427       
 43.509	 13.101	148.223       
 42.388	 11.260	151.339       
 44.573	 11.104	154.410       
 44.576	 10.476	158.158       
 42.863	 13.544	159.683       
 45.343	 13.256	162.596       
 48.046	 14.269	160.085       
 46.519	 17.743	159.489       
 48.595	 20.357	161.344       
 51.895	 18.432	161.079       
 51.989	 17.057	157.473       
 52.436	 19.544	154.659       
 50.375	 18.914	151.513       
 51.497	 20.628	148.302       
 49.880	 19.870	144.975       
 52.368	 20.466	142.165       
 50.551	 21.639	139.055       
 52.469	 21.905	135.789       
 51.061	 23.395	132.609       
 53.577	 22.880	129.786       
 51.956	 25.062	127.025       
 52.099	 28.374	129.009       
 55.419	 27.393	130.697       
 53.865	 27.720	134.157       
 54.807	 25.689	137.233       
 52.771	 26.370	140.381       
 52.928	 24.754	143.842       
 50.148	 25.366	146.376       
 50.228	 24.460	150.079       
 46.845	 23.159	151.314       
 46.116	 24.112	154.935       
 43.403	 23.848	157.615       
