BRIEF 1TZI V 97               
  2.385	 66.933	  9.441  0.041
  5.287	 64.522	 10.262  0.944
  6.858	 63.805	 13.652  0.113
 10.610	 64.387	 13.282 -0.344
 12.927	 61.561	 14.432  0.470
 14.660	 63.175	 17.418 -1.560
 11.255	 64.346	 18.624 -0.271
  9.889	 60.789	 18.530  1.156
 12.971	 59.452	 20.252 -1.110
 12.874	 62.079	 22.981 -1.759
  9.175	 61.495	 23.603  0.019
  9.276	 57.687	 23.646  1.050
 12.444	 57.223	 25.693 -2.290
 12.060	 55.728	 29.143  1.561
 10.476	 58.416	 31.380 -0.144
  7.613	 58.869	 33.908  0.873
  4.231	 59.070	 32.108  0.764
  0.627	 59.350	 33.344  0.318
 -0.550	 55.734	 33.302  0.225
 -3.874	 54.227	 34.429  0.733
 -3.364	 51.317	 36.821  1.032
 -5.993	 48.866	 38.046 -0.404
 -6.313	 49.017	 41.846  0.661
 -6.570	 45.228	 42.240 -0.986
 -2.912	 45.154	 41.166 -0.665
 -1.708	 47.812	 43.591  0.418
 -3.690	 46.227	 46.432 -0.051
 -3.276	 42.525	 46.645 -0.047
 -5.682	 40.513	 48.816 -0.701
 -8.375	 43.231	 48.823 -0.643
-10.892	 41.030	 46.973  0.430
-13.398	 41.589	 49.798  0.378
-13.841	 44.886	 47.874 -0.586
-14.652	 46.563	 44.571 -0.716
-13.380	 50.034	 43.748  0.568
-14.832	 53.139	 42.132 -0.753
-13.152	 54.106	 40.054  1.577
-11.718	 50.568	 39.559  0.273
 -8.431	 52.194	 38.401  1.321
 -6.404	 55.329	 39.161  1.182
 -4.068	 57.712	 37.311  0.489
 -0.487	 57.197	 38.443  1.157
  2.741	 58.546	 36.961  0.364
  4.747	 55.401	 35.940  1.532
  7.775	 54.236	 34.005  1.573
  7.190	 53.857	 30.254  0.526
  8.423	 53.637	 26.662  1.503
 11.531	 51.742	 25.641  1.554
 15.331	 51.760	 25.781  1.550
 15.871	 51.116	 22.039 -0.362
 17.337	 47.702	 22.708  0.300
 16.236	 44.117	 23.470 -0.104
 18.753	 43.714	 26.322 -0.575
 17.452	 46.706	 28.312 -0.521
 14.284	 47.421	 30.362 -0.252
 12.843	 50.682	 31.740  1.565
 12.536	 50.729	 35.580  0.091
 11.933	 53.065	 38.583  0.585
 14.863	 54.553	 40.544  0.281
 13.054	 57.352	 42.376 -0.521
  9.468	 57.040	 43.719  0.175
  6.858	 58.997	 45.712 -0.673
  3.484	 58.205	 47.333 -0.032
  0.202	 59.918	 46.283  0.636
 -3.088	 59.576	 48.218 -0.244
 -6.565	 59.402	 46.560  0.072
-10.293	 59.545	 47.520 -0.229
-11.605	 56.121	 46.502  0.660
-15.024	 54.473	 46.935 -1.051
-14.475	 51.142	 48.649 -0.747
-17.576	 49.063	 47.839 -0.765
-17.979	 45.771	 49.729 -2.503
-20.772	 43.999	 47.780 -1.565
-23.874	 42.965	 49.830 -2.405
-22.740	 44.698	 53.012 -2.507
-22.018	 48.336	 52.217 -2.507
-19.779	 51.118	 50.937 -1.300
-17.711	 54.147	 52.012 -0.974
-15.277	 56.717	 50.637 -1.009
-11.800	 56.169	 52.091 -0.956
 -8.272	 57.326	 51.231 -0.966
 -5.879	 54.970	 49.413  0.431
 -2.194	 55.599	 48.700 -0.749
 -0.524	 54.407	 45.494  0.185
  3.094	 54.229	 44.292 -0.114
  4.176	 56.898	 41.771  0.945
  7.400	 56.887	 39.692  1.519
  9.301	 60.250	 39.815  0.452
 12.426	 59.214	 37.890 -0.777
 13.287	 56.457	 35.407  1.503
 16.441	 54.774	 34.147 -0.335
 17.345	 52.120	 31.591  1.562
 18.909	 49.389	 33.753  0.091
 19.941	 45.909	 32.488 -0.248
 17.281	 43.178	 32.114  0.922
 16.920	 41.176	 35.335 -0.275
 19.895	 38.740	 35.339 -0.031
BRIEF 1TZI A 214              
 38.082	 56.463	 28.540       
 35.787	 53.408	 28.508       
 38.776	 51.133	 28.855       
 39.884	 48.216	 26.711       
 43.027	 46.224	 27.514       
 44.664	 44.578	 24.519       
 47.352	 41.912	 24.859       
 49.837	 41.052	 23.600       
 51.149	 44.459	 22.457       
 53.044	 42.630	 19.717       
 53.643	 39.000	 18.722       
 55.282	 36.597	 16.272       
 54.045	 33.286	 14.896       
 55.170	 31.020	 12.065       
 52.850	 30.549	  9.091       
 49.871	 28.291	  9.874       
 49.988	 28.816	 13.672       
 46.985	 29.359	 15.937       
 47.365	 33.053	 16.821       
 44.939	 34.594	 19.307       
 44.755	 38.244	 20.346       
 42.552	 39.040	 23.333       
 40.932	 42.128	 24.901       
 39.362	 43.041	 28.290       
 36.356	 45.377	 28.513       
 34.995	 47.907	 31.004       
 32.369	 47.220	 33.727       
 29.278	 46.786	 31.530       
 27.551	 43.841	 29.942       
 27.781	 45.444	 26.404       
 28.553	 43.031	 23.544       
 29.461	 45.709	 20.974       
 33.046	 44.581	 20.445       
 34.539	 45.012	 16.966       
 37.943	 44.103	 15.588       
 39.834	 45.936	 12.884       
 42.912	 45.130	 10.803       
 45.288	 47.962	 10.013       
 47.903	 47.340	  7.334       
 50.766	 49.942	  7.389       
 49.900	 53.491	  6.292       
 46.360	 52.492	  5.474       
 42.801	 52.761	  6.647       
 41.531	 50.293	  9.235       
 39.463	 47.470	  7.717       
 36.640	 45.951	  9.772       
 36.780	 42.186	 10.423       
 34.373	 41.142	 13.200       
 31.510	 42.834	 15.124       
 29.236	 42.240	 18.125       
 32.251	 40.027	 19.103       
 31.433	 37.033	 16.842       
 29.800	 38.234	 13.611       
 31.972	 38.614	 10.478       
 31.987	 41.536	  8.028       
 31.325	 40.586	  4.365       
 34.211	 39.224	  2.296       
 36.388	 38.593	  5.361       
 38.259	 35.233	  5.262       
 37.033	 32.194	  7.186       
 40.271	 32.141	  9.233       
 39.038	 34.902	 11.611       
 36.611	 34.333	 14.525       
 35.812	 35.828	 17.929       
 34.585	 35.000	 21.449       
 32.201	 37.118	 23.553       
 32.529	 35.484	 26.970       
 31.927	 37.821	 29.900       
 34.454	 40.637	 29.360       
 37.034	 38.345	 27.740       
 37.033	 38.697	 23.967       
 39.348	 36.898	 21.541       
 40.131	 37.548	 17.884       
 41.440	 34.210	 16.579       
 43.341	 33.490	 13.356       
 43.168	 29.713	 12.803       
 45.803	 29.473	 10.035       
 47.910	 32.627	 10.064       
 48.991	 33.799	  6.590       
 51.898	 35.745	  5.064       
 49.495	 38.652	  4.295       
 48.093	 38.852	  7.853       
 50.944	 41.043	  9.057       
 49.238	 44.156	 10.527       
 48.160	 45.977	 13.714       
 44.805	 44.563	 14.927       
 42.690	 46.893	 17.114       
 39.678	 45.875	 19.210       
 36.834	 48.223	 20.134       
 33.989	 48.032	 22.698       
 31.447	 50.312	 21.028       
 28.102	 49.743	 22.705       
 27.669	 53.072	 24.494       
 30.421	 55.048	 22.732       
 33.395	 54.995	 20.313       
 35.899	 56.542	 22.863       
 37.110	 52.987	 23.043       
 39.895	 51.408	 21.199       
 42.369	 48.763	 22.237       
 46.029	 49.733	 22.418       
 46.752	 47.377	 19.498       
 48.725	 44.286	 18.467       
 51.440	 44.214	 15.783       
 51.245	 40.661	 14.485       
 54.223	 39.487	 12.455       
 55.239	 36.349	 10.666       
 58.057	 34.132	 11.871       
 59.913	 32.284	  9.125       
 62.945	 30.374	  7.785       
 66.121	 32.442	  8.282       
 66.783	 34.785	  5.348       
 70.139	 36.318	  4.519       
 70.387	 39.985	  3.404       
 72.080	 40.639	  0.101       
 74.194	 43.795	  0.554       
 74.590	 46.615	 -1.986       
 76.457	 49.921	 -1.793       
 75.853	 53.131	 -3.668       
 78.441	 55.868	 -3.861       
 76.914	 59.345	 -4.056       
 75.587	 60.553	 -7.420       
 77.632	 63.025	 -9.456       
 75.076	 65.854	 -9.218       
 74.662	 65.608	 -5.407       
 78.395	 66.430	 -5.237       
 77.794	 69.295	 -7.690       
 75.700	 70.850	 -4.865       
 78.104	 69.869	 -2.059       
 76.734	 67.124	  0.134       
 77.533	 63.431	 -0.267       
 75.227	 60.595	  0.743       
 76.337	 56.946	  0.607       
 73.559	 54.364	  0.621       
 73.794	 50.806	  1.879       
 71.017	 48.296	  1.275       
 70.385	 45.021	  3.054       
 67.703	 43.689	  0.754       
 65.104	 41.093	  1.793       
 66.230	 39.440	  5.034       
 64.884	 38.126	  8.370       
 64.629	 38.839	 11.194       
 64.414	 42.649	 11.505       
 67.491	 42.964	 13.731       
 70.819	 43.681	 12.040       
 73.888	 45.836	 12.606       
 75.028	 48.061	  9.791       
 78.269	 49.847	 10.654       
 79.940	 52.540	  8.541       
 83.744	 52.634	  8.250       
 85.609	 55.303	  6.296       
 89.240	 54.109	  5.935       
 88.416	 51.622	  8.711       
 87.324	 54.583	 10.886       
 83.890	 53.889	 12.372       
 81.413	 56.754	 11.958       
 78.470	 57.649	 14.186       
 75.441	 59.909	 14.082       
 75.991	 61.019	 10.499       
 74.193	 57.818	  9.368       
 70.458	 56.933	  9.535       
 68.430	 53.726	  9.110       
 65.003	 53.029	  7.678       
 63.251	 49.637	  7.712       
 60.722	 48.347	  5.219       
 57.598	 47.017	  6.911       
 57.293	 43.185	  6.707       
 56.677	 41.924	  3.143       
 53.083	 40.732	  2.766       
 53.914	 37.738	  0.523       
 57.424	 36.547	  1.549       
 57.678	 38.045	  5.084       
 61.119	 39.633	  4.704       
 62.450	 43.063	  5.550       
 64.714	 45.560	  3.824       
 66.877	 48.278	  5.380       
 68.685	 51.355	  4.033       
 71.674	 52.803	  5.867       
 72.472	 56.329	  4.703       
 75.784	 57.978	  5.546       
 75.685	 61.680	  4.832       
 78.488	 64.291	  4.769       
 79.994	 67.487	  3.299       
 81.588	 67.337	 -0.208       
 84.806	 68.577	  1.408       
 84.690	 65.642	  3.873       
 83.983	 63.158	  1.127       
 87.154	 64.215	 -0.735       
 89.572	 63.680	  2.184       
 88.919	 59.925	  2.437       
 89.248	 56.984	 -0.009       
 87.596	 53.852	  1.382       
 83.880	 53.906	  2.147       
 82.657	 50.622	  3.566       
 79.436	 49.242	  4.965       
 79.653	 46.403	  7.521       
 76.511	 44.231	  7.705       
 76.069	 41.841	 10.635       
 73.143	 39.432	 10.698       
 72.005	 36.421	 12.719       
 71.712	 34.190	  9.613       
 75.102	 35.299	  8.284       
 78.090	 33.689	 10.007       
 80.726	 36.088	  8.651       
 80.217	 39.883	  9.159       
 79.899	 40.967	  5.502       
 81.510	 44.091	  3.983       
 80.591	 45.950	  0.791       
 82.753	 48.905	 -0.168       
 84.313	 51.077	 -2.817       
 87.210	 53.486	 -3.354       
 86.294	 57.063	 -4.383       
 85.770	 57.226	 -7.343       
 86.069	 53.757	 -8.851       
 84.132	 53.433	-11.017       
BRIEF 1TZI B 222              
 29.910	 50.584	 -4.037       
 30.400	 52.650	 -0.873       
 33.450	 54.805	 -0.383       
 34.560	 57.656	  1.836       
 36.994	 60.138	  0.398       
 38.689	 62.664	  2.574       
 40.699	 65.727	  1.654       
 42.040	 68.948	  3.132       
 44.895	 67.758	  5.333       
 48.136	 69.702	  5.068       
 50.628	 71.904	  6.892       
 49.570	 74.475	  9.456       
 51.434	 76.838	 11.761       
 50.339	 76.037	 15.345       
 47.259	 78.065	 16.352       
 45.872	 78.012	 12.829       
 43.047	 76.140	 11.217       
 42.142	 73.575	  8.602       
 38.941	 72.154	  7.166       
 38.913	 68.387	  6.620       
 36.221	 67.028	  4.357       
 34.741	 63.463	  4.144       
 32.889	 62.980	  0.820       
 30.633	 59.931	  0.916       
 29.035	 58.118	 -1.990       
 26.785	 55.077	 -2.342       
 24.751	 55.808	  0.798       
 23.267	 58.765	  2.711       
 25.388	 60.183	  5.517       
 22.043	 61.421	  6.798       
 20.991	 57.868	  7.732       
 24.304	 56.963	  9.421       
 26.752	 58.087	 12.113       
 29.918	 59.703	 10.657       
 33.177	 59.773	 12.657       
 36.631	 61.283	 12.626       
 39.317	 59.040	 14.067       
 42.976	 60.110	 14.060       
 46.380	 58.465	 14.339       
 49.593	 60.207	 15.411       
 52.791	 58.782	 13.844       
 53.488	 55.225	 15.028       
 50.738	 55.281	 17.672       
 47.252	 53.782	 17.772       
 43.719	 55.041	 17.248       
 42.046	 57.993	 18.962       
 38.422	 58.878	 18.264       
 38.046	 62.663	 17.833       
 34.400	 63.405	 17.015       
 31.154	 62.196	 15.396       
 27.937	 63.390	 13.804       
 24.616	 61.650	 13.252       
 22.543	 63.956	 11.009       
 19.230	 62.068	 11.439       
 19.392	 62.685	 15.205       
 20.982	 66.124	 15.030       
 23.474	 64.769	 17.573       
 27.247	 65.445	 17.795       
 30.093	 64.551	 20.153       
 33.720	 65.475	 20.883       
 36.666	 63.688	 22.573       
 37.793	 65.533	 25.710       
 41.169	 66.555	 24.232       
 39.564	 68.271	 21.242       
 36.283	 69.951	 22.245       
 35.862	 73.720	 22.027       
 38.188	 74.059	 19.043       
 36.996	 71.476	 16.499       
 33.398	 71.461	 15.232       
 32.203	 68.493	 13.180       
 29.357	 69.199	 10.726       
 27.447	 67.780	  7.742       
 25.855	 68.852	  4.447       
 23.617	 66.039	  3.210       
 22.834	 67.640	 -0.144       
 26.549	 67.352	 -0.950       
 26.602	 64.048	  0.999       
 29.805	 65.267	  2.690       
 30.866	 65.620	  6.332       
 33.445	 68.137	  7.596       
 35.931	 68.594	 10.473       
 36.790	 72.282	 10.962       
 39.788	 72.384	 13.304       
 40.977	 75.633	 14.894       
 43.554	 76.371	 17.565       
 45.724	 73.544	 16.329       
 48.598	 71.927	 18.227       
 51.721	 69.820	 17.725       
 50.063	 66.755	 19.335       
 47.077	 67.193	 16.967       
 49.447	 66.247	 14.125       
 48.124	 62.972	 12.690       
 46.478	 60.996	  9.912       
 42.814	 62.003	 10.225       
 40.493	 59.099	  9.249       
 36.729	 59.369	  8.814       
 34.353	 56.502	  9.461       
 30.842	 55.154	  9.268       
 29.125	 53.627	 12.274       
 25.605	 52.145	 12.181       
 23.172	 50.073	 14.243       
 23.101	 47.485	 11.415       
 26.651	 46.436	 12.153       
 26.204	 46.726	 15.948       
 28.002	 50.094	 16.398       
 31.003	 48.849	 14.427       
 32.928	 51.100	 12.021       
 32.685	 49.482	  8.611       
 33.836	 52.026	  5.979       
 36.834	 54.295	  6.513       
 38.437	 56.754	  4.156       
 41.997	 56.597	  2.877       
 42.900	 59.432	  5.201       
 44.582	 62.793	  5.111       
 47.659	 63.832	  7.018       
 47.444	 66.908	  9.203       
 50.810	 68.113	 10.429       
 51.080	 71.078	 12.780       
 54.573	 72.662	 12.698       
 56.358	 76.041	 12.345       
 58.732	 74.463	  9.868       
 58.952	 75.505	  6.255       
 57.672	 73.538	  3.307       
 60.795	 72.304	  1.463       
 60.944	 70.443	 -1.876       
 63.086	 67.269	 -2.062       
 66.063	 66.603	 -4.297       
 66.093	 63.448	 -6.444       
 69.435	 61.675	 -6.946       
 69.999	 58.483	 -8.929       
 71.385	 55.589	 -6.936       
 73.158	 54.133	 -9.909       
 73.656	 50.399	-10.493       
 77.331	 49.522	-10.394       
 79.105	 46.198	-10.066       
 78.678	 46.909	 -6.323       
 74.894	 46.695	 -6.901       
 75.206	 43.174	 -8.323       
 74.559	 39.791	 -6.665       
 74.296	 36.793	 -8.983       
 72.093	 37.846	-11.892       
 70.188	 40.578	 -9.998       
 71.175	 44.255	 -9.639       
 69.659	 46.919	 -7.394       
 69.124	 50.538	 -8.370       
 67.142	 53.420	 -7.003       
 66.454	 57.029	 -6.185       
 67.311	 59.110	 -3.142       
 64.674	 61.630	 -2.112       
 66.517	 64.103	  0.067       
 65.492	 66.924	  2.380       
 61.747	 67.742	  2.256       
 58.764	 68.787	  4.389       
 56.050	 68.119	  5.341       
 55.166	 64.543	  4.425       
 54.318	 62.757	  2.250       
 56.010	 61.768	 -1.011       
 54.939	 59.342	 -3.728       
 57.475	 57.230	 -5.590       
 56.602	 54.955	 -8.491       
 58.849	 53.394	-11.168       
 58.458	 53.594	-14.995       
 55.137	 55.389	-14.351       
 53.630	 52.316	-12.637       
 54.704	 49.547	-15.012       
 57.468	 48.399	-12.615       
 56.037	 47.255	 -9.241       
 57.977	 44.023	 -8.634       
 61.043	 44.116	 -6.395       
 60.426	 47.740	 -5.449       
 61.038	 48.759	 -1.817       
 60.169	 52.373	 -1.052       
 61.620	 53.130	  2.370       
 59.760	 54.741	  5.280       
 60.909	 58.358	  5.522       
 63.329	 59.478	  8.255       
 63.669	 62.752	 10.180       
 67.273	 64.063	  9.892       
 68.873	 66.370	 12.535       
 67.665	 69.259	 10.348       
 63.978	 68.422	 10.882       
 63.700	 67.335	  7.213       
 62.513	 63.989	  5.737       
 64.412	 61.763	  3.387       
 63.968	 58.343	  1.830       
 65.117	 56.154	 -0.976       
 63.137	 53.898	 -3.236       
 65.191	 51.089	 -4.558       
 64.246	 48.315	 -6.976       
 65.914	 44.940	 -7.707       
 65.987	 43.834	-11.383       
 67.560	 41.431	-13.853       
 71.016	 42.739	-14.810       
 70.638	 41.810	-18.483       
 68.155	 44.659	-18.853       
 70.564	 47.483	-17.885       
 71.170	 49.260	-21.202       
 68.168	 47.765	-23.028       
 65.508	 48.947	-20.499       
 65.361	 52.536	-19.170       
 64.443	 53.049	-15.488       
 62.813	 56.300	-14.283       
 61.624	 56.995	-10.759       
 58.544	 59.207	-10.494       
 58.731	 61.248	 -7.309       
 55.953	 63.571	 -6.276       
 55.817	 65.851	 -3.263       
 52.519	 67.739	 -3.746       
 53.053	 70.208	 -0.844       
 55.972	 71.852	 -2.643       
 54.674	 71.463	 -6.199       
 57.628	 69.105	 -6.781       
 57.083	 66.562	 -9.567       
 60.330	 64.840	-10.664       
 60.929	 62.094	-13.263       
 64.599	 61.083	-12.846       
 66.178	 58.443	-15.117       
 68.706	 56.037	-13.591       
 71.518	 54.636	-15.761       
 74.833	 52.871	-14.928       
 78.217	 54.644	-14.933       
 81.543	 54.787	-16.862       
