BRIEF 1UA6 Y 129              
 59.772	 26.228	 30.148  1.155
 60.874	 24.162	 27.157 -0.513
 58.087	 22.055	 25.664 -0.534
 58.660	 18.587	 24.318 -1.231
 57.441	 18.228	 20.723  0.829
 54.463	 16.026	 21.609  1.459
 53.708	 18.005	 24.760  0.040
 53.271	 21.241	 22.784  0.828
 51.224	 19.477	 20.086  1.137
 48.748	 18.271	 22.699 -0.717
 48.634	 21.679	 24.398 -0.757
 48.164	 23.521	 21.108  0.862
 45.374	 21.133	 20.105 -1.024
 43.789	 21.765	 23.495 -2.375
 44.185	 25.488	 22.764 -2.319
 42.261	 25.167	 19.486  0.904
 45.005	 25.511	 16.878 -0.935
 44.236	 22.304	 14.999 -0.390
 42.810	 23.649	 11.743 -0.417
 42.451	 27.236	 12.926 -0.343
 41.745	 29.369	  9.851 -0.556
 42.909	 26.674	  7.441 -0.052
 46.148	 25.722	  9.182 -0.848
 46.774	 22.168	 10.370  0.109
 48.298	 21.520	 13.812  0.172
 51.697	 20.604	 12.393 -0.134
 52.142	 24.187	 11.197  0.435
 51.950	 25.529	 14.740  1.086
 54.280	 22.991	 16.325  0.261
 56.789	 23.494	 13.488  1.476
 56.504	 27.272	 13.840  0.971
 57.301	 27.070	 17.563  0.744
 60.271	 24.804	 16.879 -0.657
 62.008	 27.221	 14.517 -0.130
 60.728	 30.445	 16.078  1.125
 61.678	 29.739	 19.711  1.488
 62.845	 26.109	 19.847 -1.077
 59.814	 25.384	 22.044 -0.398
 61.003	 27.825	 24.723  0.463
 58.300	 30.011	 26.321  1.330
 60.999	 32.467	 27.445 -2.369
 62.660	 33.101	 24.077  0.976
 63.203	 36.777	 23.248 -0.355
 65.041	 38.295	 20.277  0.698
 65.749	 41.981	 19.616 -1.015
 65.419	 43.172	 16.016  0.373
 67.148	 45.535	 13.566 -0.927
 64.097	 47.817	 13.384  0.448
 64.184	 48.367	 17.147 -0.271
 61.393	 45.908	 17.927  1.159
 61.626	 42.648	 19.881 -0.055
 59.938	 39.237	 19.453  0.975
 58.585	 37.508	 22.559  0.841
 57.687	 33.971	 23.565  1.481
 56.919	 30.509	 22.260  1.047
 55.640	 32.138	 19.064  1.142
 57.913	 35.196	 18.910  1.488
 55.196	 37.875	 18.941  1.439
 56.575	 41.210	 17.671  1.255
 56.560	 44.429	 19.719  0.839
 56.055	 46.774	 16.766 -0.545
 52.614	 45.500	 15.774 -0.613
 51.230	 43.068	 18.365  1.177
 52.421	 43.742	 21.914  1.483
 53.800	 46.791	 23.692 -0.208
 57.331	 46.665	 25.105 -0.243
 57.476	 50.448	 25.427 -2.014
 60.787	 50.810	 23.596 -1.880
 59.692	 50.233	 19.996 -1.052
 59.005	 53.208	 17.690 -1.001
 55.637	 53.247	 15.924 -1.911
 54.006	 50.400	 17.866 -0.214
 50.316	 49.508	 17.351 -1.289
 49.849	 46.877	 20.080  1.122
 47.148	 45.035	 18.108 -0.809
 46.891	 42.239	 20.675  1.483
 46.430	 44.951	 23.306 -0.620
 48.891	 43.425	 25.766 -0.146
 52.359	 44.014	 27.243 -0.602
 54.976	 41.797	 25.597  1.460
 56.178	 40.915	 29.086 -0.291
 52.892	 39.042	 29.521 -0.841
 53.601	 36.574	 26.700  0.670
 56.501	 34.933	 28.528 -0.077
 54.556	 32.561	 30.790 -0.180
 54.818	 28.774	 30.832  0.256
 51.075	 28.981	 30.171  0.497
 50.659	 29.352	 26.400  1.069
 47.163	 30.850	 26.704 -1.018
 48.110	 34.470	 26.011 -0.345
 50.426	 33.685	 23.112  0.665
 47.825	 31.465	 21.448  0.328
 45.128	 34.146	 21.781 -2.374
 47.391	 36.728	 20.132  1.476
 48.678	 34.304	 17.483  1.006
 45.109	 33.625	 16.410  0.305
 44.573	 37.366	 15.884 -0.662
 47.887	 37.562	 14.017  0.918
 47.039	 34.716	 11.619 -0.507
 43.616	 36.268	 11.063 -1.004
 45.248	 39.100	  9.125 -0.141
 45.588	 38.568	  5.372 -0.350
 49.229	 37.461	  5.667 -0.259
 48.259	 34.233	  7.444  1.122
 51.205	 32.385	  8.976  0.679
 53.625	 34.145	  6.612 -1.120
 53.977	 36.640	  9.474  0.970
 56.198	 34.024	 11.110  1.212
 59.466	 34.276	  9.165  0.066
 60.922	 31.052	 10.581  0.472
 57.706	 29.194	  9.780  0.945
 57.805	 30.637	  6.284 -2.233
 61.453	 29.639	  5.811 -1.089
 61.462	 26.286	  7.621 -0.715
 57.879	 24.952	  7.646  1.475
 55.856	 26.205	  4.689 -1.075
 56.160	 23.667	  1.907 -0.137
 57.375	 20.865	  4.178 -0.503
 55.508	 17.860	  5.608 -0.741
 54.295	 19.726	  8.696  0.566
 52.203	 16.747	  9.806 -0.069
 55.525	 15.087	 10.705 -0.965
 55.657	 17.386	 13.725  0.052
 52.600	 15.797	 15.333 -0.204
 53.049	 12.181	 14.208 -0.998
 54.123	  9.648	 16.822 -0.656
 52.382	 11.712	 19.497  1.479
 49.617	 10.914	 21.974 -1.690
 47.151	 13.787	 21.646 -0.199
BRIEF 1UA6 L 107              
 29.939	 26.880	  6.606       
 30.076	 25.713	 10.207       
 26.593	 25.324	 11.658       
 26.022	 26.153	 15.322       
 22.942	 24.668	 16.957       
 21.682	 26.000	 20.284       
 19.237	 24.137	 22.509       
 16.824	 24.527	 23.926       
 15.528	 27.448	 21.870       
 13.932	 28.826	 25.028       
 14.446	 28.177	 28.721       
 12.246	 29.400	 31.544       
 13.750	 29.450	 35.021       
 13.106	 30.975	 38.426       
 15.787	 33.304	 39.884       
 18.332	 31.532	 42.067       
 18.286	 28.294	 40.094       
 21.266	 27.269	 37.959       
 21.147	 26.581	 34.228       
 23.285	 25.489	 31.304       
 22.846	 26.414	 27.645       
 24.002	 24.186	 24.800       
 25.773	 25.010	 21.528       
 26.907	 22.257	 19.182       
 28.990	 22.685	 16.030       
 28.625	 20.755	 12.767       
 32.379	 20.131	 12.850       
 35.154	 20.428	 15.441       
 36.171	 23.987	 16.262       
 38.646	 23.302	 19.067       
 38.124	 25.963	 21.731       
 37.147	 28.668	 19.230       
 33.647	 29.266	 20.553       
 32.515	 32.530	 22.153       
 29.364	 33.380	 24.115       
 27.317	 36.548	 23.786       
 24.398	 37.971	 25.719       
 21.898	 40.315	 24.076       
 19.042	 42.246	 25.675       
 16.326	 44.288	 23.965       
 17.403	 47.641	 22.515       
 21.011	 46.701	 23.290       
 24.019	 45.372	 21.400       
 25.523	 41.931	 22.079       
 27.927	 41.639	 25.029       
 30.825	 39.179	 25.141       
 30.510	 36.888	 28.184       
 33.057	 34.139	 27.555       
 35.787	 33.885	 24.931       
 37.469	 30.730	 23.628       
 35.046	 28.300	 25.288       
 36.045	 28.993	 28.883       
 38.126	 32.162	 29.213       
 36.690	 34.818	 31.509       
 36.008	 38.411	 30.496       
 36.658	 41.235	 32.969       
 33.534	 43.111	 34.000       
 31.270	 40.075	 33.599       
 29.599	 38.545	 36.679       
 31.599	 35.511	 37.801       
 28.438	 33.385	 37.900       
 28.971	 32.920	 34.148       
 31.268	 30.120	 33.013       
 31.810	 28.051	 29.902       
 33.160	 24.614	 29.078       
 33.408	 22.160	 26.236       
 35.675	 21.512	 23.271       
 35.439	 20.084	 19.769       
 31.757	 20.064	 18.844       
 29.994	 20.427	 22.213       
 30.001	 23.594	 24.324       
 28.096	 24.808	 27.342       
 27.399	 28.155	 28.963       
 26.643	 27.749	 32.653       
 24.968	 30.291	 34.902       
 25.249	 29.700	 38.656       
 22.245	 31.150	 40.481       
 20.415	 32.992	 37.701       
 19.590	 36.625	 38.486       
 16.852	 38.705	 36.840       
 19.411	 40.864	 35.022       
 20.317	 37.670	 33.135       
 17.041	 37.298	 31.237       
 17.512	 37.766	 27.506       
 19.173	 36.103	 24.512       
 22.386	 34.082	 24.473       
 24.360	 33.433	 21.312       
 27.435	 31.336	 20.686       
 29.730	 32.282	 17.809       
 32.655	 30.400	 16.270       
 35.871	 31.947	 14.940       
 37.606	 28.719	 13.907       
 36.790	 29.109	 10.222       
 35.783	 31.866	  7.832       
 32.973	 32.883	  7.677       
 32.411	 33.310	 11.414       
 28.922	 32.072	 12.279       
 26.421	 32.429	 15.130       
 24.104	 29.907	 16.738       
 20.355	 30.485	 16.498       
 20.266	 31.659	 20.096       
 18.639	 30.493	 23.326       
 16.149	 32.731	 25.092       
 16.288	 32.954	 28.883       
 13.130	 34.237	 30.582       
 11.591	 34.093	 34.069       
  9.351	 31.105	 34.784       
BRIEF 1UA6 H 114              
 38.373	 54.494	 26.709       
 36.982	 53.226	 23.376       
 33.462	 53.940	 22.079       
 31.850	 53.009	 18.736       
 28.830	 54.594	 17.038       
 27.022	 53.764	 13.788       
 25.485	 56.473	 11.617       
 23.799	 56.555	  8.223       
 20.384	 56.388	  6.485       
 17.750	 54.302	  8.256       
 15.576	 53.892	  5.153       
 16.815	 52.815	  1.702       
 15.382	 51.721	 -1.650       
 15.644	 48.270	 -3.217       
 18.549	 48.041	 -5.683       
 20.553	 50.885	 -4.152       
 23.745	 50.752	 -2.123       
 23.317	 50.825	  1.656       
 26.192	 52.613	  3.360       
 26.912	 52.933	  7.060       
 29.647	 54.616	  9.055       
 31.171	 53.569	 12.369       
 32.948	 56.346	 14.236       
 35.597	 55.268	 16.747       
 36.494	 57.403	 19.771       
 39.146	 56.645	 22.378       
 41.901	 55.270	 20.156       
 43.168	 54.989	 16.581       
 41.447	 52.595	 14.195       
 44.889	 51.452	 13.039       
 45.198	 49.777	 16.436       
 42.582	 47.050	 15.893       
 40.633	 44.835	 13.465       
 37.118	 46.148	 12.730       
 33.882	 44.270	 12.010       
 30.260	 44.561	 10.902       
 27.462	 42.305	 12.182       
 23.732	 42.529	 11.510       
 20.611	 41.145	 13.166       
 17.585	 40.030	 11.151       
 14.060	 39.696	 12.533       
 13.762	 36.544	 14.628       
 17.085	 36.976	 16.445       
 19.188	 35.812	 13.502       
 22.737	 37.190	 13.643       
 25.061	 37.264	 10.649       
 28.736	 38.162	 10.693       
 29.267	 40.340	  7.608       
 33.028	 40.737	  7.532       
 36.024	 42.486	  9.050       
 39.046	 44.526	  8.051       
 42.451	 44.083	  9.674       
 44.830	 46.830	 10.732       
 46.804	 46.119	  7.576       
 43.809	 46.547	  5.278       
 43.014	 42.885	  4.574       
 39.291	 42.309	  4.183       
 37.210	 39.220	  4.818       
 33.624	 39.043	  3.587       
 30.941	 36.467	  4.330       
 30.141	 34.524	  1.117       
 26.461	 34.803	  2.060       
 26.652	 38.410	  0.902       
 27.523	 37.289	 -2.632       
 30.340	 39.833	 -2.912       
 27.959	 42.807	 -2.651       
 29.872	 44.085	  0.373       
 32.774	 46.469	  0.800       
 34.487	 47.493	  4.025       
 36.862	 50.465	  3.981       
 38.595	 52.791	  6.449       
 39.522	 56.473	  6.831       
 42.282	 56.918	  9.403       
 42.159	 60.713	  9.279       
 38.495	 60.537	 10.301       
 39.043	 57.524	 12.564       
 36.069	 55.814	 10.939       
 35.486	 52.682	  8.904       
 32.600	 51.899	  6.610       
 30.142	 49.371	  5.259       
 28.870	 49.376	  1.676       
 26.289	 46.828	  0.557       
 25.223	 47.038	 -3.083       
 21.927	 46.077	 -4.738       
 19.988	 45.629	 -1.505       
 16.579	 43.966	 -1.277       
 14.041	 43.612	  1.531       
 16.183	 40.677	  2.698       
 18.760	 43.237	  3.856       
 16.471	 44.952	  6.353       
 18.188	 44.440	  9.707       
 19.886	 46.039	 12.693       
 23.481	 46.816	 11.768       
 26.262	 46.909	 14.361       
 29.940	 47.698	 14.222       
 32.294	 46.181	 16.767       
 35.970	 45.409	 17.034       
 37.126	 41.918	 16.041       
 37.558	 40.810	 19.669       
 33.942	 41.605	 20.498       
 34.788	 43.857	 23.455       
 33.505	 47.067	 21.873       
 30.141	 47.390	 20.112       
 28.176	 50.250	 18.602       
 24.531	 50.892	 19.554       
 23.294	 49.206	 16.414       
 21.162	 50.981	 13.846       
 18.058	 49.701	 12.087       
 18.035	 50.004	  8.314       
 14.833	 49.191	  6.461       
 14.818	 48.414	  2.744       
 11.489	 49.355	  1.179       
 10.076	 50.630	 -2.103       
  8.429	 53.202	  0.165       
