BRIEF 1UAC Y 129              
 -2.708	 36.742	-19.428  1.169
 -1.363	 38.625	-22.425 -0.506
 -0.901	 42.275	-21.455 -0.584
 -1.110	 45.283	-23.703 -1.175
  1.870	 47.653	-23.734  0.889
  0.461	 50.582	-21.764  1.450
 -1.526	 48.197	-19.570  0.091
  1.729	 46.486	-18.577  0.767
  3.328	 49.896	-18.228  1.131
  0.642	 50.938	-15.845 -0.787
  1.038	 47.884	-13.772 -0.740
  4.813	 48.272	-13.527  0.871
  4.456	 51.941	-12.586 -1.131
  2.066	 51.257	 -9.746 -2.436
  4.349	 48.460	 -8.567 -2.346
  7.409	 50.680	 -8.336  0.874
  9.599	 49.938	-11.362 -1.023
  9.866	 53.395	-12.882 -0.394
 13.410	 54.439	-12.079 -0.472
 13.879	 51.560	 -9.666 -0.316
 17.630	 51.621	 -8.976 -0.588
 17.828	 54.067	-11.821 -0.029
 16.079	 52.099	-14.579 -0.785
 13.322	 54.111	-16.317  0.182
 10.002	 52.314	-16.823  0.167
 10.704	 51.754	-20.463 -0.136
 13.501	 49.358	-19.519  0.518
 11.192	 46.785	-17.990  1.098
  8.408	 47.108	-20.593  0.315
 11.177	 46.598	-23.154  1.484
 12.590	 43.547	-21.366  0.969
  9.195	 41.879	-21.071  0.724
  8.343	 42.549	-24.708 -0.598
 11.388	 40.674	-25.810 -0.119
 11.522	 38.138	-23.015  1.139
  7.931	 36.995	-23.319  1.511
  5.923	 39.209	-25.636 -1.139
  4.003	 40.333	-22.582 -0.468
  2.587	 36.865	-21.791  0.510
  2.432	 35.653	-18.164  1.348
  2.270	 31.956	-19.140 -2.414
  5.489	 32.066	-21.147  1.031
  7.747	 29.134	-20.263 -0.373
 11.035	 27.950	-21.797 -0.247
 12.983	 24.847	-20.924 -0.935
 16.756	 24.903	-21.184  0.381
 19.453	 22.231	-21.727 -0.973
 20.509	 22.598	-18.104  0.617
 17.160	 21.283	-16.864 -0.057
 15.986	 24.716	-15.841  1.086
 13.010	 26.635	-17.116 -0.073
 12.363	 30.326	-17.625  1.010
  9.007	 31.479	-16.315  0.861
  6.597	 34.264	-16.905  1.503
  6.482	 37.791	-18.273  0.978
 10.128	 38.396	-17.473  1.197
 11.222	 34.792	-18.131  1.510
 12.857	 34.239	-14.743  1.431
 15.131	 31.199	-14.532  1.253
 14.628	 28.410	-12.088  0.844
 18.292	 27.646	-11.573 -0.636
 18.892	 30.757	 -9.589 -0.607
 15.699	 32.580	 -8.907  1.189
 12.789	 30.301	 -8.153  1.484
 11.956	 26.770	 -7.061 -0.181
 10.167	 24.631	 -9.583 -0.314
 10.713	 21.203	 -7.986 -1.541
 12.764	 19.851	-10.884 -1.355
 15.831	 21.972	-11.377 -0.893
 19.245	 20.680	-10.339 -1.057
 20.907	 22.865	 -7.762 -2.179
 18.124	 25.377	 -7.504  0.467
 19.185	 28.465	 -5.611 -1.195
 15.669	 29.975	 -5.359  1.113
 17.007	 33.492	 -4.710 -0.861
 13.546	 35.092	 -4.767  1.506
 12.430	 32.428	 -2.313 -0.669
  9.300	 31.560	 -4.326 -0.014
  7.652	 28.715	 -6.322 -0.711
  8.203	 29.320	-10.074  1.482
  4.505	 28.811	-10.528 -0.217
  3.888	 32.133	 -8.707 -0.977
  5.573	 33.903	-11.541  0.628
  2.800	 32.634	-13.821  0.043
  0.123	 34.807	-12.260 -0.134
 -2.042	 37.196	-14.255  0.321
 -1.071	 39.556	-11.516  0.530
  2.569	 40.455	-12.001  1.132
  3.459	 41.267	 -8.362 -1.036
  5.602	 38.213	 -7.686 -0.238
  7.395	 38.650	-11.030  0.745
  7.978	 42.292	-10.294  0.352
  9.227	 41.681	 -6.742 -2.436
 11.693	 39.088	 -8.013  1.499
 12.797	 41.221	-10.945  1.056
 13.741	 43.939	 -8.449  0.342
 15.887	 41.435	 -6.564 -0.552
 17.509	 40.394	 -9.836  0.924
 18.072	 43.991	-10.861 -0.589
 19.686	 44.494	 -7.426 -1.003
 22.288	 41.931	 -8.322 -0.252
 25.767	 42.866	 -9.547 -0.307
 24.738	 42.756	-13.213 -0.219
 21.685	 45.009	-12.802  1.139
 19.305	 44.547	-15.715  0.665
 21.998	 42.906	-17.823 -1.282
 20.793	 39.715	-16.060  0.991
 18.208	 39.651	-18.851  1.229
 19.834	 38.624	-22.141 -0.036
 17.067	 40.235	-24.131  0.399
 17.435	 43.498	-22.261  0.947
 21.162	 43.713	-22.886 -2.238
 20.647	 42.741	-26.514 -1.144
 17.775	 44.964	-27.543 -0.616
 16.863	 47.420	-24.787  1.498
 20.177	 48.557	-23.340 -1.104
 21.606	 51.536	-25.202  0.153
 18.427	 52.512	-27.088 -0.721
 15.610	 55.057	-26.473 -0.652
 13.812	 52.943	-23.917 -0.606
 11.256	 55.758	-23.416 -0.177
  9.839	 54.588	-26.763 -0.648
  8.265	 51.650	-24.976 -0.240
  6.038	 53.800	-22.857 -0.365
  5.216	 56.552	-25.339 -0.911
  1.522	 56.649	-26.100 -0.703
  0.813	 55.699	-22.457  1.500
 -0.514	 58.184	-19.931 -1.522
  1.522	 57.579	-16.818 -0.259
BRIEF 1UAC L 107              
 20.737	 60.042	 -1.660       
 17.065	 59.688	 -0.753       
 16.166	 61.010	  2.667       
 13.332	 59.601	  4.679       
 11.540	 61.689	  7.244       
  8.969	 60.327	  9.660       
  6.485	 62.202	 11.805       
  5.708	 62.472	 14.502       
  8.905	 61.652	 16.412       
  7.015	 60.227	 19.375       
  3.386	 59.134	 19.188       
  1.334	 58.499	 22.321       
 -1.874	 56.473	 22.135       
 -4.125	 54.636	 24.564       
 -4.392	 50.841	 24.145       
 -7.180	 49.741	 21.835       
 -6.928	 53.023	 19.941       
 -5.994	 53.436	 16.262       
 -2.878	 54.990	 14.826       
 -1.268	 56.202	 11.607       
  2.435	 56.858	 11.235       
  4.007	 58.798	  8.380       
  7.102	 58.180	  6.365       
  7.955	 60.662	  3.615       
 10.731	 60.519	  0.974       
 12.640	 63.568	 -0.408       
 12.012	 62.422	 -3.966       
  9.783	 59.606	 -5.327       
 10.583	 55.993	 -4.394       
  7.646	 54.284	 -6.199       
  6.279	 51.594	 -3.808       
  9.700	 50.691	 -2.498       
  9.114	 51.597	  1.077       
  9.354	 48.922	  3.777       
  8.296	 49.085	  7.381       
 10.032	 47.778	 10.488       
  9.057	 47.720	 14.173       
 11.771	 47.377	 16.849       
 11.239	 46.723	 20.564       
 13.619	 46.894	 23.530       
 16.436	 44.322	 23.307       
 15.177	 42.938	 19.966       
 16.249	 43.494	 16.360       
 13.899	 44.920	 13.685       
 11.000	 42.792	 12.339       
  9.661	 43.378	  8.776       
  5.970	 44.389	  9.075       
  5.140	 45.473	  5.544       
  7.003	 45.118	  2.203       
  6.750	 47.544	 -0.735       
  4.417	 50.133	  0.779       
  1.422	 47.865	  1.251       
  2.440	 44.197	  0.943       
  1.670	 41.984	  3.909       
  4.331	 39.765	  5.546       
  3.771	 36.159	  6.696       
  2.877	 35.973	 10.405       
  2.393	 39.735	 10.930       
 -0.807	 40.539	 12.742       
 -3.434	 42.066	 10.454       
 -3.697	 45.246	 12.510       
 -0.566	 46.274	 10.622       
 -1.392	 47.947	  7.313       
  0.701	 50.152	  5.056       
 -0.285	 52.552	  2.304       
  0.772	 55.265	 -0.121       
  3.116	 55.712	 -3.071       
  5.524	 58.244	 -4.571       
  6.764	 60.261	 -1.617       
  3.925	 60.023	  0.891       
  3.564	 56.817	  2.977       
  1.599	 55.610	  6.012       
  1.749	 52.703	  8.454       
 -1.550	 52.008	 10.161       
 -2.107	 50.034	 13.288       
 -5.713	 49.171	 14.083       
 -6.307	 49.304	 17.833       
 -2.717	 49.171	 19.042       
 -1.795	 46.715	 21.751       
  0.622	 46.887	 24.678       
  3.173	 44.835	 22.798       
  2.881	 47.201	 19.861       
  4.621	 49.939	 21.774       
  8.133	 50.383	 20.402       
 10.110	 52.071	 17.603       
  8.885	 52.009	 13.996       
 11.150	 52.572	 11.023       
 10.614	 53.093	  7.300       
 13.403	 52.187	  4.769       
 13.659	 52.760	  1.015       
 15.017	 50.361	 -1.630       
 14.425	 52.302	 -4.827       
 17.773	 54.090	 -4.589       
 21.284	 53.023	 -3.555       
 22.270	 53.640	 -0.818       
 19.252	 52.254	  0.959       
 18.149	 54.707	  3.663       
 16.005	 54.547	  6.858       
 13.644	 57.062	  8.458       
 14.608	 58.450	 11.871       
 11.812	 56.487	 13.468       
  8.678	 57.195	 15.480       
  8.238	 56.088	 19.125       
  4.892	 54.482	 19.969       
  4.359	 55.099	 23.692       
  1.412	 55.179	 26.084       
 -0.638	 58.256	 26.961       
BRIEF 1UAC H 114              
 14.034	 28.316	 10.344       
 16.593	 30.906	  9.221       
 18.736	 32.340	 12.040       
 21.617	 34.866	 11.797       
 24.205	 35.669	 14.506       
 26.981	 38.275	 14.726       
 30.250	 37.787	 16.602       
 33.514	 39.691	 16.901       
 35.167	 42.040	 19.451       
 33.171	 44.676	 21.341       
 36.030	 47.075	 21.854       
 37.798	 48.740	 18.946       
 40.331	 51.548	 19.011       
 40.575	 54.447	 16.534       
 42.483	 53.671	 13.293       
 41.979	 49.966	 14.051       
 39.753	 47.710	 11.942       
 36.438	 46.608	 13.498       
 35.728	 43.060	 12.299       
 32.507	 41.141	 12.555       
 31.260	 37.803	 11.344       
 27.702	 36.743	 10.539       
 27.046	 33.017	 10.849       
 23.983	 31.823	  8.930       
 21.660	 29.000	  9.895       
 18.855	 27.328	  7.932       
 20.004	 28.069	  4.397       
 23.058	 28.385	  2.191       
 24.505	 31.889	  2.138       
 24.977	 31.288	 -1.609       
 21.178	 31.120	 -1.817       
 20.477	 34.714	 -0.813       
 21.633	 38.380	 -0.694       
 23.113	 39.398	  2.718       
 23.409	 42.827	  4.430       
 25.165	 44.804	  7.180       
 23.200	 47.495	  9.082       
 24.297	 49.622	 12.026       
 22.385	 51.659	 14.639       
 24.014	 54.660	 16.379       
 22.657	 56.072	 19.690       
 20.230	 58.532	 18.140       
 18.009	 55.656	 17.017       
 19.789	 56.173	 13.726       
 20.015	 53.223	 11.353       
 22.537	 53.224	  8.514       
 22.632	 50.673	  5.686       
 26.302	 49.705	  5.302       
 26.053	 47.425	  2.310       
 25.084	 44.072	  0.977       
 26.560	 41.115	 -0.991       
 24.595	 39.231	 -3.653       
 24.584	 35.534	 -4.674       
 27.973	 35.466	 -6.426       
 29.853	 37.871	 -4.131       
 28.988	 41.107	 -5.870       
 29.132	 43.922	 -3.307       
 27.280	 47.204	 -2.724       
 28.796	 49.668	 -0.340       
 27.276	 52.818	  1.085       
 29.244	 55.872	 -0.127       
 29.064	 57.186	  3.453       
 31.630	 54.697	  4.609       
 34.776	 56.640	  3.775       
 35.975	 53.735	  1.530       
 36.782	 51.718	  4.679       
 34.414	 48.828	  4.128       
 34.666	 45.308	  2.763       
 32.138	 42.523	  2.935       
 33.536	 39.103	  2.203       
 32.282	 35.590	  2.860       
 33.216	 31.948	  3.389       
 30.559	 29.802	  1.736       
 31.950	 26.612	  3.215       
 31.463	 28.102	  6.662       
 28.074	 29.674	  5.904       
 29.633	 32.879	  7.190       
 30.029	 36.419	  5.806       
 32.048	 39.256	  7.343       
 32.238	 42.992	  7.821       
 35.671	 44.699	  7.830       
 35.719	 48.440	  8.597       
 39.073	 50.164	  8.317       
 40.253	 53.265	 10.185       
 37.471	 53.509	 12.765       
 36.642	 56.380	 15.111       
 34.375	 56.983	 18.090       
 31.768	 57.880	 15.443       
 31.796	 54.196	 14.524       
 30.294	 53.334	 17.908       
 27.118	 51.449	 17.021       
 24.957	 48.336	 17.385       
 25.841	 46.098	 14.395       
 23.389	 43.708	 12.736       
 23.566	 41.271	  9.877       
 20.311	 40.480	  8.053       
 19.072	 39.090	  4.781       
 18.528	 41.526	  1.956       
 14.761	 41.084	  2.047       
 14.760	 42.046	  5.778       
 12.843	 38.979	  6.883       
 15.690	 37.909	  9.122       
 18.145	 39.888	 11.245       
 20.878	 39.014	 13.674       
 20.113	 40.018	 17.228       
 22.712	 42.773	 16.960       
 26.032	 43.370	 18.687       
 27.269	 46.496	 20.440       
 30.792	 47.439	 19.289       
 32.287	 50.553	 20.956       
 35.187	 52.701	 19.704       
 36.937	 55.241	 21.945       
 40.493	 54.539	 23.068       
 39.670	 51.889	 24.026       
