BRIEF 1UJ3 C 205              
 12.299	  3.090	 26.547  1.105
 13.209	  6.679	 25.624  1.741
 11.497	  9.439	 27.601  0.228
  9.442	 11.781	 25.451  1.767
 10.916	 15.165	 24.563 -0.225
 10.020	 18.377	 22.671  1.399
  6.536	 18.385	 24.136  1.032
  4.869	 21.243	 22.258  0.478
  1.282	 22.512	 22.035  0.907
 -0.422	 23.017	 18.680 -0.881
 -3.552	 25.100	 19.074  1.533
 -5.853	 27.036	 16.733 -0.297
 -9.226	 28.416	 17.783  1.593
 -8.921	 26.221	 20.846  0.612
 -8.567	 22.900	 19.000  0.565
 -5.539	 21.740	 20.941  1.155
 -3.064	 18.942	 20.375  0.617
  0.051	 18.100	 22.358  1.420
  2.845	 16.816	 20.129 -0.170
  6.162	 15.283	 21.128  1.759
  9.249	 13.250	 20.297  0.027
 10.248	 10.630	 19.342  0.838
  8.407	  8.289	 16.989 -0.282
  8.132	  5.166	 19.224 -0.393
 10.458	  2.175	 18.869 -0.598
  9.208	 -0.736	 20.988  0.294
  7.290	  1.649	 23.224  0.718
  3.909	  3.296	 23.660  0.106
  2.820	  6.507	 25.371  1.683
  0.102	  7.501	 27.773  1.088
 -0.658	 11.226	 28.015  1.765
 -1.968	 13.037	 31.077  0.683
 -3.351	 16.568	 31.432  0.628
 -4.027	 18.448	 34.655 -1.394
 -5.897	 21.681	 35.292 -2.156
 -2.818	 22.867	 37.200 -0.869
 -4.882	 21.854	 40.232 -1.665
 -2.487	 18.927	 40.280 -1.158
 -4.972	 16.083	 39.758 -0.988
 -3.814	 14.479	 36.490  0.647
 -6.001	 12.709	 33.956 -0.363
 -4.777	 10.273	 31.317 -0.732
 -6.347	 10.972	 27.933  0.517
 -4.336	  9.058	 25.335  1.524
 -3.538	  5.505	 26.466 -0.197
 -0.750	  3.225	 25.234  0.355
 -0.550	  4.855	 21.850  0.720
  2.126	  4.769	 19.191  0.129
  1.046	  8.242	 18.026 -0.965
  3.267	 11.178	 18.962  0.759
  0.343	 13.590	 19.422 -0.367
 -2.750	 13.714	 21.649  1.528
 -5.862	 15.832	 21.065  1.238
 -6.661	 17.470	 24.410  1.233
 -9.360	 19.851	 23.153  1.454
-11.955	 18.119	 25.336 -0.223
-10.086	 19.134	 28.454 -0.468
 -8.828	 22.640	 27.727 -1.338
-12.218	 23.851	 26.425  0.347
-13.724	 23.134	 29.834 -0.517
-12.056	 26.389	 30.914  0.334
-10.014	 28.249	 28.287 -0.570
 -8.669	 30.794	 30.768 -1.152
 -7.336	 28.124	 33.140 -0.314
 -3.715	 27.067	 32.644 -0.159
 -2.969	 23.453	 31.746  1.288
 -0.171	 21.000	 32.373 -0.540
  0.420	 17.809	 30.410  0.807
  2.826	 14.868	 30.734  1.175
  3.705	 11.952	 28.473  1.760
  4.532	  8.516	 29.865  0.676
  6.772	  6.035	 28.037  1.471
  6.069	  2.283	 28.272 -1.568
  7.846	 -0.779	 26.791  0.764
  5.927	 -2.314	 23.892 -0.568
  5.836	 -5.665	 22.163 -0.453
  7.705	 -8.866	 22.952 -1.457
 10.662	 -7.260	 24.716 -0.335
 12.408	 -6.798	 28.060 -0.671
 11.767	 -3.756	 30.266 -0.016
 14.208	 -0.834	 30.766 -0.312
 13.735	 -1.254	 34.511 -0.130
 11.704	 -3.537	 36.787 -0.458
  8.334	 -2.685	 35.222 -1.023
  7.967	  0.058	 37.835 -0.264
  8.262	  3.844	 37.472  1.505
  7.922	  4.575	 33.733 -1.076
  9.807	  7.411	 32.069  0.231
  7.609	 10.490	 31.725  0.531
  7.967	 14.185	 30.930 -1.687
  5.919	 17.314	 31.579  0.818
  4.882	 19.798	 28.881 -0.230
  5.172	 23.572	 28.926 -1.963
  2.213	 25.365	 30.485 -0.534
 -0.715	 26.272	 28.290  0.906
 -3.461	 28.814	 28.790 -0.405
 -5.757	 28.439	 25.734  0.866
 -7.303	 31.940	 25.822 -1.051
 -3.896	 33.571	 25.743 -1.837
 -2.011	 31.174	 23.492  0.286
 -4.294	 29.469	 21.047  1.378
 -3.722	 30.784	 17.536  0.089
 -6.495	 32.717	 15.800  0.995
 -7.749	 30.738	 12.840  0.691
 -7.878	 32.288	  9.378  1.260
-11.142	 34.237	  8.971  1.739
-13.559	 33.754	  6.092 -1.254
-15.647	 36.525	  4.517  1.171
-19.201	 35.182	  4.382 -0.096
-20.826	 37.777	  2.141  0.457
-21.037	 41.217	  0.556  0.043
-24.272	 43.111	  0.237 -0.235
-25.188	 46.698	 -0.520 -0.996
-27.071	 48.277	  2.395 -1.074
-28.164	 51.869	  1.822 -0.258
-25.119	 53.624	  0.404 -0.621
-22.699	 51.132	  2.037  0.896
-21.472	 47.651	  1.288  1.175
-22.008	 45.322	  4.262 -0.322
-19.087	 42.867	  4.450  1.166
-19.949	 40.006	  6.789 -0.456
-17.329	 37.787	  8.436  0.895
-18.259	 34.178	  9.193 -0.104
-18.603	 33.785	 12.978  0.595
-16.670	 30.524	 13.162  1.311
-17.990	 28.171	 15.825 -1.409
-15.394	 26.537	 18.077  0.185
-15.435	 23.395	 20.202 -0.815
-15.682	 25.502	 23.370 -1.525
-19.143	 25.131	 24.919 -0.363
-21.032	 27.192	 27.493 -1.712
-24.176	 25.606	 28.999 -1.110
-24.384	 23.368	 25.889 -1.791
-24.006	 25.819	 23.000 -1.547
-20.896	 25.706	 20.830 -1.332
-19.306	 29.120	 21.228 -2.131
-18.274	 31.138	 18.214 -0.666
-14.917	 32.834	 18.368 -0.486
-16.802	 36.110	 19.080 -0.742
-18.571	 34.560	 22.059 -0.810
-15.263	 33.514	 23.536 -0.415
-13.326	 36.734	 23.135 -0.026
-16.121	 39.272	 23.181 -0.952
-14.648	 42.685	 22.366 -0.448
-11.043	 41.532	 22.798 -0.230
-11.262	 40.456	 19.152  0.259
-11.136	 42.870	 16.222 -1.532
-11.582	 41.937	 12.573  1.504
 -9.606	 44.163	 10.277 -0.511
-10.719	 44.466	  6.674  0.902
 -8.439	 45.476	  3.784 -1.081
-10.121	 46.436	  0.522  0.778
 -9.065	 47.919	 -2.776 -0.334
-10.034	 48.425	 -6.405  0.195
 -8.076	 45.819	 -8.399  0.083
 -7.344	 48.508	-10.987  0.022
 -5.639	 51.011	 -8.652  0.309
 -4.582	 48.804	 -5.761 -0.839
 -5.187	 51.813	 -3.477 -1.885
 -5.788	 50.184	 -0.057 -1.280
 -8.376	 51.153	  2.580 -1.162
 -8.815	 49.480	  5.954 -0.810
-11.673	 49.187	  8.453 -2.188
-12.214	 47.587	 11.833 -0.616
-15.058	 46.028	 13.674 -0.354
-15.484	 44.217	 16.942 -0.244
-18.690	 42.505	 15.748  0.468
-18.606	 40.374	 12.539 -0.517
-20.000	 43.212	 10.383 -0.263
-18.423	 45.972	  8.337  0.179
-20.312	 48.794	  6.577  0.357
-17.919	 50.532	  4.134 -1.421
-18.050	 52.862	  1.072 -0.164
-16.858	 51.495	 -2.297  1.389
-17.021	 53.303	 -5.670 -0.211
-19.963	 52.002	 -7.735  0.429
-19.349	 49.685	-10.689 -0.165
-15.726	 49.004	 -9.862  0.586
-14.144	 45.659	 -9.072  0.106
-12.901	 45.540	 -5.489  1.507
-10.815	 42.946	 -3.658  1.358
-11.231	 42.208	  0.034  1.030
 -9.241	 40.405	  2.723  0.747
 -9.995	 40.107	  6.433  1.414
 -7.707	 39.528	  9.395  0.299
 -8.411	 38.679	 13.032  0.872
 -6.565	 40.362	 15.897 -1.892
 -6.735	 40.154	 19.725  0.104
 -5.666	 43.682	 20.757 -0.243
 -4.767	 42.747	 24.332  0.241
 -2.121	 40.233	 23.195 -1.849
  1.529	 41.271	 22.812 -1.128
  2.564	 38.268	 20.724 -2.065
  0.714	 35.995	 18.273 -0.264
 -2.032	 38.581	 18.239  0.524
 -2.820	 38.321	 14.539 -1.006
 -4.356	 35.565	 12.372  1.246
 -3.288	 35.006	  8.789 -0.803
 -5.420	 36.883	  6.231 -0.322
 -8.510	 35.362	  4.635  1.767
 -7.971	 34.576	  0.943 -0.861
 -8.270	 37.689	 -1.246 -0.425
-11.837	 37.853	 -2.566  0.089
-12.196	 40.202	 -5.578  1.765
-15.956	 40.726	 -6.159  1.192
BRIEF 1UJ3 A 214              
-14.197	 59.822	  4.713       
-14.929	 60.932	  8.268       
-14.521	 64.469	  9.584       
-13.817	 65.091	 13.258       
-14.743	 68.416	 14.822       
-13.003	 68.969	 18.116       
-13.928	 71.802	 20.459       
-13.115	 74.109	 22.062       
 -9.792	 74.898	 20.333       
 -8.648	 76.445	 23.611       
 -9.715	 76.370	 27.224       
 -8.638	 78.062	 30.451       
 -8.662	 76.240	 33.742       
 -7.251	 76.212	 37.286       
 -5.772	 73.352	 39.279       
 -8.582	 71.256	 40.723       
-11.070	 72.117	 37.949       
-13.019	 69.640	 35.886       
-12.841	 70.340	 32.153       
-14.534	 68.727	 29.178       
-13.287	 68.470	 25.608       
-15.573	 67.340	 22.769       
-15.166	 65.606	 19.397       
-18.037	 65.082	 16.983       
-17.615	 62.724	 14.075       
-19.366	 63.244	 10.697       
-20.838	 59.734	 11.013       
-21.228	 57.036	 13.671       
-17.715	 55.751	 14.424       
-18.811	 52.990	 16.803       
-16.549	 54.102	 19.612       
-13.303	 53.803	 17.621       
-12.338	 57.133	 19.135       
 -9.197	 57.604	 21.207       
 -7.602	 60.540	 22.976       
 -4.033	 61.685	 23.190       
 -2.153	 64.254	 25.227       
  0.853	 66.121	 23.854       
  3.200	 68.562	 25.541       
  5.571	 70.997	 23.737       
  8.251	 69.150	 21.784       
  7.068	 65.755	 23.012       
  5.403	 62.934	 21.113       
  1.689	 62.353	 21.775       
  0.709	 59.877	 24.504       
 -2.324	 57.590	 24.536       
 -4.871	 58.485	 27.215       
 -8.160	 56.825	 26.346       
 -9.102	 54.291	 23.633       
-12.381	 52.914	 22.341       
-14.045	 56.035	 23.680       
-13.944	 55.184	 27.406       
-11.137	 52.761	 28.181       
 -8.300	 54.253	 30.228       
 -4.871	 53.233	 28.939       
 -2.371	 51.417	 31.144       
 -1.019	 53.695	 33.861       
 -2.924	 56.798	 32.737       
 -4.312	 58.805	 35.716       
 -7.930	 58.300	 36.754       
 -8.284	 62.083	 36.407       
 -8.841	 61.281	 32.691       
-12.138	 59.749	 31.588       
-13.936	 59.501	 28.278       
-17.541	 59.079	 27.303       
-19.695	 58.643	 24.224       
-20.889	 56.544	 21.288       
-22.369	 57.310	 17.887       
-20.952	 60.605	 16.642       
-20.350	 62.494	 19.907       
-17.494	 61.881	 22.347       
-15.976	 63.648	 25.312       
-12.726	 63.657	 27.217       
-13.122	 64.943	 30.762       
-10.213	 65.874	 33.030       
-11.071	 66.049	 36.744       
 -8.974	 67.405	 39.618       
 -6.933	 69.126	 36.941       
 -3.254	 69.039	 37.954       
 -0.279	 71.188	 36.773       
  1.107	 68.354	 34.584       
 -2.310	 68.259	 32.831       
 -1.944	 71.632	 31.071       
 -1.141	 70.509	 27.539       
 -2.819	 69.950	 24.172       
 -5.272	 67.111	 23.586       
 -6.344	 65.377	 20.395       
 -9.042	 62.879	 19.548       
 -8.495	 60.290	 16.807       
-11.012	 58.345	 14.706       
 -9.263	 55.202	 13.436       
-11.987	 52.608	 13.003       
-11.633	 53.243	  9.219       
 -9.119	 54.910	  6.962       
 -8.463	 57.623	  6.213       
 -7.808	 58.041	  9.941       
 -8.518	 61.514	 11.221       
 -7.461	 63.608	 14.197       
 -9.558	 66.338	 15.709       
 -8.047	 69.819	 15.505       
 -6.738	 69.792	 19.075       
 -7.604	 71.576	 22.322       
 -4.970	 73.470	 24.293       
 -5.697	 73.543	 28.003       
 -3.971	 76.588	 29.489       
 -3.617	 78.153	 32.934       
 -6.173	 80.636	 34.143       
 -5.011	 83.647	 36.193       
 -6.174	 87.189	 36.864       
 -6.259	 89.533	 33.859       
 -2.983	 91.409	 33.274       
 -2.612	 94.268	 30.820       
  0.506	 94.139	 28.680       
  3.295	 96.688	 29.082       
  3.799	 97.923	 25.522       
  6.968	 99.108	 23.790       
  7.878	100.099	 20.281       
 11.384	 99.887	 18.795       
 12.439	101.623	 15.608       
 14.725	100.021	 13.038       
 18.395	100.580	 13.922       
 20.661	102.765	 11.745       
 22.715	 99.655	 11.159       
 19.786	 97.800	  9.623       
 18.563	100.799	  7.633       
 21.955	101.060	  5.995       
 21.333	 97.613	  4.496       
 18.052	 98.587	  2.862       
 15.381	 97.201	  5.190       
 13.585	 98.544	  8.216       
 12.164	 96.317	 10.929       
  9.922	 97.987	 13.468       
  9.109	 96.050	 16.608       
  6.202	 96.310	 19.004       
  6.426	 94.330	 22.276       
  3.483	 93.328	 24.514       
  5.025	 92.235	 27.772       
  3.590	 89.816	 30.363       
 -0.143	 89.873	 29.759       
 -3.193	 87.670	 30.258       
 -5.341	 86.437	 28.618       
 -3.570	 85.450	 25.396       
 -6.032	 87.249	 23.110       
 -4.623	 90.548	 21.906       
 -4.935	 92.735	 18.845       
 -1.914	 94.545	 17.526       
 -2.351	 96.952	 14.651       
  0.380	 98.760	 12.783       
 -0.421	102.267	 11.543       
  1.996	104.212	  9.337       
  0.995	107.872	  9.184       
 -2.333	106.712	 10.577       
 -2.793	104.246	  7.710       
 -3.579	100.733	  8.932       
 -0.998	 98.223	  7.771       
 -1.687	 94.724	  6.561       
  0.228	 91.795	  5.109       
  3.620	 93.183	  6.147       
  3.929	 92.148	  9.788       
  4.536	 88.921	 11.736       
  3.824	 87.993	 15.328       
  5.446	 85.564	 17.722       
  4.064	 84.680	 21.134       
  5.821	 82.935	 23.993       
  4.429	 79.971	 25.878       
  2.694	 80.750	 29.176       
  5.319	 81.890	 31.708       
  6.050	 79.148	 34.254       
  6.324	 81.760	 37.030       
  3.402	 84.175	 36.445       
  1.322	 82.379	 33.790       
  1.415	 85.395	 31.469       
  2.210	 85.643	 27.776       
  4.452	 88.044	 25.877       
  4.183	 88.846	 22.215       
  6.064	 90.627	 19.503       
  4.843	 92.018	 16.222       
  7.366	 92.882	 13.559       
  6.633	 95.319	 10.695       
  9.018	 94.898	  7.749       
  9.479	 97.582	  5.071       
 12.102	 98.207	  2.393       
 14.236	101.251	  3.253       
 12.551	103.037	  0.347       
  8.989	102.507	  1.605       
 10.111	103.251	  5.174       
 11.530	106.645	  4.237       
  8.325	107.806	  2.556       
  6.439	108.058	  5.857       
  6.949	109.606	  9.267       
  4.789	108.296	 12.099       
  5.130	104.648	 13.048       
  2.631	103.525	 15.629       
  1.655	100.319	 17.362       
 -1.938	100.060	 18.611       
 -2.712	 97.475	 21.257       
 -6.138	 96.203	 22.178       
 -6.451	 93.949	 25.195       
 -8.952	 93.017	 27.877       
 -6.714	 94.507	 30.567       
 -6.716	 97.882	 28.814       
 -9.726	100.215	 29.206       
 -8.942	101.700	 25.800       
 -6.536	100.714	 22.999       
 -2.960	101.771	 23.819       
 -0.592	103.270	 21.288       
  3.173	103.620	 21.093       
  4.913	105.375	 18.273       
  7.951	107.281	 17.115       
  8.747	109.588	 14.194       
 11.169	108.371	 11.550       
 14.658	109.783	 12.015       
 13.919	111.480	 15.328       
 15.753	108.892	 17.471       
BRIEF 1UJ3 B 217              
 10.089	 47.166	 26.658       
  8.417	 48.696	 23.598       
 10.237	 51.472	 21.811       
 10.139	 53.251	 18.471       
 13.283	 55.151	 17.462       
 13.003	 57.529	 14.523       
 15.885	 58.374	 12.196       
 17.529	 61.804	 12.529       
 16.452	 65.228	 11.355       
 16.891	 65.900	  7.686       
 16.967	 68.929	  5.407       
 15.753	 68.552	  1.847       
 15.345	 70.765	 -1.175       
 11.967	 71.400	 -2.766       
 11.172	 68.777	 -5.415       
 13.442	 66.087	 -4.053       
 12.634	 63.053	 -1.903       
 13.306	 61.999	  1.634       
 13.000	 58.638	  3.351       
 12.811	 58.444	  7.104       
 12.712	 55.347	  9.239       
 11.623	 54.032	 12.537       
 13.349	 51.208	 14.379       
 11.043	 49.093	 16.487       
 12.152	 47.008	 19.466       
 10.466	 45.075	 22.228       
  7.837	 43.594	 19.876       
  7.422	 42.156	 16.359       
  6.124	 44.796	 13.919       
  4.293	 42.103	 11.949       
  1.990	 41.732	 14.962       
  0.779	 45.343	 14.625       
 -0.014	 48.164	 12.194       
  2.669	 50.857	 11.895       
  1.609	 54.427	 11.030       
  3.077	 57.831	 10.267       
  1.703	 61.086	 11.607       
  2.903	 64.566	 10.808       
  2.741	 67.779	 12.698       
  3.590	 71.079	 10.998       
  5.091	 73.840	 13.206       
  2.413	 75.066	 15.572       
 -0.278	 72.880	 13.971       
 -2.134	 69.698	 14.869       
 -1.586	 66.025	 14.190       
 -2.324	 64.689	 10.723       
 -2.445	 61.069	  9.635       
 -0.251	 60.306	  6.597       
 -0.671	 56.542	  6.242       
  0.399	 53.238	  7.671       
  1.436	 49.697	  6.854       
  0.574	 46.189	  8.035       
  3.918	 44.330	  7.907       
  2.262	 40.925	  8.156       
  0.892	 41.333	  4.622       
  2.530	 44.415	  3.153       
 -0.711	 46.432	  2.781       
 -0.089	 50.181	  2.958       
 -2.865	 52.755	  3.370       
 -2.401	 56.440	  2.544       
 -4.477	 59.542	  3.173       
 -5.907	 60.765	 -0.182       
 -3.961	 64.052	  0.178       
 -0.642	 62.193	  0.153       
 -1.427	 59.343	 -2.244       
  0.927	 59.505	 -5.164       
  3.930	 60.896	 -3.340       
  4.276	 58.841	 -0.176       
  5.402	 55.255	  0.156       
  5.388	 53.402	  3.456       
  7.212	 50.123	  3.654       
  8.469	 47.777	  6.325       
 11.469	 45.479	  6.668       
 10.613	 42.729	  9.109       
 14.157	 41.331	  9.315       
 15.416	 44.633	 10.685       
 12.240	 45.670	 12.603       
 12.208	 48.946	 10.677       
  9.386	 50.847	  8.978       
  9.966	 53.619	  6.467       
  8.170	 56.586	  5.054       
  9.410	 57.986	  1.780       
  7.965	 61.293	  0.599       
  8.738	 62.833	 -2.806       
  8.101	 66.093	 -4.712       
  8.813	 67.728	 -1.363       
  7.390	 71.165	 -0.757       
  7.321	 73.734	  2.054       
  4.133	 72.360	  3.589       
  6.046	 69.123	  4.103       
  8.298	 70.802	  6.693       
  7.130	 69.106	  9.867       
  7.795	 66.609	 12.609       
  6.963	 63.062	 11.525       
  6.013	 60.477	 14.096       
  6.115	 56.732	 13.873       
  3.176	 55.228	 15.817       
  2.032	 51.719	 16.618       
 -1.634	 50.869	 16.133       
 -2.733	 48.108	 18.507       
 -6.185	 48.060	 16.998       
 -7.934	 50.293	 19.527       
 -5.180	 52.846	 19.965       
 -1.950	 54.353	 18.714       
 -0.428	 52.954	 21.901       
  3.244	 53.765	 21.330       
  4.842	 56.677	 19.503       
  8.365	 57.505	 18.424       
  9.856	 60.861	 19.445       
  9.498	 62.307	 15.970       
 11.882	 63.338	 13.194       
 12.016	 66.861	 11.817       
 12.020	 67.083	  8.068       
 12.847	 70.562	  6.832       
 12.107	 71.345	  3.203       
 13.710	 74.566	  2.057       
 15.774	 75.970	 -0.777       
 17.648	 78.324	  1.618       
 21.382	 78.091	  2.201       
 23.059	 78.123	  5.626       
 23.258	 81.750	  6.713       
 24.164	 83.460	  9.965       
 21.912	 86.179	 11.412       
 22.260	 89.915	 11.433       
 21.804	 91.122	 15.029       
 20.285	 94.570	 15.504       
 19.627	 96.464	 18.698       
 16.099	 97.087	 19.899       
 16.228	100.233	 21.965       
 13.663	102.936	 22.723       
 13.872	106.015	 20.562       
 15.080	107.932	 23.625       
 16.658	106.802	 26.902       
 14.097	109.090	 28.594       
 11.312	107.058	 30.235       
  9.483	108.233	 33.346       
  8.685	104.576	 34.059       
 10.891	102.785	 36.569       
 11.294	 99.880	 34.116       
 12.528	 99.835	 30.513       
 12.591	 97.202	 27.741       
 15.625	 96.488	 25.547       
 16.213	 93.742	 23.042       
 17.945	 92.370	 19.996       
 16.466	 91.460	 16.635       
 18.150	 88.318	 15.275       
 17.253	 88.442	 11.636       
 17.684	 86.375	  8.508       
 19.234	 83.083	  9.452       
 18.977	 79.446	  8.375       
 18.518	 76.899	  9.587       
 17.122	 77.001	 13.125       
 18.063	 77.394	 15.873       
 19.952	 80.319	 17.371       
 20.514	 80.750	 21.093       
 20.557	 84.125	 22.825       
 21.854	 85.070	 26.259       
 22.196	 88.444	 27.939       
 25.418	 89.680	 29.520       
 27.027	 86.309	 28.925       
 24.369	 84.555	 30.968       
 24.462	 86.893	 33.969       
 21.071	 88.371	 33.016       
 18.265	 85.801	 32.842       
 15.393	 87.284	 34.842       
 12.794	 89.166	 32.777       
 14.153	 87.879	 29.481       
 11.742	 86.720	 26.751       
 13.325	 85.159	 23.711       
 10.558	 84.627	 21.175       
  9.905	 81.619	 18.959       
 11.401	 82.310	 15.524       
  9.082	 83.042	 12.588       
  9.748	 81.848	  9.044       
  9.832	 84.867	  6.739       
  8.672	 84.709	  3.100       
 12.348	 84.852	  2.114       
 12.579	 81.397	  3.658       
 14.928	 82.780	  6.340       
 14.069	 82.809	 10.063       
 13.977	 85.793	 12.327       
 13.555	 86.190	 16.068       
 13.658	 88.805	 18.813       
 14.953	 88.562	 22.380       
 13.917	 91.229	 24.884       
 14.485	 92.007	 28.506       
 13.088	 94.430	 31.062       
 15.524	 96.148	 33.411       
 15.515	 98.992	 35.960       
 15.395	102.332	 34.117       
 17.854	103.691	 36.710       
 20.408	101.208	 35.366       
 20.405	102.557	 31.791       
 23.502	104.398	 30.653       
 25.546	102.914	 33.510       
 24.863	 99.171	 33.209       
 25.928	 97.752	 29.870       
 23.431	 95.348	 28.260       
 24.554	 93.058	 25.481       
 22.933	 90.087	 23.765       
 25.159	 87.174	 22.836       
 23.863	 85.343	 19.772       
 25.066	 81.884	 18.793       
 24.170	 80.218	 15.461       
 26.176	 77.032	 15.193       
 25.495	 76.085	 11.557       
 27.035	 79.343	 10.351       
 29.617	 79.623	 13.189       
 28.108	 83.000	 14.070       
 28.931	 84.270	 17.570       
 27.857	 87.845	 17.959       
 27.788	 90.197	 20.959       
 25.642	 93.251	 20.377       
 25.570	 96.034	 22.913       
 22.174	 97.655	 23.186       
 21.490	101.236	 24.247       
 19.484	104.291	 23.220       
