BRIEF 1V7M V 145              
 36.721	 10.977	-46.604  1.489
 39.878	  9.847	-48.490  1.720
 43.225	  8.042	-48.903 -0.784
 44.245	 11.575	-50.059  1.096
 44.401	 13.038	-46.606  0.729
 47.952	 11.792	-47.129  1.144
 48.284	 13.609	-50.443 -0.352
 46.871	 17.006	-49.451  0.851
 48.857	 16.504	-46.245 -0.240
 52.082	 15.905	-48.187  0.832
 51.231	 18.889	-50.431 -0.326
 50.640	 21.375	-47.595  0.927
 54.037	 20.233	-46.223  1.216
 56.578	 21.171	-48.906 -1.012
 54.853	 24.611	-49.032  0.780
 55.772	 25.486	-45.435  0.445
 59.300	 23.969	-45.646  1.095
 59.879	 26.080	-48.730 -0.151
 59.153	 29.223	-46.660 -0.502
 62.146	 28.563	-44.292  0.758
 64.349	 30.842	-46.502 -0.585
 62.203	 33.950	-45.815 -1.063
 63.573	 33.670	-42.206  1.509
 66.782	 35.682	-41.490 -1.095
 69.336	 34.065	-39.112 -0.477
 68.101	 30.443	-38.847 -2.039
 70.274	 28.787	-36.098 -1.195
 70.729	 24.914	-35.811 -0.216
 69.091	 24.019	-32.437  0.280
 71.084	 24.848	-29.271 -0.386
 70.002	 21.289	-28.078 -0.633
 69.908	 18.018	-30.223  0.567
 66.228	 16.799	-30.597  0.635
 64.952	 13.247	-31.217 -0.555
 62.930	 12.458	-34.358  1.498
 61.089	  9.452	-35.809  1.614
 63.964	  7.684	-37.575 -1.165
 64.616	  8.353	-41.239  1.448
 65.235	  4.608	-42.077 -0.206
 64.669	  3.367	-45.683  0.965
 64.855	 -0.451	-45.179  0.570
 61.204	 -1.318	-44.360 -0.413
 60.859	 -4.687	-46.137 -1.197
 60.658	 -6.606	-42.814 -1.476
 58.408	 -3.894	-41.321  1.216
 55.941	 -4.842	-44.107  0.889
 55.418	 -8.490	-42.803 -0.375
 54.055	 -7.438	-39.372  0.310
 50.250	 -7.406	-38.659 -2.533
 47.867	 -4.772	-40.163 -0.858
 47.171	 -2.983	-36.890 -2.545
 50.766	 -3.279	-35.507 -0.642
 52.270	 -1.332	-38.439  0.237
 49.692	  1.354	-37.724  1.308
 50.491	  1.219	-34.024 -1.123
 54.256	  1.681	-34.697  1.240
 53.412	  4.770	-36.707  1.106
 51.018	  6.292	-34.211  0.486
 53.872	  5.857	-31.794 -0.053
 56.189	  7.498	-34.250  0.481
 53.963	 10.560	-35.032  0.639
 53.544	 11.092	-31.317 -1.760
 57.294	 11.305	-30.882  0.473
 57.488	 13.670	-33.846  1.290
 54.874	 16.089	-32.567 -0.176
 56.801	 15.764	-29.296 -0.053
 60.031	 16.672	-31.153  1.035
 58.556	 19.799	-32.864  0.319
 57.387	 21.095	-29.546 -1.292
 60.732	 20.578	-27.737 -1.713
 62.883	 22.335	-30.417 -0.384
 60.214	 25.089	-30.743  0.400
 60.703	 25.137	-26.925 -0.138
 64.463	 25.804	-26.979  0.190
 63.520	 28.745	-29.217 -0.890
 61.962	 32.189	-28.725 -0.403
 59.111	 34.015	-30.460 -1.544
 61.016	 34.183	-33.807 -2.048
 60.004	 33.166	-37.370 -1.089
 61.467	 29.648	-37.297  0.025
 59.393	 28.817	-34.178 -1.044
 56.461	 30.565	-35.854  0.209
 56.754	 28.325	-38.918  0.870
 57.899	 25.272	-36.915  0.329
 54.339	 25.479	-35.713  0.182
 51.798	 25.353	-38.478  0.167
 53.976	 22.218	-38.949 -0.123
 52.435	 21.165	-35.611 -1.139
 49.142	 21.944	-37.291  0.353
 50.010	 19.380	-39.980  0.192
 51.300	 16.768	-37.549  0.474
 48.008	 17.009	-35.631 -0.240
 45.769	 16.091	-38.521  1.498
 47.855	 12.928	-38.957 -0.426
 47.754	 12.165	-35.248  0.317
 43.956	 12.502	-35.133 -1.008
 43.460	 10.244	-38.185  0.748
 45.613	  7.471	-36.604  0.948
 44.283	  7.833	-33.063  1.244
 40.721	  7.639	-34.437  0.253
 41.319	  4.577	-36.571  1.281
 43.003	  2.971	-33.605  0.409
 40.535	  4.003	-30.900  0.422
 43.393	  5.062	-28.549 -0.549
 46.477	  7.274	-28.119  1.073
 49.793	  5.554	-27.711 -2.071
 53.059	  6.596	-26.029 -0.049
 56.109	  8.253	-27.661 -0.648
 58.146	  5.301	-29.154 -0.022
 60.446	  3.717	-31.810 -0.680
 64.027	  3.992	-33.200  0.722
 65.404	  7.531	-33.187  0.877
 68.144	  9.893	-34.423 -1.874
 68.971	 13.315	-32.940 -2.234
 69.008	 16.606	-34.939 -0.473
 70.169	 20.236	-34.291  0.061
 69.341	 21.021	-37.946  0.004
 65.689	 22.394	-38.090 -0.877
 65.474	 21.250	-41.710 -1.703
 65.621	 17.525	-40.782  0.534
 62.618	 17.978	-38.538  0.908
 60.632	 19.386	-41.463  1.135
 61.938	 16.163	-43.118  0.589
 61.162	 13.128	-40.864  0.042
 57.649	 14.404	-41.183  0.207
 57.676	 14.197	-45.014 -1.074
 59.585	 10.909	-44.763  1.219
 56.994	  9.242	-42.454  1.115
 54.246	 10.372	-44.739  1.118
 56.090	  8.768	-47.676  1.417
 56.960	  5.327	-46.257  1.470
 55.550	  3.759	-43.091  1.609
 52.297	  5.695	-43.728 -0.172
 52.149	  5.057	-47.535  0.531
 52.907	  1.305	-47.398  1.114
 49.919	  1.326	-44.966 -0.324
 47.535	  3.365	-47.163 -0.614
 47.957	  1.060	-50.273 -1.455
 46.463	 -2.227	-48.854 -0.130
 42.859	 -0.993	-49.469 -1.538
 42.572	  0.021	-45.838 -0.525
 40.109	  0.017	-42.991 -1.476
 39.918	  3.597	-44.518 -1.294
 42.369	  6.228	-43.158 -0.786
 40.621	  9.554	-42.803  0.785
BRIEF 1V7M X 145              
 35.177	 13.562	 46.585       
 38.339	 14.143	 44.370       
 41.946	 12.949	 43.576       
 43.213	 16.442	 42.597       
 44.031	 17.472	 46.137       
 47.396	 16.168	 44.996       
 47.168	 18.106	 41.693       
 46.101	 21.401	 43.238       
 48.642	 20.653	 46.009       
 51.565	 20.194	 43.560       
 50.710	 23.411	 41.590       
 50.971	 25.731	 44.604       
 53.947	 23.922	 46.157       
 56.253	 25.243	 43.457       
 54.357	 28.541	 42.953       
 55.155	 29.212	 46.624       
 58.733	 27.795	 46.590       
 59.719	 30.065	 43.667       
 58.310	 33.111	 45.555       
 61.161	 32.726	 48.112       
 63.292	 34.951	 45.849       
 61.693	 38.207	 47.071       
 63.577	 37.765	 50.369       
 66.415	 40.122	 51.085       
 68.090	 37.599	 53.375       
 67.898	 33.831	 53.349       
 69.864	 32.799	 56.468       
 70.734	 29.258	 57.373       
 68.464	 29.025	 60.475       
 69.801	 29.547	 64.004       
 68.871	 25.967	 65.017       
 68.660	 23.033	 62.559       
 65.171	 21.600	 61.832       
 63.979	 17.962	 61.664       
 62.061	 16.949	 58.498       
 61.185	 13.800	 56.604       
 64.354	 12.274	 55.130       
 64.464	 12.206	 51.371       
 64.955	  8.505	 50.687       
 63.721	  7.313	 47.264       
 64.171	  3.937	 49.234       
 60.409	  3.229	 49.118       
 60.364	 -0.148	 47.418       
 60.202	 -1.496	 50.975       
 57.414	  0.911	 51.755       
 55.444	 -0.414	 48.761       
 54.955	 -3.976	 50.208       
 53.021	 -2.670	 53.254       
 49.240	 -2.878	 53.641       
 47.413	  0.114	 52.091       
 46.061	  1.522	 55.399       
 49.538	  1.354	 56.898       
 51.129	  3.062	 53.911       
 48.776	  5.959	 54.684       
 49.577	  5.951	 58.389       
 53.281	  6.265	 57.658       
 52.492	  9.213	 55.445       
 50.445	 10.793	 58.187       
 53.406	 10.481	 60.528       
 55.739	 12.077	 58.015       
 53.284	 14.908	 57.345       
 52.689	 15.579	 61.000       
 56.505	 15.671	 61.612       
 56.995	 17.945	 58.659       
 54.234	 20.315	 59.880       
 56.239	 20.578	 63.035       
 59.623	 21.078	 61.295       
 58.017	 24.063	 59.483       
 56.673	 25.648	 62.642       
 59.985	 25.031	 64.456       
 61.535	 27.337	 61.781       
 58.982	 30.150	 61.993       
 59.728	 30.104	 65.740       
 63.343	 31.046	 65.211       
 62.209	 34.178	 63.197       
 60.509	 37.606	 63.307       
 57.700	 38.816	 60.945       
 60.146	 38.816	 58.015       
 59.635	 37.701	 54.436       
 60.823	 34.128	 54.945       
 58.413	 33.605	 57.821       
 55.718	 35.218	 55.749       
 56.249	 32.433	 53.226       
 56.791	 29.638	 55.692       
 53.231	 30.290	 57.043       
 51.683	 29.708	 53.613       
 53.646	 26.434	 53.273       
 52.280	 25.305	 56.599       
 48.886	 26.448	 55.287       
 49.276	 24.028	 52.429       
 50.495	 21.205	 54.696       
 47.414	 21.470	 56.998       
 45.324	 20.504	 53.946       
 47.200	 17.193	 53.528       
 47.135	 16.568	 57.210       
 43.348	 17.110	 57.127       
 42.848	 14.540	 54.273       
 45.056	 11.819	 55.738       
 43.557	 12.269	 59.204       
 39.985	 12.088	 57.892       
 40.736	  8.980	 55.817       
 42.311	  7.377	 58.850       
 39.816	  8.478	 61.530       
 42.621	  9.521	 63.894       
 45.752	 11.658	 64.250       
 49.088	  9.989	 64.646       
 52.339	 10.965	 66.374       
 55.268	 12.536	 64.451       
 57.403	  9.550	 63.217       
 59.747	  8.144	 60.473       
 63.429	  8.512	 59.386       
 64.788	 12.148	 59.381       
 67.490	 14.613	 58.500       
 68.059	 18.172	 59.749       
 68.432	 21.452	 57.888       
 69.442	 25.122	 58.432       
 68.860	 26.098	 54.792       
 65.111	 26.713	 54.785       
 64.895	 25.568	 51.162       
 65.002	 21.908	 52.323       
 61.536	 22.066	 53.868       
 60.191	 23.314	 50.583       
 62.039	 20.302	 49.063       
 60.913	 17.972	 51.932       
 57.233	 18.772	 51.309       
 57.709	 18.565	 47.502       
 59.306	 15.118	 47.618       
 56.455	 13.758	 49.796       
 53.791	 14.701	 47.262       
 56.062	 13.268	 44.539       
 56.642	  9.970	 46.334       
 54.811	  8.070	 49.077       
 51.734	 10.279	 48.462       
 51.507	  9.824	 44.648       
 52.053	  6.056	 45.136       
 49.166	  5.866	 47.595       
 46.781	  8.021	 45.559       
 47.332	  6.214	 42.200       
 46.669	  2.670	 43.542       
 43.366	  3.291	 45.357       
 42.455	  5.203	 48.498       
 38.814	  5.201	 49.638       
 38.133	  8.822	 48.462       
 40.317	 11.764	 49.574       
 39.687	 15.484	 50.265       
BRIEF 1V7M L 212              
 31.471	 -5.918	-21.601       
 34.607	 -7.823	-22.533       
 35.366	 -9.659	-19.337       
 38.939	-10.068	-18.069       
 40.236	-12.766	-15.650       
 43.681	-12.960	-14.149       
 45.077	-16.196	-12.812       
 46.911	-16.744	 -9.571       
 44.836	-13.987	 -7.879       
 47.742	-13.928	 -5.341       
 51.222	-15.493	 -5.281       
 54.680	-15.244	 -3.722       
 58.080	-15.761	 -5.274       
 61.747	-15.280	 -4.479       
 64.407	-13.147	 -6.112       
 65.652	-15.165	 -9.089       
 62.390	-17.068	 -9.588       
 60.523	-17.096	-12.908       
 56.981	-15.582	-12.497       
 54.126	-15.984	-15.085       
 50.694	-14.277	-14.780       
 47.795	-14.834	-17.145       
 45.031	-12.674	-18.427       
 42.090	-14.401	-20.116       
 39.638	-12.372	-22.208       
 35.995	-13.224	-22.669       
 36.141	-12.648	-26.444       
 39.034	-11.922	-28.813       
 41.043	 -8.631	-28.408       
 43.882	 -7.411	-30.663       
 46.056	 -6.282	-27.782       
 46.429	 -6.332	-24.050       
 47.758	 -3.524	-21.849       
 49.189	 -3.867	-18.338       
 49.613	 -1.627	-15.261       
 51.485	 -2.034	-11.988       
 50.226	 -0.643	 -8.663       
 51.900	 -0.503	 -5.231       
 49.960	  0.363	 -2.088       
 49.166	  4.049	 -1.532       
 50.249	  5.210	 -4.993       
 48.603	  5.331	 -8.486       
 48.621	  2.604	-11.222       
 51.249	  3.011	-13.907       
 51.421	  1.808	-17.518       
 53.669	 -1.289	-17.512       
 53.084	 -2.937	-20.857       
 51.142	 -1.702	-23.855       
 50.302	 -3.091	-27.275       
 50.731	 -6.580	-25.792       
 54.507	 -6.612	-25.835       
 55.986	 -3.101	-25.486       
 57.518	 -2.290	-22.049       
 56.795	  1.155	-20.613       
 59.267	  3.898	-19.774       
 60.647	  2.768	-16.407       
 60.086	 -0.944	-16.882       
 63.084	 -3.332	-16.695       
 64.117	 -5.774	-19.464       
 63.387	 -8.794	-17.163       
 59.682	 -8.306	-17.963       
 58.085	 -9.543	-21.162       
 54.438	 -9.341	-22.283       
 52.868	-11.739	-24.784       
 49.707	-13.642	-25.936       
 47.023	-13.108	-28.593       
 43.298	-13.240	-29.082       
 41.824	-14.599	-25.891       
 44.894	-15.425	-23.802       
 47.738	-13.155	-22.725       
 50.430	-13.209	-20.075       
 53.214	-11.164	-18.334       
 56.402	-13.040	-17.513       
 59.333	-12.006	-15.347       
 62.396	-14.175	-16.168       
 64.217	-13.865	-12.890       
 62.273	-11.545	-10.582       
 63.567	 -8.957	 -8.009       
 62.124	 -7.752	 -4.687       
 61.151	 -4.384	 -6.196       
 58.773	 -6.306	 -8.407       
 56.225	 -7.063	 -5.617       
 52.912	 -5.307	 -6.558       
 49.474	 -5.831	 -7.990       
 49.417	 -6.211	-11.769       
 46.198	 -5.524	-13.847       
 45.424	 -6.273	-17.424       
 43.280	 -3.842	-19.424       
 41.695	 -4.059	-22.873       
 40.712	 -1.308	-25.286       
 38.671	 -2.978	-28.039       
 35.797	 -0.515	-27.567       
 33.770	  0.804	-24.629       
 33.564	  0.064	-21.846       
 37.194	 -0.224	-20.953       
 37.494	 -3.126	-18.430       
 40.286	 -4.394	-16.233       
 41.115	 -7.800	-14.755       
 41.015	 -7.994	-10.988       
 44.759	 -8.111	-10.319       
 47.510	-10.535	 -9.395       
 49.164	 -9.655	 -6.068       
 52.747	-10.796	 -6.340       
 54.167	-10.838	 -2.835       
 57.609	-12.008	 -1.701       
 58.575	-15.111	  0.386       
 61.284	-15.084	  3.105       
 62.637	-16.581	  6.344       
 60.935	-15.978	  9.641       
 61.446	-12.836	 11.827       
 60.242	-12.334	 15.414       
 58.338	 -9.053	 16.147       
 59.896	 -6.081	 17.851       
 57.417	 -5.125	 20.566       
 56.867	 -1.884	 22.495       
 54.007	 -0.672	 24.812       
 52.633	  2.913	 25.329       
 50.546	  4.383	 28.220       
 47.814	  7.003	 27.538       
 49.080	 10.507	 26.929       
 48.485	 13.290	 29.469       
 46.319	 15.151	 26.892       
 44.096	 12.135	 26.197       
 43.835	 11.721	 30.000       
 42.593	 15.365	 30.443       
 39.808	 14.750	 27.980       
 38.389	 11.578	 29.618       
 39.997	  8.737	 27.628       
 42.747	  6.103	 27.919       
 44.200	  4.089	 25.001       
 47.134	  1.772	 25.661       
 48.934	  1.118	 22.419       
 51.299	 -1.536	 21.474       
 53.468	 -1.882	 18.387       
 54.764	 -5.249	 17.082       
 57.106	 -4.404	 14.334       
 58.828	 -6.178	 11.392       
 57.881	 -9.835	 11.812       
 57.279	-12.633	  9.278       
 54.966	-14.365	  8.503       
 51.854	-12.218	  8.905       
 49.956	-14.442	 11.388       
 50.304	-13.216	 14.946       
 48.247	-13.315	 18.243       
 47.961	-10.569	 20.812       
 46.533	-10.796	 24.259       
 45.969	 -7.865	 26.560       
 46.284	 -8.622	 30.280       
 44.955	 -6.104	 32.764       
 46.209	 -6.747	 36.346       
 46.933	-10.232	 35.037       
 43.598	-11.139	 33.498       
 42.567	-11.345	 29.858       
 41.084	 -8.276	 28.342       
 39.184	 -8.842	 25.087       
 36.764	 -5.974	 24.780       
 37.998	 -2.614	 23.468       
 40.854	 -4.087	 21.336       
 41.593	 -2.776	 17.825       
 44.238	 -4.475	 15.685       
 45.784	 -3.124	 12.494       
 48.186	 -4.695	  9.951       
 50.362	 -3.133	  7.240       
 51.242	 -4.602	  3.860       
 54.629	 -6.228	  3.025       
 57.380	 -3.737	  3.687       
 59.260	 -2.531	  0.638       
 62.822	 -2.744	  1.942       
 62.956	 -5.878	  4.123       
 59.795	 -7.941	  3.517       
 58.174	 -8.084	  6.894       
 54.835	 -7.183	  8.347       
 53.729	 -4.868	 11.177       
 50.891	 -4.692	 13.676       
 49.175	 -2.125	 15.831       
 47.072	 -3.135	 18.826       
 45.234	 -0.493	 20.883       
 43.108	 -1.261	 23.891       
 40.870	  1.629	 24.740       
 39.041	  2.457	 27.965       
 37.533	  5.364	 29.887       
 39.905	  7.335	 32.031       
 37.941	  6.106	 35.044       
 38.248	  2.428	 34.281       
 41.924	  2.871	 33.415       
 42.627	  4.443	 36.824       
 41.089	  1.543	 38.753       
 43.960	 -0.858	 37.764       
 47.770	 -0.987	 37.860       
 49.497	 -3.407	 35.399       
 48.772	 -3.360	 31.647       
 50.309	 -6.112	 29.579       
 50.645	 -6.638	 25.850       
 51.573	-10.276	 24.899       
 52.530	-11.467	 21.361       
 52.532	-15.194	 20.191       
 54.289	-15.856	 16.860       
 55.537	-18.788	 14.661       
 59.095	-17.708	 15.686       
 58.663	-18.921	 19.250       
 56.689	-21.223	 21.513       
 57.104	-18.649	 24.351       
 55.129	-15.314	 24.017       
 56.972	-11.924	 23.957       
 55.707	 -9.840	 26.820       
 55.842	 -6.068	 27.293       
 54.232	 -4.306	 30.276       
 54.070	 -1.247	 32.431       
 52.741	 -0.672	 35.917       
 50.655	  2.499	 36.320       
 52.591	  3.695	 39.390       
 56.117	  3.513	 37.859       
BRIEF 1V7M H 217              
 57.503	 17.156	-16.228       
 53.862	 16.301	-16.973       
 51.692	 16.516	-13.849       
 47.965	 16.130	-13.059       
 46.371	 17.250	 -9.749       
 42.847	 16.267	 -8.880       
 41.013	 18.524	 -6.398       
 37.407	 18.734	 -5.187       
 36.861	 15.420	 -3.319       
 35.947	 14.553	  0.268       
 32.508	 14.013	  1.891       
 29.197	 14.181	 -0.008       
 25.887	 12.746	  1.207       
 23.931	 10.075	 -0.800       
 21.910	 11.825	 -3.478       
 24.312	 14.818	 -3.386       
 26.331	 16.412	 -6.137       
 30.129	 16.954	 -6.344       
 32.514	 18.279	 -8.884       
 36.029	 16.931	 -9.534       
 38.655	 19.057	-11.186       
 41.930	 18.153	-12.854       
 44.697	 20.626	-13.703       
 47.293	 19.525	-16.186       
 50.678	 20.964	-16.671       
 53.798	 20.335	-18.668       
 52.399	 19.202	-21.985       
 49.859	 20.460	-24.528       
 46.596	 19.688	-22.773       
 44.381	 20.160	-25.844       
 46.327	 17.395	-27.475       
 45.402	 14.845	-24.673       
 42.517	 12.384	-24.492       
 41.468	 12.229	-20.816       
 39.888	  9.560	-18.738       
 38.433	  9.178	-15.282       
 39.162	  5.886	-13.377       
 37.928	  5.084	 -9.857       
 39.092	  2.482	 -7.281       
 37.650	  0.609	 -4.290       
 38.563	 -2.750	 -2.600       
 35.366	 -4.453	 -3.917       
 34.819	 -3.324	 -7.499       
 38.624	 -2.813	 -8.054       
 39.743	 -0.445	-10.914       
 36.697	  0.775	-12.978       
 36.919	  3.032	-16.034       
 34.357	  5.844	-15.657       
 34.541	  8.143	-18.664       
 36.754	  9.198	-21.552       
 36.844	 12.632	-23.293       
 38.767	 12.987	-26.562       
 40.871	 15.907	-27.867       
 39.845	 18.859	-30.108       
 41.162	 16.930	-33.160       
 39.306	 13.863	-32.011       
 36.102	 15.979	-31.879       
 35.851	 15.817	-28.129       
 33.951	 12.461	-28.369       
 32.590	 11.352	-25.004       
 31.985	  7.866	-23.566       
 30.545	  6.780	-20.236       
 30.553	  3.665	-18.051       
 27.065	  2.246	-18.091       
 26.737	  2.332	-14.305       
 27.205	  6.101	-14.562       
 25.016	  7.314	-17.466       
 22.425	  9.910	-16.541       
 24.366	 10.837	-13.390       
 27.984	 11.843	-14.152       
 29.029	 14.344	-16.816       
 32.521	 14.869	-18.056       
 33.975	 17.906	-19.732       
 37.130	 19.921	-20.423       
 38.415	 23.535	-20.879       
 41.366	 23.535	-23.190       
 42.154	 27.189	-22.478       
 42.406	 26.259	-18.768       
 44.225	 22.877	-19.255       
 41.532	 21.066	-17.257       
 39.100	 18.255	-17.280       
 36.032	 17.753	-15.007       
 33.632	 15.176	-13.627       
 30.352	 16.593	-12.588       
 28.803	 13.886	-10.359       
 24.986	 13.808	 -9.538       
 22.675	 11.440	 -7.524       
 25.618	  9.903	 -5.848       
 25.116	  6.338	 -4.455       
 27.121	  4.705	 -1.658       
 28.799	  2.480	 -4.268       
 30.341	  5.549	 -5.963       
 32.745	  5.686	 -2.975       
 36.504	  5.391	 -3.861       
 39.691	  7.050	 -5.053       
 39.065	  8.956	 -8.278       
 42.055	  9.628	-10.728       
 42.431	 11.624	-13.836       
 44.548	  9.972	-16.396       
 45.895	 11.589	-19.483       
 46.970	 10.438	-22.972       
 45.015	  7.126	-22.779       
 46.298	  5.945	-19.383       
 49.912	  7.067	-19.774       
 49.648	  9.789	-17.112       
 47.950	  9.486	-13.710       
 47.140	 11.950	-11.048       
 47.429	 11.323	 -7.322       
 43.734	 10.531	 -6.923       
 40.957	 12.008	 -4.688       
 38.894	 10.058	 -2.230       
 35.133	 10.381	 -2.593       
 33.183	  9.197	  0.436       
 29.426	  9.014	 -0.076       
 27.943	  8.944	  3.387       
 25.240	 10.788	  5.424       
 27.615	 11.331	  8.332       
 29.412	 14.648	  8.698       
 33.000	 15.540	  9.199       
 34.820	 15.138	 12.491       
 38.440	 16.381	 12.861       
 41.074	 14.182	 14.636       
 42.194	 14.383	 18.246       
 46.026	 14.072	 18.064       
 48.099	 12.240	 20.743       
 51.864	 11.764	 21.374       
 53.113	  8.279	 22.258       
 56.298	  8.591	 24.281       
 58.095	  5.614	 25.862       
 57.063	  4.591	 29.381       
 58.613	  6.708	 32.226       
 60.473	  3.592	 33.384       
 61.892	  4.585	 29.990       
 64.051	  1.426	 29.462       
 66.846	  3.139	 27.310       
 68.313	  1.007	 24.530       
 70.058	  1.233	 21.250       
 66.843	  1.872	 19.351       
 63.767	  3.626	 20.613       
 60.187	  3.704	 19.388       
 57.880	  6.749	 19.428       
 54.328	  7.108	 17.984       
 51.344	  9.405	 17.269       
 47.786	  8.240	 17.939       
 45.154	  9.831	 15.631       
 41.684	  9.247	 17.171       
 38.055	  9.684	 16.046       
 37.969	 11.527	 12.698       
 35.765	 10.983	  9.641       
 36.202	 10.731	  6.701       
 39.446	  9.427	  5.240       
 42.120	 10.228	  4.611       
 44.680	 11.416	  7.164       
 48.413	 11.819	  6.270       
 51.235	 11.535	  8.776       
 54.855	 12.466	  8.306       
 57.711	 12.803	 10.788       
 59.867	 15.971	 10.892       
 58.401	 17.161	  7.597       
 59.547	 14.003	  5.866       
 63.243	 13.984	  6.668       
 62.516	 11.182	  9.154       
 61.233	  8.447	  6.786       
 63.299	  5.342	  7.580       
 61.802	  3.220	 10.334       
 58.272	  4.649	 10.138       
 55.193	  2.424	 10.100       
 51.851	  4.214	  9.553       
 49.009	  1.823	 10.037       
 45.741	  1.725	  8.037       
 42.736	  3.214	  9.858       
 40.220	  1.026	 11.611       
 36.623	  2.257	 11.599       
 35.280	  1.738	 15.145       
 31.920	  3.305	 15.337       
 31.824	  5.834	 12.556       
 35.154	  7.124	 13.695       
 38.516	  6.219	 12.208       
 41.462	  5.573	 14.512       
 44.962	  5.401	 12.984       
 48.473	  5.280	 14.395       
 52.032	  5.796	 13.267       
 55.270	  4.577	 14.856       
 58.933	  5.572	 14.276       
 62.101	  3.923	 15.600       
 65.192	  6.080	 15.877       
 68.714	  5.578	 17.377       
 68.630	  6.547	 21.059       
 71.232	  9.277	 20.464       
 68.782	 11.155	 18.178       
 65.985	 11.573	 20.760       
 65.200	 13.575	 22.802       
 68.570	 15.160	 22.279       
 67.115	 16.213	 18.846       
 63.427	 16.829	 18.158       
 61.109	 14.434	 16.425       
 57.753	 15.790	 15.404       
 54.705	 14.211	 13.724       
 52.742	 16.326	 11.277       
 49.151	 15.246	 11.135       
 46.960	 16.541	  8.301       
 43.176	 15.970	  7.794       
 41.667	 17.698	  4.659       
 38.759	 19.554	  6.229       
 41.123	 22.073	  7.749       
 43.058	 20.193	 10.362       
 46.857	 20.463	 10.726       
 48.579	 19.592	 14.043       
 52.295	 19.570	 14.554       
 52.904	 17.371	 17.632       
 56.225	 17.565	 19.398       
 57.549	 14.422	 20.960       
 59.031	 14.881	 24.356       
 59.707	 12.820	 27.404       
 56.973	 12.650	 30.085       
 57.754	 14.135	 33.523       
 58.075	 11.205	 36.033       
BRIEF 1V7M M 212              
 30.534	 -1.553	 70.572       
 33.895	 -3.199	 70.036       
 34.685	 -5.152	 73.148       
 38.226	 -5.694	 74.419       
 39.417	 -8.446	 76.897       
 42.894	 -8.405	 78.456       
 44.288	-11.712	 79.579       
 46.068	-12.147	 82.898       
 44.096	 -9.392	 84.714       
 46.926	 -9.432	 87.302       
 50.366	-10.958	 87.297       
 53.810	-10.626	 88.718       
 57.300	-11.095	 87.350       
 60.937	-10.672	 88.222       
 63.546	 -8.482	 86.530       
 64.884	-10.714	 83.720       
 61.661	-12.667	 83.035       
 59.818	-12.617	 79.704       
 56.363	-11.054	 80.148       
 53.688	-11.436	 77.503       
 50.179	 -9.822	 77.721       
 47.188	-10.467	 75.475       
 44.377	 -8.257	 74.193       
 41.390	 -9.862	 72.513       
 38.822	 -8.035	 70.306       
 35.043	 -8.563	 69.773       
 35.382	 -8.327	 66.036       
 38.348	 -7.549	 63.708       
 40.214	 -4.197	 63.986       
 43.078	 -2.715	 61.880       
 45.440	 -1.726	 64.672       
 45.689	 -1.775	 68.450       
 46.895	  1.104	 70.675       
 48.391	  0.615	 74.150       
 48.845	  2.861	 77.229       
 50.742	  2.574	 80.490       
 49.444	  3.911	 83.835       
 51.159	  4.050	 87.255       
 49.161	  5.006	 90.352       
 48.703	  8.733	 90.864       
 49.613	  9.794	 87.352       
 47.918	  9.960	 83.945       
 47.836	  7.226	 81.239       
 50.587	  7.423	 78.604       
 50.697	  6.319	 74.968       
 52.924	  3.266	 74.981       
 52.411	  1.598	 71.667       
 50.602	  2.767	 68.584       
 49.692	  1.380	 65.181       
 50.124	 -2.124	 66.588       
 53.899	 -2.105	 66.779       
 55.362	  1.412	 67.074       
 56.901	  2.211	 70.443       
 55.939	  5.630	 71.814       
 58.375	  8.346	 72.807       
 59.840	  7.293	 76.161       
 59.382	  3.567	 75.521       
 62.315	  1.072	 75.920       
 63.385	 -1.291	 73.037       
 62.585	 -4.366	 75.219       
 58.877	 -3.764	 74.634       
 57.323	 -5.016	 71.436       
 53.692	 -4.822	 70.266       
 52.077	 -7.234	 67.782       
 49.044	 -9.278	 66.773       
 46.438	 -8.757	 64.058       
 42.720	 -8.697	 63.371       
 41.307	-10.130	 66.588       
 44.342	-11.068	 68.668       
 46.966	 -8.709	 69.879       
 49.711	 -8.895	 72.407       
 52.482	 -6.785	 74.095       
 55.756	 -8.424	 75.049       
 58.671	 -7.457	 77.271       
 61.649	 -9.675	 76.394       
 63.467	 -9.277	 79.760       
 61.553	 -7.048	 82.073       
 62.912	 -4.475	 84.595       
 61.142	 -3.237	 87.793       
 60.171	  0.135	 86.388       
 57.889	 -1.756	 84.032       
 55.468	 -2.434	 86.868       
 52.130	 -0.834	 85.936       
 48.659	 -1.397	 84.596       
 48.663	 -1.660	 80.818       
 45.532	 -1.009	 78.703       
 44.666	 -1.597	 75.041       
 42.458	  0.682	 72.966       
 40.948	  0.408	 69.473       
 40.082	  3.197	 67.045       
 37.945	  1.451	 64.406       
 35.139	  3.940	 64.878       
 33.058	  5.133	 67.817       
 32.892	  4.588	 70.697       
 36.579	  4.134	 71.418       
 36.750	  1.304	 73.959       
 39.477	  0.236	 76.379       
 40.369	 -3.242	 77.661       
 40.139	 -3.878	 81.422       
 43.899	 -3.585	 81.980       
 46.780	 -5.891	 82.922       
 48.422	 -5.227	 86.270       
 52.011	 -6.338	 86.138       
 53.281	 -6.179	 89.760       
 56.754	 -7.253	 90.807       
 57.766	-10.472	 92.666       
 60.367	-10.531	 95.605       
 61.699	-12.107	 98.793       
 60.140	-11.445	102.183       
 60.625	 -8.303	104.278       
 59.370	 -7.552	107.802       
 57.577	 -4.312	108.788       
 59.248	 -1.305	110.420       
 56.590	 -0.480	113.022       
 55.998	  2.820	114.908       
 53.204	  4.144	117.237       
 51.984	  7.808	117.785       
 49.878	  9.259	120.670       
 47.124	 11.738	119.798       
 48.396	 15.259	119.174       
 47.681	 18.078	121.713       
 45.628	 19.962	119.108       
 43.484	 16.855	118.379       
 42.889	 16.555	122.153       
 41.904	 20.207	122.722       
 38.939	 19.417	120.352       
 37.521	 16.322	122.045       
 39.190	 13.561	120.000       
 42.002	 11.047	120.288       
 43.433	  8.918	117.477       
 46.403	  6.555	117.960       
 48.233	  5.750	114.697       
 50.594	  2.970	113.984       
 52.671	  2.788	110.811       
 53.930	 -0.588	109.470       
 56.337	  0.218	106.785       
 58.175	 -1.530	103.885       
 57.199	 -5.195	104.156       
 56.405	 -8.000	101.713       
 54.086	 -9.802	101.105       
 51.000	 -7.474	101.381       
 49.082	 -9.551	103.948       
 49.371	 -8.517	107.613       
 47.129	 -8.507	110.786       
 47.262	 -5.749	113.353       
 45.861	 -5.931	116.850       
 45.258	 -2.989	119.105       
 45.563	 -3.581	122.894       
 44.523	 -1.085	125.588       
 45.718	 -1.863	129.088       
 46.400	 -5.464	128.112       
 43.137	 -5.990	126.255       
 42.015	 -6.142	122.628       
 40.403	 -3.179	120.859       
 38.213	 -4.324	117.969       
 36.079	 -1.248	117.381       
 37.082	  2.066	115.789       
 40.075	  0.571	113.875       
 40.696	  1.802	110.354       
 43.498	  0.236	108.289       
 44.996	  1.480	105.060       
 47.349	 -0.171	102.495       
 49.538	  1.574	 99.853       
 50.321	  0.225	 96.318       
 53.709	 -1.529	 95.552       
 56.563	  0.880	 95.828       
 58.721	  1.853	 92.813       
 62.155	  1.761	 94.482       
 62.168	 -1.379	 96.636       
 59.044	 -3.382	 96.021       
 57.373	 -3.375	 99.387       
 54.065	 -2.483	100.894       
 52.980	 -0.297	103.744       
 50.008	 -0.038	105.994       
 48.436	  2.491	108.327       
 46.356	  1.602	111.405       
 44.436	  4.189	113.327       
 42.544	  3.619	116.578       
 40.191	  6.435	117.222       
 38.403	  7.290	120.489       
 36.848	 10.084	122.506       
 39.234	 12.432	124.307       
 37.386	 10.929	127.264       
 37.922	  7.171	126.720       
 41.548	  7.830	125.853       
 42.195	  9.934	128.935       
 40.779	  7.130	131.118       
 43.367	  4.429	130.146       
 47.130	  3.928	130.344       
 48.841	  1.430	128.015       
 48.279	  1.512	124.258       
 49.656	 -1.291	122.095       
 50.061	 -1.970	118.395       
 50.939	 -5.581	117.388       
 51.841	 -6.695	113.859       
 51.778	-10.453	112.866       
 53.407	-11.147	109.519       
 54.684	-14.130	107.376       
 58.285	-13.051	108.402       
 57.915	-14.322	111.992       
 55.492	-16.220	114.263       
 56.270	-13.683	117.008       
 54.421	-10.373	116.576       
 56.242	 -7.051	116.354       
 54.945	 -4.983	119.211       
 55.147	 -1.238	119.915       
 53.629	  0.857	122.700       
 53.438	  3.892	125.004       
 52.304	  4.494	128.612       
 51.123	  8.126	128.217       
 52.954	  9.459	131.307       
 55.919	  7.242	130.507       
BRIEF 1V7M I 217              
 56.588	 21.031	 75.717       
 52.860	 20.694	 75.437       
 50.861	 21.494	 78.604       
 47.206	 20.629	 79.141       
 45.546	 21.697	 82.410       
 42.059	 20.928	 83.547       
 40.093	 23.087	 85.996       
 36.394	 23.061	 86.991       
 35.924	 19.942	 89.133       
 35.057	 18.889	 92.677       
 31.567	 18.563	 94.327       
 28.356	 18.670	 92.272       
 24.902	 17.704	 93.492       
 23.149	 14.808	 91.652       
 21.052	 16.093	 88.727       
 23.216	 19.242	 88.647       
 25.610	 20.831	 86.093       
 29.314	 21.676	 86.053       
 31.561	 22.803	 83.252       
 35.159	 21.539	 82.823       
 37.811	 23.584	 81.087       
 41.153	 22.683	 79.634       
 43.915	 25.144	 78.759       
 46.410	 24.134	 76.109       
 49.813	 25.691	 75.726       
 52.964	 24.858	 73.767       
 51.713	 23.479	 70.444       
 49.330	 25.030	 67.970       
 45.808	 24.285	 69.410       
 43.518	 24.631	 66.325       
 45.582	 21.810	 64.875       
 44.809	 19.215	 67.640       
 41.829	 16.848	 67.955       
 40.672	 16.762	 71.587       
 39.092	 14.001	 73.629       
 37.647	 13.654	 77.107       
 38.347	 10.370	 78.986       
 37.205	  9.573	 82.472       
 38.300	  6.983	 85.137       
 37.003	  4.905	 88.137       
 38.186	  1.648	 89.753       
 34.889	  0.071	 88.763       
 34.782	  0.906	 84.996       
 38.448	  1.737	 84.352       
 39.060	  3.884	 81.238       
 35.942	  5.219	 79.351       
 36.175	  7.594	 76.358       
 33.618	 10.396	 76.754       
 33.725	 12.642	 73.677       
 35.962	 13.668	 70.724       
 36.054	 17.110	 69.007       
 38.069	 17.457	 65.815       
 40.181	 20.412	 64.607       
 38.887	 23.334	 62.389       
 40.466	 21.524	 59.438       
 38.392	 18.425	 60.170       
 35.113	 20.402	 60.442       
 35.125	 20.388	 64.231       
 33.201	 17.067	 64.078       
 31.693	 15.771	 67.349       
 31.171	 12.312	 68.878       
 29.813	 11.162	 72.237       
 29.701	  7.956	 74.334       
 26.206	  6.534	 74.286       
 25.788	  7.027	 78.031       
 26.570	 10.709	 77.839       
 24.387	 11.544	 74.746       
 22.119	 14.529	 75.515       
 23.563	 15.098	 78.988       
 27.038	 16.420	 78.108       
 28.226	 18.788	 75.413       
 31.777	 19.210	 74.258       
 33.061	 22.448	 72.794       
 36.298	 24.217	 71.995       
 37.310	 27.912	 71.457       
 40.218	 27.949	 69.064       
 41.318	 31.519	 69.960       
 41.708	 30.751	 73.662       
 43.477	 27.390	 73.101       
 40.767	 25.573	 75.100       
 38.405	 22.576	 75.080       
 35.278	 22.381	 77.306       
 32.875	 19.844	 78.751       
 29.510	 20.983	 79.783       
 28.034	 18.318	 82.069       
 24.243	 18.273	 82.642       
 21.766	 16.002	 84.473       
 24.607	 14.489	 86.478       
 24.316	 11.034	 88.016       
 26.353	  9.282	 90.620       
 27.981	  7.052	 87.975       
 29.603	 10.112	 86.366       
 31.898	 10.321	 89.412       
 35.589	 10.005	 88.616       
 38.771	 11.558	 87.195       
 38.290	 13.493	 84.001       
 41.266	 13.850	 81.586       
 41.590	 16.298	 78.805       
 43.531	 14.678	 76.032       
 45.097	 16.068	 72.902       
 46.224	 14.901	 69.453       
 44.230	 11.660	 69.686       
 45.400	 10.458	 73.108       
 49.133	 11.542	 72.737       
 48.985	 14.382	 75.330       
 47.131	 14.081	 78.618       
 46.402	 16.471	 81.429       
 46.626	 15.893	 85.218       
 42.899	 15.200	 85.551       
 40.172	 16.558	 87.885       
 38.091	 14.592	 90.333       
 34.385	 15.039	 89.663       
 32.455	 13.891	 92.706       
 28.685	 13.681	 92.334       
 27.167	 13.965	 95.789       
 24.439	 15.655	 97.833       
 26.881	 15.994	100.673       
 28.882	 19.159	101.359       
 32.411	 20.335	101.434       
 34.017	 19.789	104.798       
 37.578	 21.094	105.435       
 40.295	 18.870	106.981       
 41.576	 19.055	110.484       
 45.409	 18.677	110.077       
 47.507	 17.297	113.009       
 51.267	 16.663	113.424       
 52.442	 13.160	114.371       
 55.559	 13.323	116.619       
 57.196	 10.305	118.319       
 56.322	  9.325	121.873       
 57.535	 11.520	124.791       
 59.416	  8.690	126.624       
 60.158	  6.569	123.533       
 63.902	  6.360	122.781       
 65.119	  7.548	119.326       
 66.668	  5.177	116.898       
 69.175	  6.094	114.153       
 66.047	  6.356	111.953       
 63.059	  8.396	113.213       
 59.522	  8.504	111.814       
 57.129	 11.492	111.746       
 53.492	 11.853	110.649       
 50.571	 14.035	109.565       
 46.983	 13.062	110.194       
 44.409	 14.595	107.877       
 40.952	 14.089	109.521       
 37.289	 14.467	108.432       
 37.243	 16.090	105.012       
 35.022	 15.533	101.979       
 35.377	 15.226	 98.959       
 38.714	 13.809	 97.717       
 41.419	 14.646	 97.055       
 43.936	 15.795	 99.624       
 47.597	 16.260	 98.601       
 50.449	 16.046	101.080       
 54.104	 17.085	100.726       
 56.997	 17.385	103.143       
 59.076	 20.601	103.055       
 57.563	 21.828	 99.827       
 58.637	 18.554	 98.198       
 62.272	 18.676	 99.300       
 61.498	 15.579	101.421       
 60.383	 12.825	 99.017       
 62.455	  9.843	100.129       
 60.963	  7.693	102.843       
 57.482	  9.184	102.547       
 54.345	  7.085	102.562       
 51.043	  8.732	101.751       
 48.242	  6.402	102.587       
 45.022	  6.318	100.535       
 42.000	  7.758	102.379       
 39.294	  5.728	104.031       
 35.694	  6.859	104.313       
 34.983	  6.867	108.058       
 31.390	  8.042	108.187       
 30.949	 10.265	105.116       
 34.266	 11.899	105.937       
 37.743	 10.928	104.710       
 40.790	 10.398	106.857       
 44.235	 10.123	105.304       
 47.743	  9.968	106.782       
 51.287	 10.418	105.664       
 54.539	  9.208	107.239       
 58.152	 10.278	106.669       
 61.320	  8.625	107.965       
 64.453	 10.622	108.293       
 67.909	 10.135	109.896       
 67.795	 11.207	113.552       
 70.504	 13.850	112.820       
 68.093	 15.852	110.648       
 65.275	 16.170	113.195       
 64.599	 17.967	115.277       
 67.780	 19.937	114.665       
 66.271	 20.792	111.258       
 62.631	 21.608	110.504       
 60.416	 19.185	108.707       
 56.974	 20.392	107.770       
 54.059	 18.704	105.996       
 52.083	 20.826	103.518       
 48.407	 19.744	103.267       
 46.321	 21.186	100.438       
 42.522	 20.519	100.145       
 40.943	 22.185	 97.027       
 38.318	 24.531	 98.671       
 40.457	 27.216	100.500       
 42.100	 24.821	102.921       
 45.903	 25.018	103.264       
 48.116	 24.393	106.360       
 51.772	 24.139	106.829       
 52.174	 22.114	110.060       
 55.753	 22.078	111.511       
 56.334	 18.864	113.408       
 57.743	 19.837	116.770       
 58.881	 17.677	119.657       
 56.234	 17.721	122.498       
 56.963	 19.174	126.041       
 58.362	 16.492	128.444       
