BRIEF 1W72 A 274              
 33.100	 46.142	115.704  0.615
 30.351	 44.245	113.929  0.509
 28.740	 41.067	115.203  0.592
 26.845	 38.094	113.900  0.600
 24.409	 35.486	115.245 -1.049
 24.273	 32.153	113.419  0.109
 22.305	 28.946	113.854  0.615
 23.688	 25.752	112.241  0.415
 21.453	 22.677	111.773 -3.211
 22.391	 19.183	110.665  0.500
 19.919	 16.305	110.113 -1.052
 21.122	 12.854	109.058 -0.371
 18.695	 10.105	108.010  0.600
 19.364	  6.727	109.620  0.462
 17.489	  3.857	107.857  0.573
 16.645	  0.967	110.223  0.273
 18.323	  2.777	113.144 -0.127
 15.005	  4.660	113.218 -0.172
 14.858	  8.427	113.700 -0.099
 17.299	 10.888	112.117  0.443
 20.119	 12.439	114.054  0.290
 19.387	 16.146	114.639 -0.869
 21.851	 18.659	116.022 -0.354
 21.494	 22.416	116.190 -3.211
 24.081	 24.897	117.419  0.595
 23.823	 28.644	117.913  0.567
 26.733	 31.133	117.892  0.615
 27.300	 34.790	118.546  0.595
 30.417	 35.594	116.537  0.620
 32.806	 32.664	117.367  0.497
 31.133	 31.785	120.655  0.573
 28.699	 28.878	120.807  0.404
 25.859	 29.645	123.267  0.566
 23.308	 26.863	122.766  0.272
 22.826	 23.379	121.458  0.136
 20.060	 20.919	120.760  0.566
 21.021	 17.300	120.111  0.558
 18.571	 14.421	119.484  0.555
 21.211	 11.983	120.752  0.497
 21.989	 13.994	123.913  0.278
 20.177	 13.006	127.092 -0.446
 18.379	 16.363	127.708  0.086
 15.603	 16.843	125.073 -0.059
 15.840	 20.632	125.572  0.463
 17.838	 23.423	123.999 -1.049
 20.741	 23.921	126.384  0.483
 23.236	 26.584	127.354  0.486
 26.846	 26.518	126.109  0.494
 27.927	 29.919	127.428  0.230
 27.370	 31.328	130.957 -0.311
 25.594	 34.536	129.767  0.505
 22.697	 32.652	128.061 -1.049
 21.765	 31.282	131.521  0.342
 20.518	 34.776	132.403  0.338
 17.465	 33.867	130.218  0.341
 14.403	 32.620	132.146  0.122
 12.212	 29.497	131.836  0.573
 10.039	 31.051	129.074  0.483
 13.025	 31.582	126.804  0.615
 14.108	 27.983	127.311  0.505
 10.568	 26.639	126.713 -0.235
 10.172	 28.745	123.553 -3.209
 13.628	 27.896	122.107 -3.211
 13.112	 24.205	122.964  0.597
  9.835	 24.200	120.999 -0.406
 11.561	 25.905	118.093 -3.211
 14.242	 23.210	118.107 -3.211
 11.672	 20.429	118.286  0.476
  9.671	 22.077	115.440 -3.089
 12.758	 22.585	113.261 -3.211
 13.809	 18.972	113.833 -0.030
 10.433	 17.768	112.575  0.527
 10.658	 19.996	109.507 -1.049
 14.041	 18.580	108.526 -3.211
 12.863	 15.056	109.157  0.327
  9.904	 15.690	106.842 -1.049
 12.242	 17.324	104.314 -3.211
 14.612	 14.327	104.277  0.616
 11.650	 12.136	103.214 -1.046
 10.570	 14.795	100.727 -1.049
 14.008	 15.084	 99.122 -1.052
 14.431	 11.323	 98.816 -1.056
 11.136	 11.508	 96.909 -1.049
 12.002	 14.479	 94.673  0.615
 15.332	 12.951	 93.656  0.615
 13.964	  9.382	 93.351  0.596
 16.627	  8.037	 95.697  0.589
 16.577	  4.562	 97.253  0.577
 15.584	  3.963	100.884  0.088
 18.770	  2.166	101.993 -0.433
 21.282	  5.040	101.907  0.468
 21.814	  7.852	104.402  0.577
 21.295	 11.544	103.498  0.620
 21.965	 14.887	105.134  0.402
 20.323	 18.287	105.355 -3.211
 22.198	 21.388	106.599  0.620
 20.704	 24.828	107.238 -3.211
 22.524	 27.956	108.352  0.511
 20.752	 31.189	109.152 -3.211
 21.449	 34.415	111.014  0.615
 22.046	 38.134	110.925  0.614
 24.863	 40.703	111.147  0.143
 24.658	 44.020	113.016 -0.351
 26.969	 47.021	112.989  0.021
 28.956	 48.414	115.939  0.205
 25.873	 50.368	117.070  0.528
 23.459	 47.460	116.597  0.073
 22.153	 48.438	113.165  0.236
 21.001	 45.526	110.990 -0.180
 23.579	 44.865	108.241  0.092
 22.183	 41.705	106.700  0.205
 20.587	 38.315	107.055  0.517
 21.203	 34.851	105.638 -0.126
 19.264	 31.616	105.102 -3.211
 20.858	 28.772	103.130  0.465
 20.060	 25.084	102.845 -3.211
 22.187	 22.165	101.576  0.462
 21.419	 18.521	100.730  0.563
 24.193	 15.972	100.889  0.497
 26.737	 18.802	101.356  0.567
 25.732	 20.741	 98.232 -0.529
 23.638	 23.892	 97.863  0.528
 19.913	 23.208	 97.721  0.563
 18.177	 26.587	 98.160 -0.001
 19.261	 29.974	 99.510  0.278
 17.529	 33.252	100.359  0.569
 19.265	 36.013	 98.331  0.546
 20.747	 39.123	 99.981 -0.435
 17.707	 41.258	 99.154  0.497
 15.782	 38.830	101.442  0.568
 12.991	 38.914	 98.853  0.213
 13.922	 36.081	 96.478  0.532
 15.536	 32.637	 96.250  0.604
 18.255	 30.835	 94.330  0.451
 17.498	 27.146	 93.744  0.570
 20.602	 25.005	 92.975  0.439
 18.743	 22.396	 90.910  0.497
 15.450	 21.197	 89.549 -1.049
 14.228	 19.680	 92.848  0.386
 14.972	 22.945	 94.662  0.621
 12.819	 24.625	 91.910  0.245
  9.816	 22.739	 93.252  0.195
 10.656	 24.183	 96.650  0.373
 11.303	 27.657	 95.204 -0.104
  7.981	 27.906	 93.410  0.399
  5.954	 26.824	 96.433  0.548
  7.888	 29.188	 98.694 -1.132
  7.343	 32.081	 96.314  0.413
  3.578	 31.310	 96.206 -0.094
  3.355	 31.548	100.031  0.048
  5.671	 34.583	100.303 -1.036
  8.140	 32.686	102.463 -3.211
 10.850	 35.314	101.881  0.517
  8.718	 37.932	103.655  0.517
  8.430	 35.556	106.653 -3.193
 12.206	 35.009	106.792 -3.211
 12.924	 38.717	106.358  0.526
 10.570	 39.495	109.231 -0.368
 12.608	 37.064	111.348  0.301
 16.095	 38.190	110.180  0.138
 15.351	 41.921	110.513  0.338
 13.282	 41.484	113.702  0.266
 13.848	 38.870	116.437 -3.211
 17.155	 37.753	114.997  0.558
 18.489	 41.281	115.511 -1.049
 16.670	 41.778	118.842  0.274
 18.083	 38.470	120.064 -3.211
 21.624	 39.235	118.898  0.616
 21.639	 42.687	120.498  0.059
 20.380	 41.353	123.824  0.526
 23.016	 38.584	123.797 -0.801
 25.698	 41.167	123.031  0.568
 24.592	 43.182	126.087  0.380
 24.149	 40.245	128.485  0.078
 27.345	 38.615	127.324  0.468
 29.312	 41.829	126.764  0.442
 32.096	 40.867	129.185  0.349
 33.133	 38.050	126.807 -0.094
 31.488	 38.739	123.431  0.520
 32.520	 42.434	123.353  0.421
 36.003	 41.743	124.643  0.368
 39.018	 40.208	122.930  0.248
 41.822	 37.834	123.947  0.105
 45.118	 38.675	122.274 -0.396
 47.271	 35.881	120.845  0.573
 49.984	 34.574	123.164  0.334
 52.965	 34.136	120.911  0.524
 56.249	 32.317	120.711  0.392
 58.689	 30.957	118.193  0.543
 60.132	 27.443	117.964  0.543
 63.235	 26.302	116.149  0.535
 63.865	 22.757	114.886  0.620
 66.822	 21.796	112.674  0.053
 65.876	 19.619	109.658 -0.513
 69.399	 19.035	108.386  0.509
 72.856	 20.572	108.774 -0.024
 71.769	 23.297	106.287 -0.047
 68.025	 23.958	106.916  0.410
 65.901	 24.557	110.016  0.335
 62.155	 24.998	110.629  0.525
 60.965	 28.198	112.295  0.616
 57.463	 27.964	113.675  0.620
 55.589	 31.005	114.861  0.614
 52.762	 30.274	117.283  0.604
 49.650	 32.237	118.229  0.544
 47.712	 30.737	121.205  0.425
 44.709	 31.619	123.408  0.325
 43.107	 34.169	121.084  0.566
 39.542	 35.325	120.448  0.615
 37.931	 35.973	118.059  0.573
 39.140	 33.390	115.522  0.377
 40.101	 35.850	112.740  0.207
 43.872	 36.284	112.587  0.621
 46.663	 36.896	110.095  0.451
 50.114	 35.253	110.457  0.521
 52.750	 36.368	107.976  0.548
 56.447	 35.565	107.500  0.604
 58.841	 38.062	106.024  0.151
 62.509	 37.753	104.923  0.200
 64.531	 40.994	105.092  0.116
 61.197	 42.702	105.549  0.518
 59.684	 41.045	102.465  0.551
 56.528	 38.867	102.518 -0.370
 57.373	 35.149	102.131  0.491
 54.110	 33.779	100.702  0.500
 55.746	 30.756	 99.063  0.559
 57.790	 28.650	101.518  0.559
 55.227	 29.041	104.320  0.343
 53.543	 26.093	106.097  0.517
 50.221	 27.437	107.476 -0.313
 47.662	 25.424	109.478  0.569
 43.923	 26.051	109.685  0.517
 42.936	 28.084	112.736  0.573
 41.796	 25.537	115.375  0.557
 39.926	 25.565	118.726  0.573
 41.963	 25.334	121.950 -0.341
 38.886	 23.839	123.585  0.615
 38.301	 26.689	126.044  0.497
 36.523	 29.083	123.657  0.235
 39.823	 30.434	122.212  0.326
 41.797	 29.612	119.094  0.566
 45.251	 28.598	117.998  0.620
 47.252	 28.928	114.777  0.619
 50.817	 28.529	113.552  0.604
 52.863	 29.309	110.453 -0.087
 56.282	 27.934	109.696  0.492
 59.132	 28.506	107.251  0.566
 62.145	 26.419	106.202  0.460
 65.222	 28.649	106.398  0.621
 68.946	 28.127	105.857  0.308
 70.788	 27.435	109.099  0.507
 72.481	 30.626	110.361  0.518
 70.064	 32.962	108.550 -0.402
 67.327	 32.772	111.214  0.619
 67.498	 36.438	112.317  0.153
 66.486	 37.516	108.761  0.141
 62.977	 36.097	109.184  0.563
 60.184	 37.756	111.128  0.452
 56.699	 36.569	111.926  0.614
 53.968	 39.187	111.851  0.273
 50.759	 38.686	113.849  0.569
 47.666	 40.798	113.264  0.397
 44.653	 40.388	115.602  0.620
 41.973	 42.847	116.827 -0.036
 43.024	 41.991	120.369  0.567
 46.375	 43.692	119.649  0.616
 46.841	 47.465	119.879 -0.805
 49.541	 47.061	117.231 -0.942
 50.654	 44.132	114.993  0.573
 53.374	 41.993	116.599  0.058
 56.708	 41.153	115.093  0.452
 58.491	 37.984	116.289  0.328
 62.123	 37.122	115.449  0.141
 64.208	 34.125	116.528  0.604
BRIEF 1W72 B 100              
 27.042	 12.215	 96.322       
 30.362	 13.943	 97.055       
 32.327	 12.852	100.147       
 35.236	 14.767	101.659       
 38.053	 13.221	103.704       
 38.973	 14.748	107.096       
 41.971	 16.944	107.903       
 43.415	 15.924	111.291       
 45.361	 18.043	113.803       
 46.524	 16.671	117.142       
 47.710	 19.193	119.755       
 47.509	 20.233	123.420       
 45.410	 23.129	124.766       
 48.417	 24.701	126.475       
 52.150	 24.264	125.791       
 53.103	 20.868	127.232       
 54.917	 20.671	130.547       
 55.740	 17.327	132.137       
 53.616	 16.492	135.193       
 51.264	 19.455	134.647       
 47.605	 18.727	133.846       
 46.491	 19.811	130.368       
 44.120	 18.825	127.513       
 44.861	 16.626	124.469       
 43.040	 17.730	121.330       
 42.182	 16.148	118.006       
 40.497	 18.471	115.515       
 38.909	 16.919	112.496       
 37.521	 19.266	109.856       
 36.691	 19.428	106.160       
 34.800	 16.145	106.072       
 31.458	 14.896	104.692       
 29.334	 13.032	105.615       
 29.402	 13.743	109.366       
 29.653	 10.137	110.543       
 33.218	  9.756	111.727       
 35.069	  7.697	114.312       
 37.737	  9.454	116.374       
 39.879	  7.906	119.115       
 42.567	  9.438	121.318       
 45.429	  7.018	122.034       
 47.931	  6.737	124.923       
 50.802	  4.411	124.019       
 48.695	  2.982	121.151       
 45.778	  2.253	123.506       
 42.275	  3.765	123.341       
 41.400	  6.384	125.951       
 37.902	  5.809	127.469       
 36.678	  9.193	128.789       
 36.897	 11.105	125.450       
 34.479	 13.977	124.755       
 33.844	 16.095	121.692       
 32.390	 19.422	120.649       
 28.951	 19.870	119.137       
 28.863	 19.105	115.404       
 28.984	 22.214	113.255       
 30.143	 23.058	109.735       
 31.902	 25.557	107.526       
 30.861	 27.785	104.640       
 31.518	 24.948	102.131       
 29.219	 22.781	104.339       
 32.113	 20.549	105.478       
 31.910	 19.429	109.110       
 34.302	 20.025	111.987       
 34.570	 18.557	115.502       
 37.014	 18.712	118.437       
 37.600	 15.531	120.474       
 39.516	 15.995	123.714       
 40.474	 14.756	127.151       
 42.309	 16.135	130.167       
 45.765	 14.584	130.485       
 48.988	 15.084	132.419       
 51.846	 14.559	129.963       
 55.182	 12.889	130.764       
 58.436	 12.298	128.836       
 57.753	  8.584	128.173       
 54.062	  8.583	127.245       
 53.184	  8.731	123.555       
 49.837	 10.049	122.280       
 47.915	  9.956	119.047       
 44.631	 10.427	117.268       
 43.073	  7.575	115.277       
 40.429	  8.515	112.732       
 38.131	  6.519	110.422       
 35.678	  7.886	107.879       
 33.964	  6.365	104.815       
 36.627	  8.126	102.636       
 39.409	  6.171	104.377       
 40.360	  2.498	103.774       
 41.725	  2.018	107.266       
 42.110	  4.204	110.326       
 44.521	  7.105	109.726       
 46.741	  7.701	112.757       
 48.301	 11.062	113.583       
 50.758	 11.020	116.474       
 50.835	 13.902	118.970       
 53.948	 15.994	118.492       
 54.735	 18.771	120.998       
 56.145	 20.911	118.102       
 52.821	 21.089	116.122       
BRIEF 1W72 D 274              
 49.641	 -9.774	 90.507       
 51.231	 -9.761	 87.076       
 53.290	 -6.839	 85.818       
 54.733	 -5.510	 82.604       
 57.460	 -3.249	 81.324       
 57.074	 -1.405	 78.014       
 59.100	  1.037	 75.957       
 57.372	  3.214	 73.346       
 59.411	  5.129	 70.743       
 58.291	  7.722	 68.246       
 60.390	  9.214	 65.435       
 58.923	 11.850	 63.135       
 60.901	 13.200	 60.206       
 60.953	 16.963	 59.670       
 62.247	 17.713	 56.149       
 63.657	 21.238	 55.815       
 63.431	 21.670	 59.589       
 66.365	 19.328	 60.377       
 66.777	 15.961	 62.169       
 63.693	 13.925	 63.125       
 61.828	 14.375	 66.423       
 62.527	 11.368	 68.695       
 60.614	 10.668	 71.891       
 61.009	  7.553	 74.021       
 59.045	  6.681	 77.150       
 59.392	  3.692	 79.496       
 56.620	  2.338	 81.769       
 56.141	 -0.290	 84.450       
 52.439	 -1.120	 84.352       
 50.652	  2.292	 84.138       
 53.596	  4.215	 85.665       
 56.096	  6.060	 83.429       
 59.675	  5.795	 84.795       
 62.051	  7.133	 82.103       
 62.001	  9.496	 79.202       
 64.178	 10.760	 76.354       
 63.368	 13.715	 74.095       
 65.672	 14.772	 71.248       
 64.312	 18.362	 71.529       
 65.125	 18.706	 75.251       
 68.418	 20.126	 76.582       
 69.758	 17.004	 78.405       
 70.331	 14.632	 75.494       
 70.204	 11.934	 78.190       
 67.680	  9.437	 79.516       
 65.839	 11.156	 82.358       
 64.011	  9.717	 85.362       
 60.268	 10.159	 85.782       
 59.675	  8.116	 88.964       
 61.395	  8.456	 92.366       
 62.566	  4.830	 92.524       
 64.596	  4.941	 89.271       
 66.901	  7.777	 90.498       
 68.354	  5.073	 92.771       
 70.484	  3.523	 89.957       
 73.955	  5.063	 89.560       
 75.654	  6.908	 86.699       
 76.505	  3.642	 84.934       
 72.828	  2.891	 84.483       
 72.081	  6.354	 83.053       
 75.154	  6.313	 80.803       
 74.010	  3.018	 79.248       
 70.371	  3.995	 78.908       
 71.385	  7.346	 77.414       
 73.507	  5.498	 74.833       
 70.721	  3.010	 74.121       
 68.393	  5.916	 73.366       
 70.774	  7.774	 70.986       
 71.470	  4.517	 69.169       
 67.725	  3.887	 68.855       
 67.217	  7.381	 67.383       
 70.040	  6.753	 64.881       
 68.420	  3.448	 63.798       
 65.027	  5.175	 63.300       
 66.742	  8.020	 61.434       
 68.218	  5.476	 59.012       
 64.967	  3.553	 58.843       
 62.994	  6.674	 57.843       
 65.352	  7.044	 54.861       
 65.062	  3.348	 54.112       
 61.266	  3.265	 54.154       
 61.076	  6.422	 52.048       
 63.057	  4.299	 49.564       
 60.933	  1.128	 49.974       
 57.618	  2.976	 49.470       
 58.933	  5.339	 46.776       
 57.842	  8.468	 48.672       
 59.077	 12.048	 48.171       
 61.429	 13.859	 50.570       
 59.172	 16.908	 51.085       
 56.803	 15.199	 53.540       
 56.832	 14.120	 57.214       
 56.817	 10.458	 58.280       
 56.536	  8.475	 61.529       
 58.145	  5.297	 62.881       
 56.734	  3.829	 66.134       
 58.060	  0.888	 68.151       
 56.805	 -0.737	 71.288       
 58.496	 -3.539	 73.147       
 58.583	 -5.236	 76.498       
 57.671	 -8.180	 78.676       
 55.164	 -9.436	 81.263       
 55.959	-11.390	 84.403       
 53.621	-13.411	 86.578       
 52.827	-13.071	 90.292       
 56.060	-14.936	 91.149       
 58.112	-12.723	 88.805       
 58.267	-15.395	 86.063       
 58.328	-14.506	 82.315       
 54.901	-14.855	 80.674       
 55.197	-13.102	 77.308       
 57.284	-10.750	 75.219       
 56.490	 -8.148	 72.608       
 58.195	 -6.193	 69.851       
 56.183	 -4.339	 67.122       
 57.069	 -1.648	 64.559       
 54.821	  0.719	 62.670       
 55.209	  3.097	 59.771       
 52.958	  6.118	 59.388       
 50.514	  4.806	 61.982       
 50.139	  1.273	 60.569       
 51.723	 -2.141	 61.191       
 55.069	 -2.555	 59.499       
 56.581	 -5.595	 61.184       
 55.903	 -7.451	 64.413       
 57.622	-10.185	 66.370       
 55.097	-13.015	 66.753       
 54.096	-14.567	 70.134       
 56.559	-17.467	 69.813       
 59.333	-14.812	 69.623       
 60.987	-16.926	 66.884       
 58.937	-15.686	 63.943       
 57.984	-12.448	 62.170       
 54.813	-11.012	 60.597       
 55.342	 -8.452	 57.822       
 52.369	 -6.158	 56.994       
 53.297	 -5.763	 53.301       
 55.852	 -6.336	 50.469       
 58.210	 -3.619	 51.812       
 58.170	 -5.240	 55.250       
 58.825	 -8.572	 53.536       
 62.276	 -7.204	 52.549       
 63.013	 -6.546	 56.219       
 61.602	 -9.914	 57.393       
 63.804	-11.797	 54.961       
 67.038	-10.118	 56.067       
 66.016	-10.407	 59.768       
 65.397	-14.159	 59.294       
 68.906	-14.587	 57.850       
 70.747	-12.966	 60.782       
 68.449	-14.489	 63.479       
 67.012	-11.201	 64.741       
 64.035	-12.893	 66.409       
 66.443	-14.894	 68.525       
 68.242	-11.704	 69.636       
 64.967	 -9.995	 70.584       
 63.841	-13.128	 72.476       
 67.114	-13.096	 74.423       
 66.482	 -9.507	 75.425       
 62.793	-10.103	 76.261       
 63.332	-13.251	 78.344       
 66.609	-11.956	 79.920       
 67.419	 -8.278	 80.651       
 63.815	 -7.063	 80.054       
 62.602	 -9.344	 82.867       
 65.678	 -8.740	 85.064       
 64.995	 -4.997	 84.790       
 61.240	 -5.308	 85.426       
 61.978	 -7.468	 88.486       
 64.435	 -4.925	 89.918       
 62.080	 -1.993	 89.359       
 59.158	 -3.813	 90.998       
 61.243	 -4.365	 94.112       
 63.047	 -1.009	 94.231       
 59.689	  0.723	 93.776       
 57.513	 -1.665	 95.817       
 55.958	  1.145	 97.902       
 54.210	  2.498	 94.780       
 54.483	 -0.104	 91.996       
 52.849	 -2.969	 93.935       
 50.150	 -0.703	 95.376       
 46.522	 -0.905	 94.314       
 44.553	  2.275	 94.996       
 40.837	  1.483	 94.990       
 38.432	  3.725	 93.133       
 36.725	  6.308	 95.233       
 33.161	  6.087	 93.900       
 30.042	  8.234	 93.753       
 26.921	  8.808	 91.679       
 25.469	 11.991	 90.255       
 21.988	 12.619	 88.864       
 20.895	 14.984	 86.086       
 17.227	 15.402	 85.207       
 16.694	 16.046	 81.491       
 12.973	 16.590	 81.481       
 10.344	 15.522	 83.979       
 10.227	 12.073	 82.333       
 13.944	 11.244	 82.068       
 17.113	 11.658	 84.099       
 20.733	 10.690	 83.679       
 22.507	  8.673	 86.350       
 26.310	  8.938	 86.185       
 28.569	  6.525	 88.032       
 32.038	  7.808	 89.000       
 35.359	  6.040	 89.749       
 38.190	  8.378	 90.793       
 41.767	  8.083	 92.076       
 42.371	  4.446	 91.172       
 45.524	  2.565	 90.232       
 46.126	  0.564	 88.184       
 44.148	  1.888	 85.174       
 42.198	 -1.349	 84.503       
 38.619	 -1.034	 85.739       
 35.106	 -2.130	 84.786       
 31.957	  0.037	 85.211       
 28.681	 -1.813	 84.558       
 25.039	 -0.645	 84.831       
 22.288	 -3.063	 85.838       
 18.497	 -2.766	 85.968       
 16.831	 -5.059	 88.519       
 20.097	 -7.025	 88.484       
 20.286	 -7.417	 84.669       
 23.081	 -5.754	 82.666       
 21.939	 -2.563	 80.915       
 24.201	 -1.913	 77.910       
 21.710	 -0.396	 75.461       
 21.481	  3.101	 76.889       
 24.847	  3.027	 78.701       
 27.479	  5.667	 77.848       
 31.112	  5.325	 78.971       
 34.130	  7.571	 78.569       
 37.594	  6.064	 78.075       
 39.754	  5.764	 81.198       
 41.760	  8.943	 81.671       
 44.727	 10.037	 83.807       
 44.129	 12.389	 86.738       
 47.663	 13.700	 86.272       
 48.855	 12.489	 89.710       
 49.445	  8.815	 88.868       
 45.780	  7.751	 89.334       
 42.941	  7.333	 86.838       
 39.312	  8.329	 86.384       
 36.323	  6.877	 84.587       
 32.550	  7.219	 84.473       
 29.544	  5.402	 83.085       
 26.130	  6.974	 82.549       
 22.660	  5.797	 81.673       
 19.437	  7.694	 80.781       
 16.475	  6.293	 82.797       
 12.744	  7.068	 83.206       
 12.140	  9.469	 86.090       
 10.810	  7.567	 89.107       
 12.682	  4.362	 88.092       
 16.154	  5.396	 89.329       
 16.132	  3.036	 92.291       
 15.930	  0.068	 89.816       
 19.470	  0.800	 88.600       
 22.736	 -0.198	 90.194       
 26.254	  0.694	 89.173       
 28.872	 -2.049	 89.495       
 32.554	 -1.333	 89.906       
 35.280	 -3.916	 89.482       
 38.900	 -3.167	 90.352       
 41.793	 -5.209	 91.878       
 42.233	 -2.756	 94.784       
 38.611	 -3.469	 95.799       
 38.463	 -6.482	 98.125       
 34.974	 -7.145	 96.737       
 33.211	 -5.575	 93.736       
 31.202	 -2.447	 94.710       
 27.518	 -1.884	 93.982       
 26.240	  1.701	 94.016       
 22.654	  2.893	 93.895       
 21.195	  6.397	 93.745       
BRIEF 1W72 E 100              
 48.447	  7.885	 54.821       
 45.786	  7.144	 57.459       
 44.865	 10.117	 59.670       
 42.932	  9.881	 62.969       
 41.160	 12.764	 64.695       
 41.720	 13.185	 68.441       
 39.262	 12.488	 71.255       
 39.133	 15.248	 73.875       
 38.304	 15.109	 77.580       
 38.534	 18.253	 79.664       
 38.277	 17.675	 83.408       
 39.832	 18.375	 86.782       
 42.355	 16.268	 88.702       
 40.132	 16.592	 91.756       
 36.384	 17.249	 92.155       
 35.615	 20.865	 91.272       
 35.262	 22.904	 94.516       
 35.224	 26.755	 94.354       
 38.116	 28.663	 95.935       
 40.749	 25.937	 96.305       
 43.664	 24.937	 94.043       
 43.274	 22.099	 91.514       
 44.516	 20.939	 88.096       
 42.639	 21.434	 84.848       
 43.251	 18.594	 82.457       
 42.819	 18.190	 78.747       
 43.403	 14.622	 77.729       
 43.757	 14.131	 74.017       
 43.988	 10.665	 72.502       
 43.239	  8.415	 69.546       
 45.045	 10.716	 67.117       
 47.539	 10.387	 64.284       
 49.817	 12.020	 63.444       
 51.349	 13.339	 66.690       
 51.731	 16.989	 65.693       
 48.949	 18.658	 67.647       
 48.352	 22.104	 69.183       
 46.637	 22.183	 72.613       
 45.624	 25.211	 74.664       
 43.795	 25.497	 77.933       
 41.622	 28.630	 78.053       
 40.207	 30.819	 80.820       
 37.341	 33.193	 80.026       
 38.227	 32.805	 76.330       
 41.994	 33.500	 76.550       
 45.037	 31.213	 76.900       
 46.855	 30.193	 80.086       
 50.667	 30.494	 79.719       
 51.918	 27.974	 82.315       
 50.237	 24.874	 80.756       
 52.385	 21.678	 80.726       
 52.087	 18.286	 78.920       
 53.018	 14.610	 79.340       
 55.610	 12.735	 77.280       
 54.235	 11.552	 73.945       
 53.131	  7.941	 73.929       
 50.682	  5.605	 72.229       
 48.286	  2.713	 72.722       
 48.275	 -0.786	 71.100       
 46.601	  0.474	 67.896       
 49.504	  3.020	 67.502       
 47.258	  5.923	 68.472       
 48.930	  8.774	 70.370       
 47.806	 10.348	 73.660       
 48.810	 13.414	 75.723       
 47.668	 14.978	 78.979       
 47.863	 18.771	 78.929       
 47.404	 20.492	 82.257       
 47.643	 23.638	 84.329       
 47.112	 24.373	 88.025       
 44.044	 26.549	 88.720       
 41.443	 27.703	 91.247       
 37.906	 27.209	 89.859       
 35.039	 29.648	 90.592       
 31.369	 30.336	 89.829       
 32.676	 33.094	 87.550       
 35.654	 31.759	 85.568       
 34.702	 29.478	 82.670       
 37.313	 27.103	 81.187       
 37.923	 25.075	 77.986       
 40.420	 23.180	 75.790       
 41.267	 24.270	 72.254       
 42.780	 21.504	 70.140       
 44.106	 21.735	 66.582       
 45.293	 18.818	 64.445       
 45.656	 18.193	 60.662       
 42.243	 16.433	 60.621       
 40.438	 19.516	 62.006       
 39.305	 22.425	 59.802       
 39.509	 24.829	 62.754       
 40.557	 24.635	 66.427       
 37.997	 22.495	 68.285       
 36.926	 24.078	 71.557       
 35.410	 21.861	 74.253       
 34.082	 23.554	 77.399       
 34.964	 22.211	 80.838       
 31.827	 20.675	 82.399       
 32.245	 19.808	 86.104       
 29.832	 16.882	 85.672       
 31.898	 15.148	 82.957       
BRIEF 1W72 H 223              
 -8.835	 13.948	128.504       
 -8.304	 15.054	124.870       
-11.322	 16.402	123.033       
-11.842	 18.112	119.673       
-15.424	 19.364	119.607       
-16.745	 20.542	116.246       
-19.675	 22.947	115.836       
-21.250	 25.242	113.220       
-22.574	 22.533	110.898       
-26.030	 22.847	109.372       
-27.882	 23.428	106.117       
-26.502	 26.119	103.777       
-27.882	 27.231	100.465       
-25.305	 26.757	 97.678       
-23.328	 29.969	 97.044       
-23.499	 31.036	100.698       
-21.068	 30.671	103.596       
-20.639	 28.814	106.837       
-18.041	 28.834	109.656       
-17.126	 25.651	111.470       
-15.357	 25.816	114.825       
-13.490	 23.151	116.793       
-12.896	 23.553	120.534       
 -9.713	 21.759	121.643       
 -9.150	 20.621	125.189       
 -6.944	 18.379	127.264       
 -3.706	 19.009	125.373       
 -1.259	 21.861	124.602       
 -3.083	 23.100	121.521       
 -0.305	 25.392	120.323       
  2.260	 22.552	120.136       
  0.332	 20.818	117.309       
 -0.668	 21.175	113.727       
 -4.418	 21.009	113.205       
 -6.515	 19.894	110.236       
 -9.966	 19.679	108.700       
-10.833	 16.399	106.965       
-14.239	 15.626	105.439       
-16.315	 12.666	104.369       
-19.203	 12.951	101.874       
-22.156	 10.597	102.404       
-21.159	  6.989	101.621       
-17.673	  8.060	100.517       
-14.094	  8.084	101.835       
-12.035	 10.688	103.686       
-10.780	 13.857	101.974       
 -8.279	 16.249	103.534       
 -9.589	 19.821	103.325       
 -6.901	 21.982	104.974       
 -4.126	 22.096	107.534       
 -2.410	 24.657	109.712       
  0.863	 24.297	111.592       
  1.206	 25.064	115.273       
  1.946	 28.785	115.042       
  0.134	 29.368	111.748       
  3.593	 29.593	110.069       
  2.468	 27.321	107.246       
 -1.019	 26.603	105.846       
 -2.332	 24.288	103.144       
 -5.476	 23.580	101.214       
 -6.854	 20.875	 98.957       
 -7.283	 22.088	 95.365       
-10.963	 21.301	 95.638       
-11.340	 24.167	 98.169       
 -8.629	 26.713	 97.388       
 -9.973	 30.253	 96.946       
-13.145	 29.382	 98.858       
-12.213	 27.937	102.271       
 -9.952	 29.497	104.901       
 -8.427	 27.671	107.918       
 -7.350	 29.648	111.017       
 -6.606	 29.152	114.713       
 -6.787	 31.109	117.945       
 -4.144	 29.620	120.219       
 -5.334	 31.739	123.130       
 -8.835	 30.192	122.911       
 -7.699	 26.691	121.877       
 -9.936	 26.903	118.791       
 -9.584	 26.011	115.139       
-11.838	 27.443	112.428       
-12.936	 26.722	108.876       
-14.490	 29.593	106.976       
-16.296	 28.045	103.996       
-17.376	 30.419	101.247       
-19.128	 29.892	 97.903       
-20.443	 26.531	 99.007       
-21.318	 23.845	 96.482       
-23.418	 20.745	 96.602       
-20.229	 18.621	 96.603       
-18.992	 20.232	 99.838       
-21.781	 18.330	101.600       
-19.969	 16.165	104.128       
-19.167	 15.367	107.704       
-16.323	 17.688	108.605       
-13.840	 16.351	111.154       
-11.530	 18.457	113.259       
 -8.255	 16.523	113.647       
 -4.943	 16.892	115.427       
 -1.699	 16.520	113.494       
  0.732	 14.326	115.361       
  3.476	 16.964	115.204       
  4.082	 20.672	114.933       
  3.575	 20.840	111.145       
  0.557	 20.379	108.890       
  2.789	 18.633	106.341       
  4.066	 15.038	106.677       
  2.725	 14.161	110.178       
 -0.541	 12.182	110.212       
 -3.721	 12.859	112.202       
 -3.658	 11.249	115.679       
 -6.876	 12.574	117.269       
-10.164	 13.066	115.481       
-13.353	 14.805	116.702       
-16.830	 13.207	116.160       
-17.527	 15.586	113.221       
-20.102	 18.195	112.287       
-22.399	 17.868	109.277       
-22.531	 20.350	106.441       
-25.486	 19.971	104.106       
-25.217	 22.300	101.087       
-28.767	 22.310	 99.810       
-31.369	 24.343	 97.945       
-34.068	 22.903	100.233       
-35.482	 24.200	103.546       
-34.910	 22.829	107.042       
-37.763	 21.144	108.845       
-37.621	 20.415	112.577       
-39.215	 17.118	113.622       
-42.434	 16.395	115.550       
-41.513	 14.300	118.596       
-43.896	 11.697	120.051       
-43.391	  9.427	123.061       
-43.316	  5.641	122.620       
-44.751	  4.422	125.886       
-43.560	  1.234	127.556       
-46.070	 -1.677	127.591       
-46.665	 -5.008	129.324       
-44.119	 -7.873	129.195       
-41.988	 -5.702	126.873       
-39.008	 -8.074	127.365       
-39.465	-11.224	129.497       
-36.126	-10.613	131.269       
-37.624	 -7.973	133.577       
-36.810	 -5.124	131.189       
-39.174	 -2.740	129.439       
-38.584	 -0.751	126.273       
-39.734	  2.811	125.746       
-38.677	  5.460	123.290       
-39.259	  8.551	121.262       
-40.420	  8.904	117.693       
-38.606	 11.768	115.872       
-40.840	 12.452	112.916       
-40.542	 14.279	109.561       
-37.335	 16.314	109.654       
-34.744	 17.487	107.127       
-31.865	 17.275	106.875       
-29.976	 14.757	108.970       
-28.737	 14.557	111.551       
-30.715	 14.754	114.770       
-29.208	 13.960	118.198       
-31.258	 12.282	120.900       
-30.171	 12.022	124.506       
-32.027	 10.726	127.569       
-32.235	 12.383	130.973       
-29.939	 15.137	129.651       
-27.085	 12.695	129.033       
-27.307	 10.997	132.462       
-28.864	  7.795	131.068       
-26.668	  6.052	128.469       
-26.770	  2.304	129.121       
-29.599	  0.570	127.268       
-30.071	  3.371	124.750       
-30.371	  2.575	121.050       
-31.004	  5.413	118.628       
-31.802	  3.825	115.282       
-30.553	  5.006	111.883       
-33.019	  7.284	110.124       
-35.397	  6.122	107.462       
-35.581	  8.340	104.395       
-39.257	  8.481	103.480       
-40.676	  8.791	 99.964       
-41.719	 12.274	101.065       
-38.027	 13.290	101.128       
-38.215	 13.717	104.913       
-36.605	 11.632	107.547       
-37.804	  9.872	110.667       
-35.949	  8.028	113.383       
-36.647	  6.385	116.708       
-34.623	  6.099	119.883       
-35.391	  3.396	122.445       
-34.149	  2.908	125.960       
-34.540	 -0.512	127.512       
-34.787	 -0.275	131.301       
-35.480	 -2.656	134.209       
-39.243	 -3.175	134.432       
-39.147	 -2.696	138.215       
-38.082	  0.977	137.844       
-41.177	  2.520	136.188       
-42.892	  5.478	137.886       
-39.714	  5.775	139.961       
-37.248	  7.428	137.602       
-38.485	  9.941	135.001       
-37.687	  9.238	131.353       
-37.165	 12.185	128.991       
-35.738	 12.147	125.472       
-33.949	 15.335	124.533       
-34.215	 15.773	120.794       
-31.850	 18.282	119.109       
-32.186	 18.956	115.375       
-29.471	 21.568	115.096       
-30.046	 22.350	111.387       
-33.439	 23.929	112.309       
-32.578	 25.001	115.893       
-35.244	 22.503	117.036       
-34.862	 21.211	120.609       
-37.704	 19.147	122.049       
-37.856	 17.353	125.397       
-40.488	 14.668	125.714       
-41.499	 12.883	128.898       
-42.223	  9.223	128.146       
-44.755	  7.737	130.604       
-46.407	  4.299	130.781       
-49.739	  5.963	129.899       
BRIEF 1W72 I 223              
 94.986	 12.281	 68.183       
 92.448	  9.913	 66.584       
 94.083	  6.875	 64.962       
 93.272	  3.498	 63.381       
 96.306	  1.288	 62.819       
 95.949	 -1.960	 60.880       
 98.181	 -5.027	 61.077       
 98.386	 -8.683	 60.051       
 98.767	 -8.205	 56.273       
100.979	-10.465	 54.161       
101.268	-12.972	 51.338       
 99.512	-16.343	 51.492       
 98.471	-18.956	 48.949       
 94.859	-19.433	 47.809       
 92.782	-21.433	 50.327       
 94.844	-20.277	 53.307       
 93.836	-17.935	 56.125       
 94.885	-14.625	 57.611       
 93.728	-12.475	 60.552       
 93.789	 -8.667	 60.295       
 93.728	 -6.399	 63.367       
 93.084	 -2.664	 63.932       
 94.070	 -0.728	 67.028       
 91.844	  2.303	 67.733       
 92.670	  5.341	 69.887       
 91.572	  8.958	 70.433       
 87.822	  8.291	 70.665       
 85.200	  6.248	 72.527       
 85.433	  3.084	 70.437       
 82.301	  1.312	 71.723       
 80.038	  4.231	 70.689       
 80.915	  3.770	 67.009       
 80.327	  1.301	 64.219       
 83.521	  0.007	 62.583       
 84.255	 -1.250	 59.070       
 86.757	 -2.891	 56.698       
 87.026	 -1.490	 53.187       
 89.499	 -2.812	 50.644       
 91.141	 -1.497	 47.491       
 92.557	 -3.976	 44.930       
 95.714	 -2.742	 43.136       
 94.911	  0.104	 40.754       
 91.135	 -0.256	 41.497       
 88.339	  1.368	 43.549       
 86.946	  1.018	 47.043       
 84.911	 -2.055	 48.017       
 83.183	 -2.366	 51.369       
 84.075	 -5.663	 53.000       
 82.230	 -5.842	 56.306       
 80.706	 -3.711	 59.040       
 79.974	 -4.140	 62.753       
 77.749	 -1.906	 64.938       
 78.825	 -0.381	 68.286       
 77.821	 -3.336	 70.491       
 78.179	 -6.099	 67.835       
 74.319	 -6.354	 67.618       
 74.232	 -6.159	 63.844       
 76.889	 -7.290	 61.387       
 77.120	 -6.995	 57.595       
 79.230	 -8.594	 54.899       
 79.714	 -7.931	 51.233       
 78.374	-10.892	 49.211       
 81.865	-11.356	 47.767       
 83.190	-12.400	 51.241       
 80.127	-13.906	 52.989       
 80.771	-17.255	 54.607       
 84.581	-16.780	 54.426       
 85.349	-13.525	 56.330       
 84.260	-12.838	 59.949       
 84.331	 -9.360	 61.544       
 84.565	 -8.858	 65.305       
 85.522	 -6.287	 67.897       
 86.930	 -6.149	 71.397       
 85.476	 -3.054	 73.102       
 87.693	 -3.552	 76.188       
 90.932	 -3.494	 74.149       
 89.618	 -1.093	 71.468       
 90.358	 -3.441	 68.590       
 88.711	 -4.466	 65.339       
 89.375	 -7.845	 63.735       
 88.949	 -9.556	 60.377       
 89.374	-13.306	 60.128       
 89.884	-14.075	 56.470       
 89.389	-17.726	 55.444       
 89.516	-19.449	 52.038       
 91.362	-16.572	 50.443       
 91.177	-16.054	 46.679       
 93.516	-14.243	 44.330       
 90.885	-11.514	 44.052       
 90.930	-10.851	 47.838       
 94.380	 -9.291	 47.174       
 94.145	 -5.664	 48.283       
 94.900	 -2.912	 50.734       
 92.486	 -3.377	 53.636       
 91.473	 -0.264	 55.523       
 90.066	 -0.104	 58.993       
 87.462	  2.660	 59.213       
 85.110	  4.142	 61.732       
 81.426	  4.775	 60.901       
 79.892	  8.164	 61.840       
 77.309	  6.689	 64.222       
 76.531	  3.693	 66.400       
 75.354	  1.500	 63.469       
 77.229	 -0.114	 60.518       
 74.299	  0.690	 58.200       
 73.572	  4.196	 56.777       
 76.308	  6.225	 58.485       
 79.415	  6.845	 56.375       
 83.058	  6.276	 57.229       
 84.582	  9.293	 58.937       
 88.049	  8.035	 59.967       
 90.278	  5.653	 58.067       
 93.525	  3.880	 58.931       
 96.451	  3.787	 56.479       
 95.816	  0.146	 55.566       
 97.606	 -3.182	 55.530       
 98.441	 -5.126	 52.354       
 97.186	 -8.657	 51.717       
 98.445	-10.614	 48.708       
 96.957	-13.993	 47.753       
 98.901	-15.954	 45.150       
100.197	-19.462	 44.529       
103.128	-18.127	 42.583       
106.721	-18.719	 43.697       
108.646	-16.098	 45.678       
112.232	-14.887	 45.258       
114.094	-12.735	 47.755       
116.308	 -9.871	 46.558       
120.023	 -9.307	 46.374       
121.069	 -6.017	 48.000       
123.976	 -3.739	 47.165       
125.170	 -0.513	 48.754       
125.145	  2.589	 46.584       
127.876	  4.961	 47.601       
128.600	  8.429	 46.191       
131.981	  9.797	 45.112       
133.163	 13.156	 43.705       
129.391	 13.516	 43.009       
128.876	 15.040	 46.471       
128.020	 18.690	 45.725       
129.141	 22.012	 47.231       
125.619	 21.966	 48.798       
126.794	 19.963	 51.837       
124.728	 16.818	 51.165       
125.409	 13.311	 49.948       
123.046	 10.688	 48.526       
123.574	  7.148	 49.844       
121.455	  4.181	 48.833       
120.705	  0.522	 48.415       
119.961	 -1.357	 45.172       
117.348	 -4.098	 45.795       
117.633	 -6.467	 42.921       
115.772	 -9.392	 41.360       
112.847	-10.076	 43.762       
109.297	-11.346	 43.287       
106.585	-10.493	 43.930       
106.074	 -6.950	 45.152       
106.476	 -5.475	 47.558       
109.762	 -4.734	 49.334       
110.027	 -2.197	 52.148       
113.181	 -0.293	 53.019       
114.002	  1.555	 56.219       
117.256	  3.298	 57.205       
118.939	  2.731	 60.566       
115.698	  1.066	 61.719       
113.632	  4.253	 61.183       
116.140	  6.455	 63.012       
116.756	  8.777	 60.060       
114.677	 11.897	 60.380       
114.623	 13.064	 56.750       
115.861	 12.534	 53.214       
114.633	  8.951	 52.739       
113.078	  8.087	 49.347       
112.362	  4.464	 48.367       
111.436	  4.511	 44.673       
108.738	  2.573	 42.881       
110.095	 -0.677	 41.532       
110.951	 -1.480	 37.934       
109.467	 -4.595	 36.298       
112.349	 -6.167	 34.329       
112.030	 -8.205	 31.127       
112.915	-11.239	 33.311       
109.661	-10.998	 35.294       
111.543	 -9.971	 38.444       
111.374	 -6.503	 40.033       
114.122	 -4.184	 41.260       
114.069	 -1.021	 43.316       
116.323	  1.486	 45.003       
116.087	  3.501	 48.178       
118.148	  6.654	 48.521       
118.776	  8.702	 51.616       
120.176	 12.227	 51.538       
122.567	 12.917	 54.397       
125.070	 15.579	 55.465       
128.399	 15.355	 53.639       
130.270	 16.080	 56.846       
128.690	 12.966	 58.467       
130.379	 10.530	 56.080       
133.034	  9.044	 58.374       
131.077	 10.016	 61.514       
127.700	  8.293	 61.024       
126.942	  4.729	 60.014       
124.173	  4.193	 57.463       
122.443	  0.828	 57.050       
119.462	  0.071	 54.830       
117.095	 -2.532	 56.253       
115.473	 -4.397	 53.387       
112.333	 -6.399	 54.047       
110.801	 -8.654	 51.380       
107.970	-10.244	 53.407       
106.709	-12.479	 50.523       
109.962	-14.517	 50.677       
110.662	-14.096	 54.441       
113.799	-12.189	 53.477       
115.451	 -9.453	 55.555       
118.782	 -7.913	 54.559       
120.712	 -5.209	 56.433       
123.310	 -3.543	 54.204       
125.818	 -1.022	 55.579       
126.606	  1.751	 53.065       
130.087	  3.203	 53.386       
131.684	  5.878	 51.242       
134.310	  4.279	 49.010       
BRIEF 1W72 L 210              
 -2.699	 14.261	 91.302       
 -1.055	 11.508	 93.423       
 -3.111	  8.332	 93.748       
 -3.339	  5.594	 96.420       
 -5.233	  2.408	 95.520       
 -6.984	  0.134	 98.047       
 -9.158	 -2.863	 97.287       
-12.727	 -1.876	 98.253       
-13.230	 -5.128	100.187       
-11.169	 -7.597	102.222       
-12.997	-10.572	103.831       
-11.459	-12.689	106.581       
-11.842	-15.460	109.152       
-11.138	-14.843	112.844       
 -7.626	-15.796	113.842       
 -6.064	-15.150	110.484       
 -3.700	-12.346	109.623       
 -5.680	 -9.917	107.460       
 -3.728	 -7.877	104.950       
 -4.921	 -4.587	103.479       
 -2.829	 -3.198	100.637       
 -2.189	  0.346	 99.551       
 -0.545	  0.789	 96.165       
  1.124	  3.990	 95.024       
  3.834	  5.035	 92.580       
  7.025	  4.963	 94.661       
  4.894	  4.875	 97.837       
  8.052	  3.500	 99.492       
  9.489	  7.012	 99.467       
  6.495	  8.277	101.456       
  5.451	  7.911	105.108       
  2.275	  5.850	105.314       
 -0.491	  6.262	107.915       
 -3.501	  4.011	108.360       
 -6.851	  4.889	109.937       
 -9.611	  2.636	111.232       
-13.199	  3.850	111.020       
-15.814	  1.654	112.624       
-19.544	  2.161	111.991       
-20.904	  5.394	113.472       
-17.413	  6.463	114.608       
-14.764	  8.980	113.673       
-11.513	  7.564	112.275       
 -8.706	  6.357	114.552       
 -4.993	  6.321	113.776       
 -3.743	  2.720	114.000       
 -0.325	  2.964	112.270       
  1.861	  5.944	111.430       
  5.075	  6.281	109.483       
  4.712	  2.903	107.744       
  5.154	  0.769	110.865       
  4.618	  2.566	114.198       
  1.718	  2.242	116.574       
  0.235	  4.969	118.713       
  0.033	  4.110	122.424       
 -3.059	  1.994	123.063       
 -3.116	  0.266	119.681       
 -2.659	 -3.512	119.951       
  0.623	 -5.100	118.817       
 -1.289	 -7.174	116.303       
 -1.703	 -4.044	114.128       
  1.448	 -3.698	111.974       
  2.615	 -2.124	108.764       
  5.145	 -2.386	106.003       
  5.995	 -0.085	103.075       
  8.493	 -0.444	100.237       
  8.477	  0.019	 96.446       
  4.961	  0.588	 95.058       
  3.090	 -1.132	 97.911       
  2.265	 -0.518	101.590       
  0.380	 -3.118	103.662       
 -1.576	 -2.991	106.906       
 -1.440	 -6.353	108.689       
 -3.858	 -7.356	111.431       
 -2.883	-10.635	113.078       
 -5.316	-12.630	115.205       
 -8.171	-10.776	113.549       
-11.363	-10.585	115.605       
-14.919	 -9.420	114.892       
-14.243	 -6.083	116.591       
-11.758	 -5.238	113.848       
-14.490	 -4.904	111.221       
-14.184	 -1.397	109.853       
-13.252	  0.786	106.914       
 -9.480	  1.185	106.808       
 -7.824	  4.087	104.926       
 -4.179	  4.492	104.007       
 -2.742	  7.973	103.692       
  0.423	  9.861	102.713       
  1.597	 13.436	102.554       
  2.687	 14.215	 98.990       
  5.114	 17.130	 98.884       
  5.203	 17.600	 95.143       
  1.416	 18.264	 95.133       
  1.243	 19.751	 98.677       
 -1.680	 17.436	 99.457       
 -2.517	 14.812	101.938       
 -3.806	 11.858	 99.961       
 -6.050	  9.060	101.185       
 -6.730	  5.737	 99.554       
-10.374	  5.043	 98.698       
-10.828	  2.817	101.785       
-11.069	 -0.933	102.332       
-14.112	 -2.454	103.978       
-12.869	 -5.273	106.235       
-15.527	 -7.905	106.817       
-14.967	-10.680	109.312       
-17.023	-13.599	107.999       
-18.715	-16.305	110.033       
-20.025	-14.432	113.037       
-22.801	-16.329	114.912       
-26.292	-16.246	113.452       
-28.461	-14.119	115.760       
-32.192	-13.775	115.351       
-33.628	-10.247	115.658       
-35.274	 -8.668	118.708       
-38.378	 -6.873	117.487       
-40.205	 -4.055	119.245       
-43.493	 -2.781	117.862       
-44.970	  0.444	119.157       
-48.501	  1.679	118.553       
-49.286	  5.323	117.761       
-49.061	  7.828	120.663       
-52.157	  9.605	122.007       
-50.464	 12.815	120.961       
-50.031	 11.656	117.370       
-53.650	 10.464	117.084       
-54.669	 13.744	118.684       
-52.920	 15.360	115.673       
-55.094	 13.174	113.406       
-52.173	 10.927	112.345       
-50.889	  7.476	113.219       
-47.547	  5.741	112.925       
-46.687	  2.218	114.019       
-42.968	  1.799	114.691       
-41.243	 -1.534	114.279       
-37.704	 -1.654	115.679       
-35.439	 -4.576	114.814       
-32.076	 -5.069	116.506       
-29.217	 -7.475	117.208       
-29.542	 -9.633	114.144       
-26.808	-11.334	112.170       
-26.342	-11.519	109.327       
-27.834	 -8.185	108.124       
-30.832	 -9.056	105.953       
-34.525	 -9.278	106.858       
-37.969	 -9.253	105.247       
-40.513	 -7.023	106.953       
-44.237	 -7.653	106.443       
-47.072	 -5.490	107.820       
-50.577	 -6.895	108.272       
-53.968	 -5.448	109.317       
-55.968	 -8.269	110.976       
-53.820	-10.779	109.029       
-54.294	 -8.904	105.743       
-50.996	 -7.677	104.228       
-50.454	 -3.876	104.158       
-48.027	 -2.398	101.561       
-49.026	  1.289	101.402       
-47.573	  3.760	103.900       
-44.534	  1.567	104.559       
-40.945	  2.767	104.961       
-38.229	  0.281	105.985       
-34.501	  1.051	106.323       
-31.798	 -1.022	104.712       
-30.132	 -2.699	107.718       
-26.968	 -1.117	109.143       
-24.220	 -2.563	111.310       
-24.583	 -1.669	114.971       
-21.765	 -0.976	117.398       
-21.692	 -4.679	118.395       
-21.165	 -5.959	114.786       
-24.840	 -6.971	114.573       
-27.439	 -5.116	112.505       
-30.436	 -2.876	113.077       
-33.402	 -1.824	110.955       
-36.651	  0.109	111.282       
-40.001	 -0.073	109.606       
-42.772	  2.544	109.979       
-46.425	  2.109	108.998       
-48.461	  5.270	108.378       
-52.228	  5.055	108.939       
-55.223	  7.327	109.450       
-56.599	  7.159	113.023       
-59.704	  5.631	111.457       
-57.724	  2.827	109.807       
-55.948	  2.210	113.097       
-59.244	  1.932	115.057       
-61.139	 -0.157	112.482       
-58.834	 -3.128	113.129       
-58.520	 -5.409	116.114       
-54.748	 -5.437	115.613       
-51.754	 -4.772	113.403       
-48.597	 -6.850	113.299       
-44.987	 -6.468	112.270       
-43.657	 -9.797	110.960       
-39.853	 -9.970	110.640       
-38.330	-12.878	108.761       
-34.621	-13.601	109.311       
-32.773	-16.593	107.854       
-36.013	-18.499	107.370       
-37.439	-17.703	110.813       
-40.080	-15.171	111.619       
-40.642	-13.049	114.711       
-44.086	-11.426	114.923       
-45.140	 -8.568	117.172       
-48.628	 -7.158	117.548       
-50.382	 -3.987	118.726       
-54.086	 -3.052	119.124       
-55.968	  0.229	119.777       
BRIEF 1W72 M 210              
 72.756	 -4.764	 41.411       
 72.678	 -1.277	 42.963       
 75.176	  0.687	 40.919       
 76.634	  4.174	 41.271       
 78.164	  5.873	 38.217       
 81.045	  8.380	 38.218       
 83.060	  9.689	 35.268       
 86.607	  8.223	 35.330       
 88.367	 11.596	 35.070       
 87.697	 15.302	 35.420       
 90.200	 17.961	 34.212       
 90.260	 21.330	 36.007       
 92.445	 24.457	 36.299       
 93.536	 26.097	 39.557       
 90.913	 28.498	 40.911       
 88.075	 27.049	 38.851       
 85.172	 25.059	 40.284       
 85.190	 21.323	 39.709       
 82.106	 19.147	 39.560       
 82.203	 15.388	 40.102       
 78.905	 13.599	 39.387       
 77.553	 10.440	 40.954       
 74.587	  8.855	 39.172       
 72.199	  6.306	 40.708       
 68.584	  5.182	 40.409       
 66.749	  7.332	 42.991       
 70.039	  8.286	 44.570       
 68.028	 11.214	 45.934       
 66.341	  8.823	 48.362       
 69.680	  7.609	 49.770       
 72.323	  9.383	 51.934       
 75.406	 10.366	 49.933       
 78.992	 10.363	 51.195       
 82.087	 11.588	 49.371       
 85.700	 10.503	 49.937       
 89.009	 11.949	 48.761       
 92.061	  9.736	 48.141       
 95.391	 11.331	 47.315       
 98.126	  8.959	 46.125       
 99.904	  6.861	 48.776       
 97.232	  7.778	 51.335       
 94.002	  6.432	 52.779       
 90.656	  7.952	 51.830       
 89.299	 10.994	 53.666       
 85.659	 11.807	 54.216       
 84.880	 15.208	 52.702       
 81.081	 15.248	 52.587       
 78.525	 13.190	 54.481       
 74.702	 13.055	 54.304       
 74.569	 14.631	 50.817       
 75.867	 18.073	 51.809       
 77.384	 18.132	 55.359       
 81.117	 18.556	 55.997       
 83.271	 16.992	 58.675       
 85.402	 19.198	 60.851       
 88.579	 20.437	 59.173       
 87.109	 20.126	 55.676       
 87.077	 23.481	 53.832       
 83.745	 24.975	 52.748       
 84.982	 24.868	 49.125       
 83.717	 21.259	 49.255       
 80.002	 21.223	 48.634       
 77.470	 18.473	 47.930       
 73.970	 18.061	 46.489       
 71.748	 15.046	 45.858       
 68.352	 14.691	 44.240       
 66.554	 12.591	 41.645       
 69.119	 10.348	 39.890       
 72.235	 12.447	 40.442       
 74.502	 13.562	 43.310       
 77.279	 16.101	 42.640       
 80.464	 16.953	 44.561       
 81.311	 20.572	 43.856       
 84.810	 21.849	 44.667       
 84.964	 25.624	 44.472       
 88.316	 27.397	 43.786       
 90.350	 24.217	 43.126       
 93.928	 24.037	 44.412       
 96.750	 21.670	 43.386       
 96.218	 19.955	 46.770       
 92.708	 18.848	 45.713       
 94.176	 16.493	 43.097       
 92.960	 13.070	 44.095       
 90.522	 10.264	 43.356       
 86.970	 11.083	 44.501       
 84.528	  8.313	 45.429       
 80.852	  8.645	 46.129       
 79.081	  6.106	 48.262       
 75.606	  5.123	 49.551       
 74.169	  2.554	 51.949       
 71.506	  0.589	 50.082       
 69.046	 -1.174	 52.396       
 67.349	 -3.386	 49.824       
 70.662	 -4.981	 48.743       
 72.069	 -4.697	 52.278       
 75.432	 -3.332	 51.018       
 77.492	 -0.219	 51.215       
 78.013	  0.800	 47.553       
 80.827	  2.977	 46.178       
 81.094	  4.665	 42.817       
 83.996	  3.672	 40.548       
 85.901	  6.834	 41.457       
 86.854	 10.021	 39.625       
 90.518	 10.988	 39.098       
 90.591	 14.774	 39.474       
 93.552	 16.379	 37.672       
 94.517	 19.967	 38.355       
 96.383	 21.016	 35.156       
 98.473	 24.169	 35.015       
100.347	 23.759	 38.283       
103.838	 25.293	 38.523       
106.500	 23.535	 36.454       
109.131	 21.750	 38.577       
112.395	 20.502	 37.055       
113.615	 17.041	 38.127       
116.374	 16.371	 40.594       
118.719	 13.602	 39.381       
121.053	 11.269	 41.317       
123.202	  8.804	 39.423       
125.005	  5.918	 41.089       
127.746	  3.820	 39.508       
127.939	  0.044	 40.093       
129.045	 -0.957	 43.578       
132.288	 -2.903	 43.955       
130.179	 -5.604	 45.622       
128.110	 -5.966	 42.416       
131.221	 -5.706	 40.218       
132.767	 -8.415	 42.382       
129.634	-10.464	 41.574       
130.434	-10.005	 37.839       
127.517	 -7.605	 37.285       
127.075	 -3.859	 36.837       
124.037	 -1.607	 37.244       
123.934	  2.199	 36.859       
120.992	  3.701	 38.789       
119.359	  6.960	 37.737       
116.920	  8.370	 40.337       
114.623	 11.170	 39.207       
112.381	 13.086	 41.626       
110.146	 16.076	 42.265       
109.237	 16.838	 38.697       
105.977	 18.257	 37.317       
104.377	 17.647	 34.891       
104.806	 13.894	 35.108       
106.708	 13.122	 31.909       
110.452	 12.884	 31.214       
112.757	 11.537	 28.530       
115.634	  9.495	 29.881       
118.673	  9.295	 27.631       
121.829	  7.432	 28.618       
125.253	  8.008	 27.071       
128.432	  5.957	 27.301       
131.095	  8.676	 27.049       
129.470	 10.931	 24.386       
127.489	  8.288	 22.465       
123.742	  7.718	 22.903       
123.042	  4.257	 24.314       
119.757	  2.404	 25.015       
120.991	 -1.227	 25.284       
120.331	 -2.739	 28.757       
118.254	  0.275	 29.875       
115.015	 -0.142	 31.875       
112.944	  2.941	 32.848       
109.828	  3.098	 35.016       
106.736	  5.137	 34.418       
106.574	  8.350	 36.451       
104.423	  7.904	 39.550       
102.758	 10.579	 41.720       
104.484	 11.556	 44.983       
102.741	 13.130	 48.009       
103.577	 16.718	 46.991       
101.800	 16.427	 43.603       
105.162	 15.824	 41.844       
106.534	 12.672	 40.230       
109.360	 10.209	 40.765       
110.882	  7.787	 38.269       
113.843	  5.449	 37.934       
116.128	  4.264	 35.113       
118.528	  1.319	 35.244       
121.368	  0.616	 32.848       
122.782	 -2.875	 33.103       
126.283	 -3.441	 31.739       
128.989	 -6.091	 32.009       
131.834	 -4.997	 34.325       
134.029	 -4.948	 31.163       
131.743	 -2.404	 29.374       
131.732	 -0.213	 32.495       
135.507	 -0.062	 32.822       
136.048	  0.585	 29.087       
134.367	  4.007	 29.088       
135.643	  7.191	 30.720       
132.111	  8.003	 31.890       
128.407	  7.282	 31.695       
125.690	  9.890	 31.800       
122.030	  9.877	 32.604       
120.260	 12.710	 30.746       
116.748	 13.542	 31.872       
114.918	 15.876	 29.506       
111.891	 17.606	 30.949       
109.775	 20.283	 29.260       
112.602	 21.033	 26.825       
115.255	 21.243	 29.574       
117.866	 18.569	 30.251       
119.335	 17.704	 33.649       
122.397	 15.445	 33.344       
124.431	 13.538	 35.906       
127.652	 11.699	 35.075       
129.639	  8.945	 36.845       
133.061	  7.357	 36.203       
134.864	  4.099	 37.162       
