BRIEF 1WEJ F 104              
 -1.160	 18.529	 36.351  0.814
 -1.938	 21.818	 38.052  0.380
  1.363	 23.670	 38.612 -2.294
 -0.338	 25.961	 41.196 -1.057
 -1.572	 23.110	 43.394 -0.488
  1.791	 21.440	 42.898  1.189
  3.674	 24.435	 44.350  0.201
  1.643	 24.296	 47.576 -0.045
  2.348	 20.571	 47.947 -0.591
  6.089	 21.081	 47.400  0.896
  6.179	 24.045	 49.778 -0.251
  4.508	 21.894	 52.427  0.138
  6.038	 18.418	 51.987  0.278
  9.402	 18.775	 50.172  1.176
 10.925	 22.223	 50.853 -0.406
 12.310	 21.061	 54.212  0.738
 14.849	 18.909	 52.383  1.226
 14.892	 20.154	 48.764  1.236
 15.440	 23.309	 46.723  0.453
 14.301	 23.491	 43.064 -0.281
 15.998	 26.625	 41.713 -0.304
 19.251	 26.842	 39.734 -2.295
 22.210	 27.262	 42.055  0.002
 19.872	 25.955	 44.754  0.606
 21.651	 24.661	 47.804 -0.256
 21.692	 21.033	 48.886  0.597
 19.844	 20.435	 52.143  0.340
 19.077	 16.979	 53.581  0.366
 18.258	 16.006	 50.031  1.229
 19.757	 17.256	 46.767  1.222
 18.807	 20.381	 44.828  0.426
 16.408	 19.307	 42.089  1.155
 17.168	 21.787	 39.295 -0.915
 17.580	 19.995	 35.952  0.501
 15.645	 16.993	 37.299 -0.639
 13.756	 16.149	 34.090 -0.572
 15.867	 14.006	 31.817  0.684
 18.508	 13.465	 34.501  0.750
 19.484	 10.012	 35.691 -0.968
 19.087	  9.085	 39.358  0.562
 21.799	 10.288	 41.717  0.907
 23.443	 12.805	 39.420 -0.422
 22.974	 16.201	 41.094 -0.329
 26.588	 17.435	 41.354 -2.297
 27.857	 18.075	 44.868  0.497
 25.459	 15.703	 46.645 -0.643
 26.426	 12.356	 48.248 -0.735
 23.641	  9.825	 47.539  0.948
 23.221	  6.313	 48.826  1.109
 24.380	  3.667	 46.366 -1.322
 20.692	  2.725	 46.015  0.970
 19.762	  6.165	 44.681  0.899
 23.068	  6.352	 42.749 -0.104
 22.573	  3.051	 40.901 -0.981
 18.801	  2.899	 40.348  0.055
 19.593	  3.523	 36.647  0.289
 16.427	  5.472	 35.872 -0.026
 15.768	  8.806	 34.147 -2.227
 13.513	 11.248	 35.942  1.199
 10.358	 12.156	 34.038 -2.297
  6.579	 12.050	 34.535 -1.212
  6.322	  8.239	 34.635 -2.297
  9.246	  7.584	 36.958 -0.044
  8.446	 10.386	 39.426  0.748
  4.828	  9.190	 39.501 -0.712
  5.954	  5.794	 40.759 -1.620
  8.708	  7.179	 43.008  0.565
  6.617	  9.809	 44.781  0.795
  3.848	  7.278	 45.433 -0.664
  6.202	  5.138	 47.531  0.325
  9.900	  6.167	 47.490  1.232
 11.391	  3.253	 49.428  0.717
  9.523	  0.738	 47.306 -0.006
 10.869	  2.337	 44.121 -0.449
 14.397	  2.825	 45.512  0.668
 14.993	  0.319	 48.374  0.767
 17.644	  1.620	 50.778  1.002
 17.012	  5.245	 49.900  1.079
 17.784	  7.615	 52.714  0.897
 14.866	  9.875	 51.682  1.235
 12.411	  9.748	 54.580  0.179
  9.007	 10.214	 52.967  1.074
  6.081	  7.754	 53.044  0.543
  4.665	  8.842	 49.697  1.229
  1.760	 10.681	 48.090 -0.248
 -1.181	  8.313	 47.562  0.544
 -3.595	 10.425	 45.483  0.603
 -2.715	 10.243	 41.755 -2.296
 -3.927	 13.782	 41.060 -1.674
 -1.719	 15.152	 43.846 -0.032
  1.344	 13.460	 42.358  0.805
  0.390	 14.835	 38.935 -0.313
  0.073	 18.421	 40.171  0.547
  3.288	 18.168	 42.207  0.242
  5.099	 16.669	 39.205  0.615
  3.840	 19.517	 36.966  0.737
  5.286	 22.012	 39.453 -0.015
  8.595	 20.201	 39.534  0.488
  8.724	 20.189	 35.730 -0.731
  8.398	 23.989	 35.663 -1.999
 10.363	 25.010	 38.763 -1.044
 13.346	 22.766	 38.060  0.399
 13.813	 24.026	 34.495 -1.942
 13.409	 27.798	 34.889 -2.029
BRIEF 1WEJ L 214              
 -2.235	 21.653	 23.411       
  0.588	 24.013	 22.613       
  1.453	 24.998	 19.046       
  4.767	 26.393	 17.874       
  4.893	 29.260	 15.370       
  8.257	 29.193	 13.633       
  9.630	 32.004	 11.504       
 10.792	 32.614	  8.947       
  9.540	 29.680	  6.840       
 12.316	 30.486	  4.410       
 15.609	 32.187	  5.100       
 18.128	 33.353	  2.487       
 21.698	 33.720	  3.690       
 25.358	 33.497	  2.724       
 28.314	 31.600	  4.142       
 29.995	 33.654	  6.864       
 26.783	 35.381	  7.915       
 25.064	 35.096	 11.265       
 21.379	 34.171	 11.273       
 18.484	 33.780	 13.716       
 15.418	 31.497	 13.648       
 12.539	 32.058	 16.101       
  9.854	 29.926	 17.702       
  6.834	 31.194	 19.600       
  4.784	 28.760	 21.673       
  1.013	 29.252	 22.061       
  1.515	 28.765	 25.817       
  4.412	 28.866	 28.299       
  6.743	 25.851	 27.768       
  9.238	 26.608	 30.590       
 12.443	 26.133	 28.536       
 11.408	 22.699	 27.267       
 12.258	 23.627	 23.701       
 14.430	 21.585	 21.330       
 15.845	 22.410	 17.937       
 16.406	 19.859	 15.193       
 18.358	 20.092	 11.973       
 17.421	 18.170	  8.884       
 19.807	 18.038	  5.941       
 18.196	 17.480	  2.540       
 17.170	 13.813	  2.294       
 18.437	 12.880	  5.774       
 16.758	 12.147	  9.097       
 16.337	 14.999	 11.598       
 19.152	 15.406	 14.149       
 18.921	 16.986	 17.616       
 20.795	 20.292	 17.683       
 19.757	 22.024	 20.929       
 17.613	 20.902	 23.856       
 16.204	 22.659	 26.890       
 16.265	 25.912	 24.919       
 20.017	 26.534	 25.289       
 21.985	 23.321	 25.694       
 23.895	 22.306	 22.573       
 23.411	 18.635	 21.696       
 26.288	 16.154	 21.402       
 28.586	 16.850	 18.457       
 27.074	 20.264	 17.762       
 29.595	 23.022	 16.893       
 29.717	 26.103	 19.097       
 28.609	 28.393	 16.221       
 25.114	 27.248	 17.145       
 23.368	 28.647	 20.190       
 19.874	 28.841	 21.535       
 18.168	 31.185	 23.987       
 14.737	 32.173	 25.203       
 12.217	 31.563	 27.938       
  8.470	 31.410	 28.433       
  6.948	 31.416	 24.942       
  9.783	 33.023	 22.944       
 12.904	 31.164	 21.773       
 15.700	 31.566	 19.216       
 18.319	 29.523	 17.420       
 21.349	 31.509	 16.321       
 23.958	 30.357	 13.863       
 27.175	 32.368	 13.826       
 29.164	 32.559	 10.614       
 27.146	 30.050	  8.592       
 29.044	 27.193	  7.011       
 28.172	 25.420	  3.717       
 26.957	 22.349	  5.628       
 24.461	 24.395	  7.604       
 22.104	 24.944	  4.694       
 19.021	 22.818	  5.187       
 15.921	 22.820	  7.377       
 15.479	 23.546	 11.100       
 12.528	 22.681	 13.371       
 11.702	 23.528	 16.968       
  9.642	 21.235	 19.177       
  8.397	 21.728	 22.722       
  8.460	 18.961	 25.369       
  6.182	 20.676	 27.931       
  2.897	 18.857	 27.388       
  1.193	 16.422	 25.058       
  1.317	 16.743	 22.191       
  5.022	 17.589	 21.753       
  4.497	 19.721	 18.651       
  7.017	 20.795	 16.003       
  7.146	 24.293	 14.576       
  6.490	 24.608	 10.826       
 10.205	 24.656	 10.065       
 12.717	 27.023	  8.512       
 14.449	 26.269	  5.235       
 17.825	 27.954	  5.151       
 18.855	 28.506	  1.515       
 21.709	 30.168	 -0.357       
 21.288	 33.820	 -1.278       
 22.185	 34.966	 -4.797       
 21.163	 37.668	 -7.293       
 17.582	 37.728	 -8.530       
 16.990	 36.209	-11.975       
 13.885	 35.918	-14.135       
 12.943	 32.450	-15.312       
 13.777	 31.270	-18.819       
 10.381	 30.019	-20.076       
 10.083	 27.351	-22.783       
  6.806	 25.929	-24.095       
  6.260	 22.639	-25.930       
  3.134	 21.436	-27.738       
  2.130	 17.758	-27.429       
  4.576	 15.444	-29.273       
  3.197	 13.622	-32.325       
  4.049	 10.417	-30.448       
  1.762	 11.238	-27.528       
 -0.956	 12.454	-29.910       
 -0.930	  9.080	-31.691       
 -1.526	  7.460	-28.276       
 -4.521	  9.738	-27.733       
 -3.125	 12.125	-25.128       
 -1.974	 15.737	-25.304       
  0.383	 17.250	-22.789       
  1.610	 20.826	-23.190       
  4.848	 21.463	-21.218       
  6.370	 24.691	-19.895       
  9.747	 24.892	-18.236       
 10.473	 27.932	-16.053       
 14.173	 27.519	-15.443       
 16.965	 29.110	-13.460       
 15.082	 31.781	-11.536       
 15.689	 33.350	 -8.157       
 14.167	 33.663	 -5.605       
 12.126	 30.418	 -5.371       
  8.584	 31.790	 -5.248       
  6.873	 31.656	 -8.630       
  3.392	 31.262	-10.088       
  2.342	 29.781	-13.409       
 -1.015	 30.176	-15.103       
 -2.268	 28.197	-18.105       
 -4.662	 29.732	-20.602       
 -6.579	 27.971	-23.369       
 -7.969	 30.399	-25.940       
 -7.336	 33.140	-23.375       
 -9.191	 31.316	-20.545       
 -7.444	 30.123	-17.398       
 -7.265	 26.333	-17.072       
 -6.755	 24.658	-13.675       
 -7.798	 21.034	-14.266       
 -5.093	 18.752	-15.582       
 -2.134	 20.815	-14.393       
  0.888	 19.041	-12.859       
  3.572	 21.196	-11.272       
  6.986	 20.183	 -9.968       
  9.876	 22.234	 -8.543       
 13.567	 21.385	 -8.237       
 15.494	 22.051	 -5.064       
 18.065	 24.882	 -5.112       
 20.538	 24.196	 -7.925       
 23.895	 22.859	 -6.757       
 25.880	 24.860	 -9.314       
 24.158	 28.267	 -9.631       
 21.768	 28.407	 -6.600       
 18.723	 29.068	 -8.742       
 15.366	 27.295	 -8.830       
 13.393	 25.737	-11.686       
  9.833	 24.562	-12.266       
  8.010	 22.302	-14.681       
  4.316	 22.763	-15.442       
  2.512	 20.214	-17.595       
 -1.069	 20.725	-18.780       
 -2.616	 17.422	-19.852       
 -5.737	 17.137	-22.028       
 -7.191	 14.450	-24.297       
 -6.316	 14.650	-27.984       
-10.029	 15.331	-28.584       
-10.157	 18.360	-26.310       
 -6.768	 19.494	-27.514       
 -8.225	 19.705	-31.012       
-11.205	 21.762	-29.740       
 -8.935	 24.732	-28.926       
 -6.402	 26.853	-30.784       
 -4.041	 28.762	-28.447       
 -2.149	 27.330	-25.478       
 -0.387	 29.693	-23.114       
  1.650	 29.463	-19.959       
  2.271	 32.639	-17.945       
  5.029	 32.983	-15.386       
  4.809	 35.637	-12.719       
  8.014	 36.100	-10.739       
  9.118	 38.873	 -8.350       
 11.668	 40.046	-10.964       
  8.771	 41.757	-12.792       
  5.078	 42.617	-12.506       
  4.858	 41.692	-16.181       
  4.184	 37.991	-16.611       
  6.473	 36.140	-19.016       
  4.085	 34.595	-21.518       
  4.846	 31.795	-23.923       
  2.305	 30.409	-26.305       
  1.656	 28.596	-29.510       
 -1.249	 28.096	-31.855       
 -2.195	 24.461	-32.481       
 -3.268	 25.273	-36.056       
 -0.657	 27.854	-36.911       
  2.399	 26.776	-38.848       
BRIEF 1WEJ H 223              
 26.596	  1.988	 19.394       
 22.959	  3.150	 19.312       
 21.023	  2.194	 16.191       
 17.360	  2.446	 15.201       
 16.554	  0.222	 12.258       
 13.201	  0.841	 10.593       
 11.263	 -1.465	  8.241       
 11.555	 -1.171	  4.488       
  9.495	  0.919	  2.078       
  5.841	  0.023	  1.736       
  3.253	  0.184	 -1.026       
 -0.322	 -0.391	  0.145       
 -3.800	  0.124	 -1.307       
 -6.177	  2.788	  0.058       
 -8.517	  1.555	  2.796       
 -5.999	 -1.020	  4.002       
 -3.795	 -0.809	  7.096       
 -0.051	 -1.073	  7.619       
  2.335	 -1.571	 10.503       
  5.833	 -0.122	 10.536       
  8.530	 -1.220	 12.959       
 11.546	  0.396	 14.590       
 14.153	 -1.983	 16.067       
 16.628	 -0.573	 18.546       
 20.091	 -1.736	 19.525       
 22.812	 -0.205	 21.678       
 20.053	  0.792	 24.114       
 16.795	 -0.538	 25.566       
 13.560	  1.108	 24.406       
 12.473	  1.117	 28.102       
 15.081	  3.828	 28.862       
 13.299	  6.549	 26.915       
 10.254	  7.475	 24.844       
  9.826	  6.003	 21.360       
  8.275	  8.568	 18.953       
  6.750	  8.456	 15.485       
  7.016	 11.458	 13.181       
  5.455	 11.945	  9.746       
  6.822	 14.062	  6.935       
  5.204	 14.556	  3.540       
  7.500	 15.292	  0.565       
  9.152	 18.711	  1.071       
  6.823	 19.477	  4.021       
  7.430	 19.711	  7.755       
  7.721	 17.221	 10.592       
  4.478	 16.100	 12.259       
  4.658	 14.475	 15.693       
  2.170	 11.601	 15.714       
  2.862	 10.554	 19.278       
  5.032	  8.376	 21.475       
  5.104	  5.447	 23.808       
  6.902	  4.893	 27.087       
  7.721	  1.187	 26.654       
  8.577	  0.814	 30.363       
  5.035	  1.860	 31.340       
  3.131	  1.128	 28.093       
  1.787	  4.689	 28.420       
  1.057	  6.263	 24.981       
  0.518	  9.866	 23.914       
 -0.810	 11.225	 20.608       
 -1.455	 14.394	 18.767       
 -5.283	 14.490	 18.528       
 -5.033	 14.791	 14.706       
 -3.698	 11.212	 14.624       
 -5.702	  9.515	 17.420       
 -8.011	  7.664	 14.999       
 -5.343	  7.002	 12.376       
 -2.326	  5.788	 14.346       
 -1.575	  3.320	 17.092       
  1.848	  3.198	 18.703       
  2.911	  0.077	 20.521       
  6.117	 -1.513	 21.765       
  7.153	 -5.069	 22.405       
  9.701	 -4.499	 25.162       
 10.431	 -8.234	 24.754       
 11.985	 -7.591	 21.266       
 13.352	 -3.995	 21.648       
 11.023	 -2.898	 18.864       
  8.476	 -0.109	 18.639       
  5.648	 -0.037	 16.091       
  3.327	  2.347	 14.298       
  0.046	  1.074	 12.910       
 -1.887	  3.209	 10.432       
 -5.497	  2.362	  9.530       
 -7.889	  3.181	  6.650       
 -5.091	  4.529	  4.487       
 -5.665	  7.373	  2.041       
 -3.319	  9.279	 -0.281       
 -2.920	 11.713	  2.652       
 -0.941	  9.040	  4.514       
  1.677	  8.779	  1.782       
  4.818	 10.008	  3.484       
  8.036	  9.184	  5.244       
  7.648	  7.959	  8.814       
 10.482	  8.318	 11.309       
 10.806	  6.675	 14.694       
 13.034	  8.231	 17.303       
 14.116	  7.504	 20.834       
 14.381	 10.485	 23.143       
 13.073	 12.436	 26.075       
 14.320	 15.602	 27.792       
 18.096	 15.240	 27.355       
 21.057	 14.680	 25.063       
 19.996	 11.105	 24.376       
 18.152	 11.545	 21.085       
 18.427	  9.129	 18.139       
 16.338	  8.838	 14.959       
 15.812	  5.953	 12.555       
 16.396	  6.229	  8.787       
 12.691	  6.600	  8.047       
 10.210	  4.454	  6.142       
  8.525	  5.556	  2.939       
  4.862	  4.621	  2.671       
  3.039	  4.984	 -0.619       
 -0.734	  4.540	 -0.654       
 -1.999	  3.758	 -4.144       
 -4.328	  1.478	 -6.112       
 -1.829	  1.427	 -8.983       
 -0.179	 -1.574	-10.572       
  3.314	 -1.607	-11.988       
  3.115	  0.471	-15.139       
  5.933	  1.437	-17.519       
  6.417	  5.074	-18.566       
  5.724	  6.642	-21.917       
  8.619	  8.859	-22.910       
  7.841	 11.792	-25.156       
 10.406	 14.137	-26.704       
 10.162	 17.857	-26.072       
 11.586	 19.528	-29.187       
 11.753	 23.319	-29.717       
  9.820	 25.198	-32.386       
 11.784	 27.336	-34.912       
 11.271	 30.526	-32.887       
 12.848	 29.067	-29.737       
 15.781	 27.733	-31.780       
 17.356	 31.037	-32.718       
 18.862	 32.192	-29.460       
 22.350	 31.522	-28.015       
 21.082	 28.484	-26.088       
 18.254	 26.076	-26.834       
 16.123	 24.067	-24.407       
 15.086	 20.477	-25.070       
 13.399	 17.936	-22.866       
 11.656	 14.671	-22.213       
  8.294	 14.002	-20.650       
  8.035	 10.762	-18.693       
  4.360	  9.976	-18.067       
  1.978	  7.384	-16.661       
  4.292	  5.088	-14.767       
  4.217	  3.359	-11.426       
  5.891	  3.145	 -9.098       
  8.895	  5.363	 -8.351       
 11.741	  5.607	 -9.185       
 12.514	  6.581	-12.731       
 15.966	  7.787	-13.685       
 16.909	 10.217	-16.448       
 20.217	 11.121	-18.093       
 21.180	 12.973	-21.247       
 23.589	 11.499	-23.793       
 24.371	  8.593	-21.490       
 25.436	 11.065	-18.799       
 27.931	 13.046	-20.895       
 25.441	 15.920	-20.906       
 25.333	 16.796	-17.195       
 25.449	 20.581	-17.042       
 22.331	 22.546	-17.832       
 19.918	 19.781	-16.921       
 16.881	 19.976	-14.685       
 15.244	 16.669	-13.777       
 12.064	 17.417	-11.867       
 10.678	 15.438	 -8.923       
  8.021	 12.967	 -9.952       
  4.471	 13.856	 -8.966       
  1.760	 11.281	 -8.297       
 -1.542	 12.235	 -9.877       
 -4.534	  9.862	-10.183       
 -2.299	  6.912	 -9.265       
  0.312	  7.473	-11.966       
  3.555	  9.424	-11.834       
  4.744	 12.103	-14.223       
  8.271	 13.452	-14.408       
 10.085	 15.707	-16.861       
 13.617	 16.770	-17.581       
 15.055	 19.636	-19.522       
 18.522	 20.239	-20.887       
 19.867	 23.440	-22.379       
 22.638	 23.275	-24.949       
 24.282	 25.718	-27.388       
 22.245	 26.131	-30.597       
 25.400	 25.127	-32.491       
 25.258	 21.607	-30.999       
 21.628	 20.702	-31.781       
 20.306	 19.368	-34.007       
 23.619	 19.169	-35.838       
 24.820	 16.795	-33.108       
 22.537	 14.343	-31.265       
 20.767	 14.774	-27.923       
 18.950	 11.853	-26.336       
 17.340	 11.361	-22.959       
 17.986	  7.993	-21.389       
 15.195	  7.003	-19.054       
 14.994	  3.889	-16.951       
 12.177	  2.416	-14.893       
 13.594	 -0.621	-13.028       
 10.221	 -1.795	-11.725       
  9.015	 -2.477	-15.305       
 12.420	 -3.408	-16.765       
 12.084	 -0.285	-18.938       
 14.998	  1.400	-20.685       
 14.230	  4.073	-23.264       
 16.658	  6.068	-25.337       
 14.653	  8.915	-26.841       
 16.506	 10.963	-29.441       
 15.234	 14.507	-29.735       
 14.614	 15.246	-33.457       
 13.275	 18.505	-34.988       
  9.453	 18.404	-34.983       
  6.792	 19.832	-37.278       
  7.326	 23.639	-37.263       
 10.821	 23.747	-35.727       
 13.751	 23.382	-38.093       
 17.465	 23.816	-38.725       
 19.991	 20.973	-38.333       
