BRIEF 1XIW A 91               
 62.851	 -4.695	  9.943  0.885
 63.357	 -6.645	 13.158 -0.931
 60.574	 -7.721	 15.542 -0.151
 59.921	 -6.131	 18.929 -0.156
 61.598	 -8.147	 21.615 -0.010
 59.074	 -9.195	 24.216  1.320
 60.449	-10.263	 27.562  1.026
 57.906	-11.374	 30.145  1.231
 59.570	-12.556	 33.334  1.333
 57.842	-12.739	 36.687  1.249
 55.858	 -9.541	 37.206  0.905
 57.869	 -7.415	 34.779 -0.312
 57.328	 -6.985	 31.051  1.228
 60.222	 -5.528	 29.051  0.423
 59.760	 -4.460	 25.427  0.575
 62.719	 -3.694	 23.174  1.018
 62.294	 -1.570	 20.058  1.230
 63.355	 -3.240	 16.806  0.967
 65.573	 -0.718	 15.041 -1.180
 66.878	  2.829	 15.231 -0.650
 70.117	  1.891	 17.035 -1.454
 71.916	  5.043	 18.131 -0.955
 68.682	  7.085	 18.226 -1.460
 66.727	  8.162	 21.284 -0.802
 63.502	  6.108	 21.267  0.423
 60.015	  7.262	 22.234 -2.039
 56.856	  5.268	 22.942  0.787
 53.056	  5.303	 22.823  0.370
 50.608	  2.852	 24.436 -0.278
 47.083	  2.835	 22.966  0.530
 47.849	  6.204	 21.372 -0.197
 48.994	  7.718	 24.674 -1.022
 52.576	  8.987	 25.158 -1.734
 54.462	  7.041	 27.859 -0.505
 58.024	  6.548	 29.027 -1.949
 58.604	 10.131	 30.096 -1.317
 58.493	 11.709	 33.538 -2.332
 54.858	 10.835	 34.266 -1.079
 53.255	  9.838	 37.583 -1.701
 53.638	  6.057	 37.157  0.348
 57.164	  5.144	 38.271  0.348
 56.665	  1.497	 37.301  0.348
 57.012	  2.534	 33.635  0.348
 60.566	  3.166	 32.534  0.348
 62.183	  3.949	 29.210  0.348
 65.952	  3.470	 28.809  0.348
 67.807	  3.247	 25.490  0.348
 65.736	  0.963	 23.249 -0.788
 63.887	 -0.649	 26.203 -1.928
 60.496	  0.021	 27.812  0.491
 60.144	 -1.584	 31.270 -0.573
 56.711	 -2.250	 32.730  0.295
 57.112	 -3.326	 36.337 -2.442
 54.232	 -4.981	 38.196 -0.155
 52.571	 -5.270	 34.821  0.665
 48.753	 -5.188	 34.842  0.971
 47.005	 -7.228	 32.100  0.903
 43.847	 -5.151	 32.304  0.423
 45.520	 -1.768	 32.080  0.132
 48.663	 -2.561	 30.118  0.049
 47.583	 -4.918	 27.398  1.143
 47.148	 -3.241	 24.061  1.224
 49.065	 -1.526	 21.303  0.154
 52.638	 -0.374	 21.843  0.609
 54.758	  1.469	 19.283 -0.541
 58.225	  2.972	 19.363  1.230
 59.783	  5.535	 17.073 -0.596
 63.076	  7.482	 16.897 -0.732
 63.438	 11.105	 17.956 -1.770
 62.773	 13.212	 14.870 -0.944
 59.845	 10.989	 13.815 -1.344
 56.107	 11.342	 14.525 -2.130
 53.899	  8.741	 16.262 -0.068
 51.315	  9.284	 13.502 -0.224
 53.820	  7.982	 10.951 -0.043
 54.656	  4.817	 12.888  0.077
 53.488	  1.799	 10.895 -0.439
 54.807	 -1.111	 12.959  0.019
 52.854	 -1.874	 16.153 -0.291
 53.043	 -4.479	 18.882  0.936
 49.708	 -5.851	 20.131  1.239
 50.375	 -7.252	 23.567  1.079
 47.990	 -9.437	 25.555  0.748
 49.858	-10.935	 28.468  1.229
 49.236	-12.292	 31.948  0.815
 52.014	-12.433	 34.520  1.320
 50.731	-15.386	 36.527  1.230
 53.120	-17.271	 38.788 -0.051
 54.602	-20.282	 36.984  0.870
 52.872	-19.158	 33.792  1.230
 54.916	-21.539	 31.595 -0.095
BRIEF 1XIW E 87               
 19.460	 12.357	 12.566       
 17.994	 14.140	 15.584       
 20.745	 15.507	 17.834       
 21.605	 13.850	 21.122       
 20.142	 15.946	 23.931       
 22.340	 16.851	 26.880       
 21.053	 17.916	 30.272       
 23.281	 18.661	 33.258       
 21.831	 19.202	 36.731       
 24.403	 19.511	 39.485       
 26.657	 16.471	 39.299       
 24.377	 14.485	 37.032       
 24.695	 14.395	 33.266       
 21.720	 12.958	 31.387       
 22.081	 12.138	 27.697       
 19.002	 11.564	 25.589       
 18.842	  9.708	 22.292       
 15.435	 10.579	 20.736       
 16.677	  9.175	 17.446       
 14.822	  5.825	 17.436       
 11.283	  6.311	 18.809       
  9.720	  3.073	 19.970       
 12.939	  1.031	 20.214       
 14.934	 -0.137	 23.202       
 18.190	  1.872	 23.141       
 21.740	  0.642	 23.800       
 24.939	  2.633	 24.475       
 28.751	  2.574	 24.198       
 31.302	  4.963	 25.696       
 34.727	  5.130	 24.086       
 33.845	  1.812	 22.390       
 32.900	  0.096	 25.650       
 29.385	 -1.235	 26.262       
 27.663	  0.644	 29.092       
 24.197	  1.012	 30.601       
 23.664	 -2.635	 31.468       
 24.058	 -4.346	 34.832       
 27.758	 -3.554	 35.305       
 27.412	 -2.781	 39.042       
 28.418	  0.866	 38.606       
 25.115	  2.173	 39.929       
 26.030	  5.697	 38.899       
 25.392	  4.749	 35.273       
 21.753	  4.019	 34.492       
 19.786	  3.654	 31.277       
 16.013	  3.996	 31.043       
 13.975	  4.444	 27.908       
 15.984	  6.823	 25.701       
 18.113	  8.285	 28.499       
 21.543	  7.438	 29.899       
 21.942	  9.020	 33.350       
 25.483	  9.492	 34.600       
 25.319	 10.479	 38.285       
 28.383	 11.855	 40.084       
 29.794	 12.600	 36.617       
 33.585	 12.530	 36.312       
 34.936	 14.879	 33.624       
 38.174	 12.895	 33.452       
 36.706	  9.392	 33.375       
 33.451	 10.170	 31.593       
 34.185	 12.748	 28.908       
 34.585	 11.164	 25.515       
 32.552	  9.485	 22.807       
 29.042	  8.207	 23.428       
 26.896	  6.459	 20.854       
 23.348	  5.127	 21.070       
 21.734	  2.621	 18.728       
 18.443	  0.744	 18.657       
 18.048	 -2.930	 19.571       
 18.525	 -4.895	 16.360       
 21.391	 -2.652	 15.278       
 25.147	 -3.049	 15.820       
 27.596	 -0.583	 17.414       
 29.999	 -1.070	 14.494       
 27.418	  0.387	 12.111       
 26.608	  3.374	 14.309       
 28.020	  6.494	 12.688       
 26.620	  9.416	 14.687       
 28.582	 10.005	 17.904       
 28.423	 12.505	 20.722       
 31.775	 13.851	 21.915       
 31.165	 15.027	 25.461       
 33.502	 17.263	 27.494       
 31.950	 18.680	 30.624       
 32.952	 19.869	 34.062       
 30.608	 19.574	 37.010       
 30.895	 22.726	 39.123       
BRIEF 1XIW B 66               
 47.595	  3.146	 11.181       
 47.448	  0.182	 13.503       
 45.867	 -3.055	 12.366       
 42.850	 -3.984	 14.455       
 43.149	 -7.209	 16.437       
 39.825	 -8.783	 17.405       
 39.492	-10.970	 20.461       
 36.038	-12.530	 20.089       
 34.840	-15.371	 22.272       
 38.099	-17.250	 22.750       
 39.650	-16.531	 19.348       
 42.096	-13.990	 17.954       
 41.628	-12.374	 14.535       
 43.629	 -9.877	 12.472       
 41.143	 -7.618	 10.653       
 42.355	 -5.941	  7.421       
 40.351	 -3.904	  4.908       
 42.133	 -5.787	  2.156       
 44.378	 -8.882	  1.977       
 46.350	-10.002	  5.036       
 50.058	-10.614	  4.535       
 51.645	-13.208	  6.796       
 55.203	-12.209	  7.750       
 56.215	-14.698	 10.464       
 54.845	-16.652	 13.419       
 51.447	-18.312	 13.770       
 50.076	-18.904	 10.288       
 46.384	-18.940	 11.141       
 43.441	-19.507	  8.831       
 42.394	-17.009	  6.212       
 38.697	-16.124	  6.272       
 38.729	-14.447	  2.849       
 35.127	-13.276	  2.743       
 35.250	-11.176	  5.918       
 38.899	-10.320	  5.220       
 40.219	-11.580	  8.546       
 42.990	-13.975	  9.527       
 41.961	-16.353	 12.317       
 44.986	-16.814	 14.566       
 43.074	-19.337	 16.627       
 42.328	-19.796	 20.326       
 43.981	-17.238	 22.557       
 44.917	-19.947	 25.097       
 47.331	-21.300	 22.483       
 49.361	-18.053	 22.702       
 49.291	-16.858	 19.096       
 52.402	-14.847	 18.182       
 53.401	-13.494	 14.807       
 53.813	-10.569	 12.455       
 51.213	 -9.566	  9.862       
 50.816	 -6.749	  7.343       
 47.718	 -5.109	  5.815       
 48.251	 -3.240	  2.542       
 50.749	  0.152	  4.695       
 50.848	 -1.059	  8.317       
 52.330	 -3.999	 10.208       
 51.369	 -5.536	 13.543       
 53.188	 -7.978	 15.770       
 50.808	 -9.990	 17.918       
 51.975	-11.420	 21.202       
 49.716	-13.445	 23.489       
 50.943	-15.027	 26.738       
 47.809	-16.326	 28.491       
 49.416	-18.843	 30.852       
 47.284	-21.828	 29.813       
 43.743	-20.412	 29.620       
BRIEF 1XIW F 63               
 34.376	  7.830	 14.397       
 35.567	 11.417	 13.900       
 38.556	 12.414	 15.965       
 38.156	 15.611	 17.945       
 41.467	 17.320	 18.710       
 42.005	 19.241	 21.907       
 45.363	 20.906	 21.287       
 46.493	 23.621	 23.661       
 43.314	 25.627	 24.270       
 41.497	 24.887	 21.003       
 39.153	 22.251	 19.641       
 39.404	 20.924	 16.094       
 37.254	 18.465	 14.149       
 39.589	 16.371	 12.017       
 38.395	 14.535	  8.921       
 40.274	 12.621	  6.228       
 38.900	 14.303	  3.114       
 36.140	 16.847	  3.649       
 34.217	 18.278	  6.612       
 30.563	 19.330	  6.443       
 28.924	 21.746	  8.871       
 25.486	 20.505	  9.875       
 24.552	 22.812	 12.800       
 25.897	 24.698	 15.813       
 29.304	 26.388	 16.050       
 30.404	 27.306	 12.532       
 34.101	 27.532	 13.321       
 36.869	 28.244	 10.818       
 37.665	 25.864	  7.992       
 41.367	 25.000	  7.754       
 40.961	 23.371	  4.342       
 44.526	 22.301	  3.656       
 44.855	 20.168	  6.780       
 41.140	 19.267	  6.518       
 40.159	 20.437	  9.980       
 37.507	 22.744	 11.307       
 38.744	 24.994	 14.135       
 35.821	 25.346	 16.577       
 37.704	 27.877	 18.659       
 38.718	 28.077	 22.294       
 37.495	 25.243	 24.505       
 36.406	 27.714	 27.218       
 33.766	 29.165	 24.887       
 31.830	 25.862	 24.989       
 31.734	 24.998	 21.289       
 28.713	 22.812	 20.335       
 27.507	 21.565	 16.988       
 27.214	 18.709	 14.539       
 29.751	 17.980	 11.815       
 30.096	 15.288	  9.229       
 33.339	 13.687	  8.097       
 33.014	 12.454	  4.507       
 31.384	  8.647	  6.464       
 30.727	  9.658	 10.052       
 28.958	 12.377	 12.039       
 29.952	 13.892	 15.361       
 28.075	 16.110	 17.741       
 30.431	 18.223	 19.845       
 29.302	 19.284	 23.311       
 31.544	 21.340	 25.552       
 30.335	 22.667	 28.904       
 33.462	 23.876	 30.701       
 31.878	 26.346	 33.144       
BRIEF 1XIW C 107              
 70.208	 16.616	  1.982       
 68.488	 18.836	  4.546       
 65.261	 20.600	  3.616       
 65.763	 24.150	  2.414       
 63.081	 26.671	  3.391       
 62.698	 29.953	  1.499       
 60.762	 33.212	  1.846       
 61.250	 35.032	 -1.461       
 60.029	 38.382	 -0.111       
 62.706	 39.570	  2.317       
 60.959	 42.863	  3.132       
 57.389	 44.114	  2.932       
 55.866	 47.515	  3.637       
 52.149	 47.863	  4.270       
 49.548	 50.183	  5.738       
 47.677	 50.069	  9.023       
 44.450	 48.126	  8.616       
 45.636	 46.168	  5.576       
 45.920	 42.423	  5.096       
 49.142	 40.918	  3.787       
 50.366	 37.451	  2.899       
 53.858	 36.105	  3.349       
 54.918	 33.133	  1.226       
 57.145	 30.248	  2.288       
 58.478	 27.408	  0.142       
 60.090	 24.089	  1.062       
 62.549	 22.193	 -1.160       
 60.665	 18.921	 -0.386       
 57.071	 18.075	  0.613       
 56.986	 18.757	  4.361       
 53.485	 17.363	  4.883       
 52.028	 20.400	  6.702       
 54.603	 20.364	  9.514       
 55.180	 24.054	  8.916       
 55.292	 26.635	 11.696       
 55.358	 30.449	 11.801       
 57.178	 32.682	 14.320       
 57.185	 36.410	 14.906       
 60.387	 38.167	 15.972       
 60.116	 41.666	 17.437       
 62.733	 44.440	 17.106       
 64.122	 43.624	 20.563       
 64.843	 40.061	 19.445       
 62.004	 38.348	 21.308       
 60.492	 35.446	 19.350       
 56.978	 34.052	 19.716       
 55.232	 31.091	 18.089       
 52.200	 32.142	 15.996       
 50.990	 29.070	 14.070       
 52.021	 25.424	 14.011       
 51.138	 22.550	 11.668       
 50.266	 25.033	  8.885       
 47.118	 26.507	 10.397       
 46.742	 25.840	 14.132       
 46.796	 29.067	 16.154       
 49.035	 28.979	 19.240       
 47.418	 29.924	 22.561       
 47.215	 33.683	 22.913       
 47.608	 34.439	 19.209       
 44.879	 36.702	 17.797       
 42.543	 35.565	 15.017       
 44.079	 38.107	 12.636       
 46.797	 35.499	 11.952       
 45.920	 32.580	  9.683       
 47.996	 30.025	  7.831       
 47.533	 27.824	  4.799       
 49.504	 25.588	  2.467       
 50.301	 22.059	  1.377       
 53.198	 20.105	 -0.102       
 55.977	 22.646	 -0.622       
 53.941	 25.894	 -0.659       
 52.747	 27.732	  2.456       
 51.613	 31.204	  3.421       
 50.886	 33.328	  6.460       
 48.085	 35.856	  6.172       
 47.936	 38.740	  8.621       
 44.718	 40.781	  8.626       
 43.839	 44.216	 10.000       
 47.471	 45.270	 10.466       
 48.350	 47.217	 13.610       
 51.521	 48.883	 14.939       
 52.110	 45.886	 17.192       
 52.537	 43.709	 14.081       
 55.759	 45.362	 12.920       
 58.212	 42.450	 13.073       
 60.072	 39.802	 11.089       
 58.101	 36.624	 10.255       
 59.810	 33.247	  9.850       
 58.570	 29.844	  8.719       
 60.139	 26.561	  9.884       
 59.649	 22.953	  8.772       
 59.184	 20.233	 11.353       
 58.943	 17.309	  8.975       
 62.522	 16.006	  8.860       
 65.591	 16.505	 11.037       
 67.433	 18.747	 11.114       
 64.603	 21.235	 11.653       
 65.162	 24.202	  9.320       
 64.049	 27.838	  9.024       
 63.679	 30.225	  6.073       
 65.307	 33.709	  6.011       
 62.296	 35.688	  7.220       
 60.159	 38.519	  5.921       
 60.478	 41.877	  7.665       
 57.171	 43.708	  7.855       
 57.125	 47.490	  8.126       
 53.878	 49.341	  8.774       
BRIEF 1XIW G 107              
  9.255	-10.437	  8.274       
 11.099	 -9.511	  5.109       
 14.480	-11.202	  4.973       
 13.744	-14.688	  3.698       
 16.403	-17.313	  4.244       
 16.390	-20.449	  2.139       
 18.509	-23.551	  2.215       
 18.843	-25.179	 -1.221       
 19.386	-28.766	 -0.051       
 16.912	-30.442	  2.298       
 18.825	-33.673	  2.981       
 22.396	-34.850	  2.512       
 24.003	-38.297	  2.604       
 27.720	-39.051	  2.933       
 30.290	-41.341	  4.549       
 32.906	-40.869	  7.252       
 35.980	-38.839	  6.330       
 33.853	-37.155	  3.662       
 33.617	-33.383	  3.165       
 30.253	-31.732	  2.571       
 29.080	-28.180	  1.976       
 25.667	-26.796	  2.953       
 24.251	-23.793	  1.066       
 22.192	-20.828	  2.322       
 20.655	-17.852	  0.556       
 19.134	-14.614	  1.841       
 16.583	-12.598	 -0.135       
 18.463	 -9.366	  0.752       
 22.142	 -8.527	  1.412       
 22.842	 -9.494	  5.044       
 26.392	 -8.104	  5.251       
 27.945	-11.283	  6.627       
 25.760	-11.430	  9.748       
 25.019	-15.082	  9.039       
 25.173	-17.834	 11.660       
 25.091	-21.643	 11.590       
 23.482	-24.004	 14.109       
 23.526	-27.764	 14.563       
 20.392	-29.559	 15.789       
 20.847	-33.171	 16.921       
 18.158	-35.881	 16.537       
 17.080	-35.316	 20.164       
 16.284	-31.684	 19.436       
 19.290	-30.090	 21.144       
 20.744	-27.064	 19.390       
 24.264	-25.666	 19.348       
 25.835	-22.603	 17.752       
 28.620	-23.556	 15.327       
 29.687	-20.384	 13.484       
 28.736	-16.712	 13.613       
 29.383	-13.727	 11.362       
 29.887	-16.063	  8.381       
 33.170	-17.627	  9.486       
 33.920	-17.142	 13.188       
 33.952	-20.376	 15.151       
 32.071	-20.366	 18.455       
 33.957	-21.549	 21.574       
 34.311	-25.327	 21.693       
 33.528	-25.940	 18.034       
 36.001	-28.175	 16.156       
 38.000	-26.927	 13.167       
 36.180	-29.419	 10.962       
 33.524	-26.695	 10.665       
 34.149	-23.638	  8.464       
 31.961	-21.035	  6.824       
 32.126	-18.607	  3.933       
 29.963	-16.344	  1.831       
 29.091	-12.747	  1.149       
 26.112	-10.668	  0.087       
 23.163	-13.059	 -0.219       
 25.005	-16.382	 -0.553       
 26.711	-18.331	  2.229       
 28.049	-21.805	  2.904       
 28.945	-24.184	  5.737       
 31.602	-26.786	  5.035       
 32.052	-29.843	  7.227       
 35.125	-32.006	  6.692       
 36.264	-35.344	  8.121       
 32.656	-36.322	  8.852       
 32.026	-38.452	 11.934       
 28.954	-40.227	 13.294       
 28.579	-37.345	 15.756       
 27.993	-34.911	 12.873       
 24.670	-36.472	 11.897       
 22.175	-33.671	 12.484       
 20.160	-30.902	 10.859       
 22.048	-27.694	 10.011       
 20.290	-24.283	 10.021       
 21.477	-20.834	  8.921       
 20.177	-17.605	 10.433       
 20.555	-13.949	  9.487       
 21.383	-11.453	 12.212       
 21.451	 -8.329	 10.022       
 18.000	 -6.808	 10.525       
 15.021	 -7.550	 12.758       
 13.155	 -9.745	 12.834       
 15.971	-12.313	 12.933       
 15.079	-15.076	 10.476       
 16.134	-18.684	  9.874       
 16.164	-20.964	  6.811       
 14.502	-24.399	  6.781       
 17.518	-26.551	  7.577       
 19.489	-29.319	  5.860       
 19.491	-32.838	  7.234       
 22.845	-34.634	  7.038       
 23.168	-38.410	  7.221       
 26.335	-40.512	  7.468       
BRIEF 1XIW D 122              
 54.255	 32.630	 33.803       
 56.152	 30.299	 31.456       
 59.637	 31.626	 30.686       
 63.151	 30.724	 29.599       
 65.750	 33.106	 31.048       
 69.147	 33.039	 29.366       
 72.533	 34.120	 30.681       
 74.070	 37.437	 29.637       
 76.214	 38.506	 26.670       
 79.682	 37.061	 26.296       
 82.840	 38.317	 24.575       
 85.559	 35.734	 23.923       
 88.679	 35.292	 21.791       
 88.976	 32.738	 18.977       
 89.875	 29.235	 20.179       
 88.158	 29.703	 23.526       
 85.052	 27.888	 24.688       
 81.977	 29.304	 26.346       
 79.052	 27.728	 28.107       
 75.759	 29.618	 28.129       
 72.697	 28.828	 30.195       
 68.938	 28.841	 30.083       
 66.764	 28.758	 33.190       
 63.208	 27.464	 32.935       
 60.409	 28.649	 35.187       
 56.634	 28.298	 35.301       
 56.511	 24.731	 33.975       
 57.943	 21.263	 34.600       
 61.473	 21.241	 33.152       
 61.529	 17.488	 32.600       
 58.159	 17.401	 30.822       
 59.441	 19.138	 27.668       
 62.271	 19.065	 25.156       
 64.851	 21.868	 25.174       
 66.261	 23.123	 21.833       
 68.988	 25.601	 20.874       
 68.777	 27.875	 17.845       
 71.477	 30.119	 16.348       
 70.734	 33.447	 14.676       
 73.553	 35.101	 12.761       
 73.561	 38.419	 10.876       
 70.439	 39.248	 12.868       
 68.300	 37.113	 10.581       
 69.267	 33.554	  9.525       
 67.963	 30.956	 12.003       
 69.449	 27.477	 12.414       
 68.318	 24.665	 14.739       
 71.409	 23.319	 16.505       
 70.083	 20.409	 18.482       
 67.843	 19.214	 21.266       
 68.194	 17.541	 24.587       
 65.736	 15.446	 26.567       
 66.058	 17.044	 30.047       
 64.582	 14.011	 31.774       
 67.034	 11.521	 30.273       
 69.961	 13.822	 29.442       
 70.117	 12.402	 25.886       
 70.867	 14.801	 23.016       
 70.250	 14.823	 19.255       
 72.227	 17.231	 17.062       
 72.059	 18.912	 13.706       
 75.148	 17.343	 12.041       
 76.273	 20.901	 11.225       
 76.686	 21.702	 14.910       
 77.598	 18.334	 16.475       
 81.298	 19.260	 16.451       
 80.553	 22.785	 17.766       
 78.218	 22.237	 20.688       
 77.756	 20.124	 23.778       
 74.304	 20.142	 25.352       
 73.645	 19.323	 29.023       
 71.046	 19.991	 31.711       
 70.894	 20.244	 35.478       
 67.541	 18.792	 36.495       
 67.849	 19.927	 40.099       
 67.954	 23.561	 39.008       
 65.813	 23.429	 35.847       
 68.755	 24.798	 33.868       
 69.843	 23.858	 30.354       
 73.404	 24.475	 29.158       
 75.088	 24.709	 25.779       
 78.869	 24.731	 25.641       
 80.298	 26.188	 22.403       
 83.718	 24.816	 21.428       
 86.749	 25.945	 19.410       
 85.202	 29.358	 18.776       
 85.795	 31.384	 15.614       
 84.277	 34.701	 14.505       
 81.764	 32.630	 12.478       
 80.282	 31.605	 15.842       
 79.420	 35.219	 16.672       
 75.634	 35.269	 16.810       
 72.599	 35.335	 19.092       
 71.787	 31.912	 20.554       
 68.299	 31.018	 21.741       
 67.030	 28.166	 23.874       
 63.485	 27.233	 22.926       
 61.072	 24.700	 24.360       
 59.192	 22.052	 22.372       
 57.056	 19.058	 23.351       
 58.602	 16.063	 25.072       
 57.154	 13.562	 22.585       
 57.078	 13.328	 18.798       
 53.545	 14.671	 18.605       
 54.860	 18.137	 19.474       
 58.660	 18.188	 19.728       
 58.905	 19.790	 16.243       
 57.559	 23.327	 16.884       
 58.993	 25.711	 19.517       
 56.376	 27.195	 21.844       
 58.445	 29.150	 24.363       
 61.631	 31.059	 23.558       
 64.380	 32.510	 25.752       
 65.405	 36.121	 25.099       
 68.650	 35.143	 23.400       
 72.313	 35.385	 24.382       
 74.710	 37.389	 22.243       
 78.155	 35.830	 21.714       
 80.904	 37.843	 19.988       
 84.196	 36.144	 19.138       
 87.053	 38.433	 18.160       
 90.656	 39.255	 18.993       
BRIEF 1XIW H 122              
 27.870	-25.248	 33.804       
 25.906	-22.882	 31.532       
 22.400	-24.185	 30.907       
 18.836	-23.219	 30.022       
 16.311	-25.690	 31.458       
 12.809	-25.533	 29.977       
  9.477	-26.739	 31.347       
  7.872	-29.979	 30.155       
  5.583	-30.746	 27.182       
  2.038	-29.344	 27.248       
 -1.254	-30.444	 25.691       
 -4.006	-27.821	 25.398       
 -7.362	-27.158	 23.717       
 -7.782	-24.196	 21.326       
 -8.554	-20.815	 22.866       
 -6.508	-21.393	 25.993       
 -3.244	-19.744	 27.048       
 -0.069	-21.428	 28.312       
  3.181	-20.299	 29.926       
  6.563	-21.932	 29.186       
  9.509	-21.457	 31.512       
 13.261	-21.344	 30.952       
 15.535	-21.512	 34.003       
 19.065	-20.171	 33.553       
 22.029	-21.575	 35.493       
 25.802	-21.202	 35.430       
 25.903	-17.518	 34.413       
 24.702	-14.022	 35.344       
 21.086	-13.959	 34.195       
 20.926	-10.141	 33.765       
 24.093	-10.040	 31.687       
 22.590	-11.596	 28.521       
 19.561	-11.218	 26.267       
 16.937	-13.982	 26.194       
 15.310	-15.065	 22.948       
 12.422	-17.331	 21.981       
 12.272	-19.478	 18.856       
  9.407	-21.558	 17.395       
 10.002	-24.784	 15.466       
  7.009	-26.235	 13.676       
  6.397	-28.978	 11.141       
  6.924	-27.562	  7.679       
 10.306	-26.586	  9.074       
 11.966	-23.162	  9.193       
 12.577	-21.953	 12.756       
 11.111	-18.527	 13.592       
 12.489	-15.969	 16.038       
  9.547	-14.728	 18.103       
 11.108	-12.024	 20.248       
 13.641	-11.079	 22.860       
 13.590	 -9.641	 26.328       
 16.277	 -7.740	 28.213       
 16.234	 -9.534	 31.614       
 17.852	 -6.613	 33.412       
 15.315	 -3.984	 32.291       
 12.327	 -6.243	 31.621       
 11.918	 -4.621	 28.195       
 10.808	 -6.795	 25.238       
 11.165	 -6.531	 21.439       
  8.866	 -8.718	 19.332       
  8.736	-10.161	 15.838       
  5.600	 -8.391	 14.505       
  4.198	-11.772	 13.469       
  4.069	-12.875	 17.133       
  3.127	 -9.567	 18.789       
 -0.493	-10.574	 19.401       
  0.521	-14.107	 20.411       
  3.291	-13.858	 22.995       
  4.168	-12.027	 26.182       
  7.741	-12.254	 27.504       
  8.564	-11.768	 31.161       
 11.299	-12.757	 33.573       
 11.757	-13.221	 37.310       
 15.230	-11.969	 38.250       
 14.555	-13.542	 41.654       
 14.862	-17.066	 40.203       
 16.778	-16.314	 37.003       
 13.823	-17.555	 34.970       
 12.431	-16.344	 31.674       
  8.848	-16.944	 30.600       
  6.797	-16.901	 27.473       
  3.027	-16.861	 27.705       
  1.234	-17.827	 24.487       
 -2.301	-16.468	 24.147       
 -5.523	-17.670	 22.516       
 -3.960	-20.882	 21.223       
 -4.890	-22.524	 17.924       
 -3.476	-25.648	 16.231       
 -1.084	-23.370	 14.333       
  0.665	-22.823	 17.652       
  1.553	-26.524	 17.956       
  5.363	-26.572	 17.839       
  8.550	-27.027	 19.852       
  9.540	-23.739	 21.565       
 13.125	-22.876	 22.500       
 14.571	-20.147	 24.700       
 18.087	-19.174	 23.608       
 20.602	-16.791	 25.086       
 22.372	-14.028	 23.150       
 24.636	-11.142	 24.116       
 23.288	 -8.223	 26.128       
 24.554	 -5.610	 23.661       
 24.400	 -5.139	 19.901       
 27.868	 -6.584	 19.422       
 26.567	-10.076	 20.150       
 22.790	-10.081	 20.704       
 22.267	-11.291	 17.115       
 23.617	-14.865	 17.420       
 22.362	-17.424	 19.969       
 25.089	-19.060	 21.993       
 23.173	-21.297	 24.400       
 19.867	-23.039	 23.809       
 17.344	-24.671	 26.123       
 16.284	-28.246	 25.258       
 12.951	-27.231	 23.796       
  9.363	-27.549	 25.028       
  6.738	-29.269	 22.857       
  3.243	-27.716	 22.843       
  0.349	-29.529	 21.167       
 -2.973	-27.729	 20.625       
 -5.889	-29.861	 19.471       
 -9.564	-30.791	 19.949       
