BRIEF 1YJD C 118              
 96.048	 28.881	 50.227  0.279
 95.169	 32.363	 48.972  0.857
 94.092	 35.472	 50.858  0.418
 91.279	 37.543	 49.371 -0.308
 91.438	 41.230	 48.575  1.315
 88.437	 43.484	 48.059 -0.249
 89.203	 47.105	 47.189  0.709
 87.190	 50.074	 45.931  0.096
 86.901	 50.178	 42.136 -0.480
 87.661	 53.920	 42.135 -0.233
 88.922	 56.696	 44.388  0.715
 88.897	 60.367	 43.420 -0.221
 91.644	 62.171	 45.292  0.373
 90.524	 65.113	 47.382 -0.770
 93.205	 67.746	 47.875 -0.485
 95.657	 65.353	 46.196 -0.042
 95.137	 62.710	 48.874  0.061
 93.095	 59.542	 49.230  0.936
 92.530	 56.573	 51.511  0.686
 93.367	 53.155	 50.124  0.438
 91.569	 50.563	 52.227 -1.850
 92.241	 46.900	 51.506  0.928
 89.792	 44.287	 52.694 -0.224
 91.452	 40.931	 53.321  0.518
 90.284	 37.358	 53.845 -1.087
 92.294	 36.946	 57.065 -0.735
 92.916	 37.009	 60.846 -0.045
 91.404	 38.502	 63.953 -1.407
 95.002	 39.629	 64.458 -0.831
 98.695	 38.886	 65.338  0.488
101.156	 37.406	 62.833 -0.708
104.196	 38.842	 61.039  1.237
102.982	 40.547	 57.855 -0.004
104.096	 42.757	 55.023  0.728
101.311	 44.702	 53.274  1.169
102.062	 46.283	 49.864  0.581
100.646	 48.846	 47.431  0.858
101.811	 48.698	 43.823 -0.609
101.032	 51.146	 41.045  0.793
100.807	 50.231	 37.392  0.014
 99.237	 47.672	 35.075 -2.283
102.696	 46.114	 34.919 -0.933
102.809	 46.616	 38.691 -0.150
106.279	 48.133	 38.427 -1.780
106.449	 50.631	 41.319  0.494
105.766	 49.547	 44.904  0.494
104.239	 52.704	 46.375  0.986
104.095	 51.652	 50.039  1.387
104.922	 48.807	 52.436  0.090
103.261	 48.639	 55.857 -1.015
105.023	 46.015	 57.990  0.547
103.550	 44.379	 61.034 -1.277
104.759	 41.886	 63.581  0.817
102.171	 41.029	 66.193 -1.904
102.802	 44.044	 68.398 -0.423
105.718	 46.346	 67.516 -1.452
104.077	 49.499	 66.106 -1.430
103.145	 49.355	 62.411 -1.700
106.234	 50.362	 60.376 -1.078
105.095	 52.060	 57.147  0.310
107.549	 53.190	 54.440 -1.441
108.229	 54.017	 50.777 -0.845
111.288	 53.489	 48.603 -0.665
109.631	 55.414	 45.794 -0.671
109.188	 58.835	 47.325 -1.930
105.550	 58.589	 48.359 -0.154
104.263	 60.319	 51.468 -1.865
102.643	 57.122	 52.788  1.183
100.812	 56.416	 56.032 -1.939
 99.406	 53.061	 57.144  0.276
 96.624	 52.087	 59.555 -0.741
 95.908	 48.463	 60.525 -1.665
 92.504	 46.916	 61.262  0.034
 92.009	 43.168	 61.660 -0.549
 91.406	 41.978	 58.103  0.361
 92.286	 45.278	 56.493 -0.335
 95.035	 47.841	 55.943  1.323
 94.504	 51.447	 54.826  0.955
 97.061	 53.334	 52.825  0.792
 96.793	 57.101	 53.365  0.025
 98.585	 58.561	 50.333  1.141
 99.321	 62.292	 50.575 -2.049
100.852	 64.810	 48.137  1.068
 99.802	 62.647	 45.170  0.828
100.531	 64.179	 41.768 -0.756
 97.931	 64.425	 39.018  0.211
100.267	 62.294	 36.891  0.205
100.092	 59.510	 39.432  0.338
 96.492	 58.726	 38.351  1.080
 96.599	 54.947	 37.805  1.023
 95.522	 51.486	 38.940  0.646
 96.948	 50.568	 42.331  1.212
 97.018	 46.964	 43.527 -1.764
 97.016	 45.774	 47.121  1.169
 99.296	 42.950	 48.237 -0.977
 99.528	 40.934	 51.467  0.427
101.999	 38.333	 52.727  1.370
102.550	 36.545	 56.017 -0.651
106.087	 35.518	 56.926  0.678
105.336	 34.083	 60.397  0.650
103.980	 32.047	 61.797  1.449
104.442	 29.689	 58.772  1.449
103.711	 28.735	 56.171  1.449
104.192	 31.641	 53.769  1.201
100.799	 33.100	 52.805 -1.135
100.014	 35.297	 49.808 -1.767
 97.078	 37.089	 48.169 -0.941
 95.288	 36.421	 44.887  0.891
 95.869	 39.384	 42.598 -1.573
 93.015	 41.826	 43.248  0.618
 90.779	 43.654	 40.753  1.208
 92.662	 46.778	 41.803  0.750
 91.632	 50.386	 42.360  1.289
 91.899	 53.289	 39.913  0.323
 93.017	 56.420	 41.721  0.892
 91.985	 59.553	 39.819  0.801
 94.138	 62.435	 41.012  1.129
 92.699	 65.654	 39.576  0.365
BRIEF 1YJD L 212              
121.608	 51.030	 37.488       
122.487	 53.768	 39.993       
126.093	 54.992	 40.355       
127.891	 55.521	 43.684       
130.601	 58.220	 43.661       
132.519	 58.402	 46.934       
134.751	 61.419	 47.266       
138.038	 61.067	 49.126       
139.462	 57.870	 47.601       
141.877	 58.078	 50.525       
142.569	 60.287	 53.548       
145.027	 60.737	 56.384       
144.078	 62.519	 59.620       
145.476	 62.835	 63.150       
144.191	 61.489	 66.463       
141.041	 63.383	 67.396       
140.573	 64.906	 63.954       
136.985	 65.271	 62.701       
137.213	 64.080	 59.067       
134.435	 63.757	 56.516       
133.619	 61.609	 53.457       
131.156	 62.225	 50.646       
129.062	 59.991	 48.397       
127.142	 61.409	 45.459       
124.478	 59.354	 43.671       
123.849	 59.599	 39.921       
120.131	 59.912	 40.560       
117.605	 60.159	 43.399       
117.907	 57.415	 46.046       
116.006	 59.483	 48.624       
117.254	 58.365	 52.034       
118.074	 54.827	 51.076       
121.877	 54.700	 51.325       
123.951	 52.998	 54.007       
127.557	 53.337	 55.120       
129.871	 50.445	 55.996       
133.245	 49.922	 57.681       
135.687	 47.193	 56.698       
139.071	 47.020	 58.419       
142.079	 45.427	 56.682       
141.267	 41.833	 55.796       
138.131	 42.021	 57.910       
134.356	 41.719	 57.375       
132.307	 44.864	 56.572       
130.007	 46.202	 59.296       
126.983	 48.460	 59.087       
127.704	 51.940	 60.463       
124.805	 54.097	 59.254       
121.559	 53.001	 57.609       
118.835	 55.177	 56.129       
121.064	 58.206	 55.693       
121.265	 59.335	 59.339       
120.204	 56.282	 61.281       
123.054	 54.850	 63.313       
123.253	 51.102	 63.902       
123.046	 49.691	 67.397       
126.535	 49.787	 68.884       
128.140	 52.353	 66.616       
129.662	 55.171	 68.699       
128.161	 58.639	 68.461       
131.381	 59.959	 67.013       
129.984	 58.548	 63.710       
127.393	 60.733	 62.013       
125.645	 60.710	 58.657       
123.554	 63.069	 56.576       
122.071	 63.680	 53.154       
119.068	 63.110	 50.943       
118.329	 62.474	 47.297       
121.656	 62.821	 45.554       
124.115	 64.110	 48.131       
125.370	 62.124	 51.115       
128.121	 62.476	 53.720       
129.777	 60.520	 56.547       
131.450	 62.317	 59.405       
133.686	 60.803	 62.047       
134.641	 63.238	 64.790       
137.435	 62.680	 67.332       
139.360	 60.118	 65.321       
140.670	 56.976	 67.002       
143.365	 54.622	 65.702       
140.712	 51.933	 65.852       
138.979	 53.735	 62.969       
141.728	 52.777	 60.532       
139.689	 51.123	 57.780       
138.012	 51.632	 54.420       
134.469	 53.115	 54.194       
131.877	 52.214	 51.549       
128.538	 53.860	 50.637       
125.738	 51.660	 49.333       
122.221	 52.437	 48.172       
119.255	 50.330	 49.221       
116.556	 51.971	 47.173       
116.703	 50.246	 43.771       
117.756	 46.779	 42.503       
120.556	 46.209	 41.725       
122.064	 47.498	 44.975       
125.338	 49.372	 44.436       
128.197	 50.370	 46.741       
130.795	 53.097	 46.326       
134.528	 52.865	 45.683       
135.335	 53.145	 49.343       
137.589	 55.567	 51.105       
140.813	 54.591	 52.856       
141.810	 56.208	 56.116       
145.195	 56.589	 57.810       
145.559	 57.862	 61.358       
148.673	 60.067	 61.332       
151.135	 59.555	 64.198       
154.643	 60.653	 65.217       
157.405	 59.801	 62.750       
159.221	 56.543	 63.557       
162.442	 54.824	 62.519       
162.209	 51.253	 61.166       
163.963	 48.653	 63.327       
165.898	 46.786	 60.648       
166.794	 43.096	 60.938       
168.724	 40.935	 58.503       
168.671	 37.128	 58.474       
170.943	 34.670	 56.620       
169.780	 31.544	 54.744       
168.768	 28.845	 57.189       
170.899	 25.720	 57.253       
167.917	 23.546	 56.230       
167.339	 25.702	 53.191       
170.866	 25.543	 51.852       
170.589	 21.782	 52.076       
168.004	 22.193	 49.298       
170.304	 24.088	 46.969       
168.758	 27.459	 47.768       
169.478	 30.571	 49.832       
167.082	 33.278	 51.002       
168.438	 36.262	 52.891       
165.604	 38.022	 54.681       
165.380	 41.597	 55.940       
162.802	 42.981	 58.341       
161.973	 46.668	 58.595       
159.375	 47.051	 61.333       
157.186	 49.583	 63.100       
157.968	 52.753	 61.226       
156.076	 55.873	 60.121       
155.504	 57.263	 57.511       
155.140	 54.286	 55.159       
157.816	 55.605	 52.855       
160.913	 53.412	 52.832       
163.533	 52.241	 50.297       
165.504	 49.005	 50.620       
168.621	 48.271	 48.621       
170.500	 45.001	 48.767       
174.278	 45.108	 48.631       
176.060	 41.851	 47.933       
179.451	 42.936	 49.243       
179.690	 46.430	 47.836       
177.546	 46.022	 44.754       
173.800	 46.670	 44.670       
171.492	 43.804	 43.743       
167.862	 43.931	 42.529       
167.470	 40.507	 40.881       
165.597	 38.011	 43.065       
164.248	 40.571	 45.546       
160.643	 40.372	 46.755       
159.049	 42.803	 49.234       
155.814	 42.938	 51.202       
154.038	 45.564	 53.288       
151.510	 45.119	 56.083       
148.537	 47.439	 56.601       
148.760	 50.253	 59.151       
148.962	 48.792	 62.637       
145.539	 49.423	 64.198       
147.328	 49.250	 67.552       
150.258	 51.672	 67.231       
149.507	 52.986	 63.743       
152.802	 51.930	 62.157       
153.874	 50.128	 59.032       
156.123	 47.132	 58.538       
157.975	 45.616	 55.601       
159.899	 42.455	 54.765       
162.397	 42.023	 51.939       
163.661	 38.653	 50.755       
166.645	 38.145	 48.495       
166.507	 34.651	 47.049       
169.701	 33.316	 45.463       
170.997	 29.820	 44.799       
173.326	 27.995	 47.183       
175.917	 28.250	 44.424       
175.965	 31.993	 43.767       
175.359	 32.784	 47.426       
178.556	 31.044	 48.446       
180.795	 33.084	 46.200       
180.161	 36.407	 47.884       
180.927	 37.197	 51.553       
179.097	 40.319	 52.802       
175.319	 40.720	 52.401       
173.885	 44.121	 53.237       
170.323	 45.341	 53.681       
170.037	 49.138	 53.463       
167.022	 51.361	 54.173       
166.466	 55.075	 53.777       
163.576	 56.676	 55.559       
162.465	 60.279	 56.203       
163.451	 59.498	 59.763       
167.128	 59.608	 58.750       
169.386	 61.339	 56.210       
171.863	 58.487	 56.715       
170.901	 54.970	 55.579       
170.178	 52.350	 58.225       
172.510	 49.509	 57.302       
172.409	 45.904	 58.491       
174.785	 43.290	 57.121       
176.393	 39.924	 57.794       
179.398	 38.034	 56.491       
179.893	 34.333	 55.923       
181.824	 35.009	 59.173       
BRIEF 1YJD H 217              
122.591	 35.442	 64.815       
125.605	 33.972	 63.063       
126.217	 33.440	 59.367       
128.613	 30.529	 58.715       
130.366	 30.350	 55.341       
132.178	 27.567	 53.465       
135.956	 27.174	 53.457       
138.215	 28.415	 50.648       
138.081	 26.417	 47.426       
140.337	 26.036	 44.402       
138.591	 25.815	 41.056       
140.060	 24.886	 37.709       
139.226	 27.435	 34.966       
135.991	 26.283	 33.312       
134.208	 24.394	 36.104       
131.429	 25.359	 38.532       
131.535	 25.472	 42.345       
128.597	 26.065	 44.716       
129.495	 27.755	 48.033       
127.183	 27.805	 51.049       
126.055	 29.996	 53.974       
123.980	 28.646	 56.862       
121.996	 30.934	 59.122       
121.535	 30.340	 62.862       
120.135	 32.515	 65.629       
117.024	 33.983	 63.944       
114.053	 33.151	 61.689       
115.492	 32.094	 58.358       
112.216	 32.706	 56.510       
112.026	 36.308	 57.710       
115.032	 37.546	 55.801       
116.539	 37.834	 52.310       
119.963	 36.257	 51.693       
122.157	 38.549	 49.529       
125.439	 37.538	 47.888       
128.209	 40.076	 47.098       
131.701	 39.599	 45.666       
134.818	 41.536	 46.620       
137.794	 41.247	 44.298       
141.223	 41.568	 46.005       
141.950	 45.241	 46.490       
138.663	 46.227	 44.854       
135.380	 47.296	 46.436       
132.430	 44.918	 46.827       
129.529	 44.467	 44.423       
126.028	 42.997	 44.801       
125.562	 39.630	 43.084       
121.964	 38.675	 43.909       
119.521	 37.875	 46.700       
117.077	 35.123	 47.602       
114.134	 35.001	 49.972       
113.660	 31.706	 51.799       
109.936	 31.323	 52.136       
108.404	 31.864	 48.710       
111.816	 31.025	 47.222       
111.725	 34.184	 45.113       
115.081	 35.426	 43.792       
116.685	 38.574	 42.344       
119.875	 38.797	 40.292       
122.198	 41.590	 39.157       
122.511	 41.559	 35.379       
126.283	 41.452	 35.765       
126.062	 37.829	 37.006       
122.922	 36.522	 35.230       
124.404	 33.229	 33.939       
127.023	 32.199	 36.547       
125.090	 33.016	 39.693       
122.172	 30.685	 40.473       
120.600	 31.190	 43.902       
119.339	 28.127	 45.800       
117.850	 27.851	 49.304       
117.586	 25.045	 51.896       
114.831	 25.732	 54.459       
115.766	 22.620	 56.501       
119.405	 23.366	 57.344       
118.839	 27.135	 57.146       
121.368	 27.085	 54.275       
121.653	 29.485	 51.357       
123.728	 28.187	 48.442       
125.399	 30.192	 45.671       
126.370	 28.491	 42.404       
129.089	 30.041	 40.289       
129.157	 28.173	 36.967       
131.847	 28.577	 34.259       
134.652	 30.246	 36.220       
137.610	 32.365	 35.130       
140.368	 34.468	 36.733       
137.658	 37.126	 36.882       
135.763	 34.871	 39.284       
138.645	 34.856	 41.747       
137.540	 37.055	 44.651       
136.162	 36.653	 48.164       
132.412	 36.066	 48.187       
130.438	 37.352	 51.155       
127.138	 36.304	 52.642       
124.679	 38.688	 54.227       
120.972	 39.210	 54.821       
118.281	 41.901	 54.646       
115.062	 42.129	 56.633       
112.177	 40.953	 54.454       
109.546	 43.450	 55.561       
111.891	 46.346	 56.337       
114.386	 45.730	 53.504       
116.780	 48.597	 54.285       
120.263	 47.118	 54.679       
122.683	 44.233	 55.370       
123.570	 44.026	 59.089       
124.953	 40.504	 59.458       
127.776	 39.361	 57.189       
129.437	 36.003	 56.804       
133.206	 35.979	 57.218       
133.543	 35.124	 53.532       
134.887	 32.373	 51.253       
138.025	 33.098	 49.182       
137.830	 31.507	 45.732       
140.785	 30.972	 43.453       
140.231	 29.868	 39.879       
143.832	 28.804	 39.096       
144.934	 25.532	 37.513       
148.249	 25.574	 39.417       
149.312	 22.740	 41.724       
148.528	 22.410	 45.422       
151.901	 22.347	 47.161       
152.726	 22.203	 50.881       
155.037	 24.951	 52.137       
158.717	 24.692	 52.988       
159.123	 26.384	 56.365       
162.582	 27.849	 57.145       
163.607	 29.215	 60.560       
165.059	 32.709	 60.746       
167.652	 33.209	 63.482       
170.051	 36.136	 64.086       
173.800	 36.122	 63.436       
176.370	 37.880	 65.605       
174.662	 41.301	 65.720       
171.694	 43.011	 67.405       
169.323	 45.153	 65.328       
167.547	 46.266	 68.548       
169.652	 45.797	 71.716       
168.050	 44.241	 74.819       
165.583	 42.453	 72.570       
165.641	 40.134	 69.608       
163.580	 39.681	 66.470       
163.134	 36.137	 65.193       
161.220	 35.030	 62.122       
159.892	 32.267	 59.902       
160.057	 31.901	 56.123       
157.226	 30.003	 54.446       
158.341	 29.392	 50.867       
156.639	 27.790	 47.872       
153.054	 26.891	 48.811       
149.750	 26.849	 46.945       
147.086	 27.771	 47.360       
146.425	 30.471	 49.953       
146.092	 30.625	 52.861       
148.551	 29.372	 55.468       
148.374	 30.302	 59.151       
151.344	 31.362	 61.298       
151.186	 31.174	 65.074       
154.088	 31.486	 67.502       
154.351	 28.890	 70.297       
150.951	 27.368	 69.686       
149.243	 30.729	 69.936       
150.886	 31.669	 73.235       
152.904	 34.332	 71.423       
150.676	 37.074	 69.941       
152.444	 40.295	 70.879       
155.108	 41.653	 68.555       
154.084	 39.449	 65.673       
154.103	 40.625	 62.052       
152.913	 38.163	 59.406       
153.522	 39.877	 56.049       
151.180	 39.359	 53.093       
152.000	 36.559	 50.674       
153.627	 37.486	 47.372       
153.085	 35.125	 44.391       
156.376	 34.170	 42.758       
156.238	 32.073	 39.569       
152.822	 30.554	 40.374       
153.704	 29.738	 44.023       
153.413	 31.647	 47.357       
156.025	 32.872	 49.828       
155.434	 34.584	 53.172       
157.383	 35.424	 56.282       
156.453	 36.285	 59.843       
158.451	 38.183	 62.416       
158.252	 37.972	 66.227       
159.913	 40.428	 68.645       
160.805	 39.156	 72.098       
162.913	 40.322	 75.057       
166.562	 39.304	 74.744       
166.145	 38.094	 78.323       
163.638	 35.498	 77.117       
165.656	 34.122	 74.213       
167.569	 31.922	 73.687       
166.813	 30.622	 77.213       
163.106	 30.041	 76.527       
162.524	 28.221	 73.236       
160.482	 29.808	 70.438       
158.590	 27.959	 67.709       
156.365	 29.108	 64.880       
153.418	 27.003	 63.678       
152.592	 26.807	 59.982       
149.295	 25.363	 58.775       
148.245	 24.852	 55.146       
144.750	 23.309	 55.063       
144.845	 23.160	 51.247       
147.258	 20.224	 51.528       
146.601	 19.202	 55.130       
150.146	 19.950	 56.287       
151.023	 21.232	 59.768       
154.620	 22.132	 60.516       
156.493	 23.390	 63.602       
159.906	 25.039	 63.397       
161.919	 25.987	 66.489       
164.422	 28.798	 66.283       
167.818	 27.781	 67.654       
