BRIEF 1YQV Y 129              
 30.118	 12.808	 45.070  1.155
 31.661	  9.923	 46.974 -0.513
 31.941	 10.858	 50.634 -0.534
 34.994	  9.947	 52.637 -1.231
 34.050	  7.666	 55.540  0.829
 34.995	 10.075	 58.302  1.459
 33.844	 13.051	 56.245  0.040
 30.335	 11.539	 56.115  0.828
 30.411	 10.615	 59.792  1.137
 31.137	 14.254	 60.636 -0.717
 28.357	 15.491	 58.337 -0.757
 25.836	 13.037	 59.778  0.862
 26.839	 14.065	 63.299 -1.024
 26.252	 17.748	 62.577 -2.375
 22.859	 16.780	 61.162 -2.319
 21.944	 15.272	 64.511  0.904
 22.027	 11.586	 63.597 -0.935
 24.260	 10.422	 66.450 -0.390
 21.955	  8.513	 68.794 -0.417
 18.930	  9.678	 66.820 -0.343
 16.073	  7.514	 68.126 -0.556
 18.687	  5.415	 69.914 -0.052
 20.880	  4.685	 66.898 -0.848
 24.547	  5.550	 67.460  0.109
 26.378	  7.353	 64.643  0.172
 28.162	  4.183	 63.548 -0.134
 24.820	  2.708	 62.493  0.435
 24.168	  5.486	 60.002  1.086
 27.668	  5.493	 58.545  0.261
 27.539	  1.710	 58.197  1.476
 24.137	  1.865	 56.485  0.971
 25.394	  4.420	 53.949  0.744
 28.489	  2.310	 53.308 -0.657
 26.550	 -0.773	 52.308 -0.130
 23.571	  0.959	 50.711  1.125
 25.480	  3.310	 48.379  1.488
 29.184	  3.011	 49.178 -1.077
 28.943	  6.662	 50.301 -0.398
 27.913	  7.756	 46.786  0.463
 25.343	 10.570	 46.841  1.330
 24.421	  9.861	 43.222 -2.369
 23.793	  6.133	 43.590  0.976
 20.520	  4.731	 42.236 -0.355
 19.217	  1.184	 41.934  0.698
 16.048	 -0.109	 40.309 -1.015
 13.850	 -2.302	 42.511  0.373
 11.304	 -4.933	 41.431 -0.927
  7.957	 -3.245	 42.052  0.448
  8.889	 -0.576	 39.543 -0.271
 10.377	  1.535	 42.311  1.159
 13.897	  2.948	 42.362 -0.055
 16.158	  3.613	 45.365  0.975
 17.851	  7.004	 45.541  0.841
 20.946	  8.498	 47.100  1.481
 23.408	  7.841	 49.840  1.047
 20.773	  6.067	 51.953  1.142
 18.921	  4.538	 49.001  1.488
 15.465	  5.966	 49.774  1.439
 12.653	  4.156	 47.914  1.255
 10.260	  5.808	 45.449  0.839
  7.258	  3.690	 46.409 -0.545
  6.902	  4.745	 50.042 -0.613
  9.173	  7.730	 50.653  1.177
  9.879	 10.088	 47.750  1.483
  8.055	 10.885	 44.532 -0.208
  9.795	 10.161	 41.225 -0.243
  6.671	 10.414	 39.084 -2.014
  6.781	  6.902	 37.612 -1.880
  6.363	  4.480	 40.532 -1.052
  3.065	  2.553	 41.062 -1.001
  1.433	  2.922	 44.485 -1.911
  3.445	  6.031	 45.377 -0.214
  3.004	  7.343	 48.945 -1.289
  5.761	  9.959	 49.196  1.122
  5.699	  9.846	 53.007 -0.809
  8.766	 12.102	 53.067  1.483
  6.932	 14.516	 50.767 -0.620
  9.945	 15.262	 48.581 -0.146
 10.982	 14.574	 44.980 -0.602
 13.419	 11.668	 44.775  1.460
 15.721	 13.770	 42.594 -0.291
 16.231	 16.040	 45.620 -0.841
 17.867	 13.142	 47.461  0.670
 20.818	 13.077	 45.043 -0.077
 22.533	 16.301	 46.118 -0.180
 26.134	 16.508	 47.303  0.256
 24.496	 18.004	 50.407  0.497
 22.964	 15.239	 52.541  1.069
 20.286	 17.426	 54.166 -1.018
 17.303	 16.034	 52.238 -0.345
 18.371	 12.421	 52.687  0.665
 18.932	 12.911	 56.423  0.328
 15.522	 14.522	 56.970 -2.374
 13.769	 11.703	 55.174  1.476
 15.908	  9.102	 56.985  1.006
 14.749	 10.517	 60.322  0.305
 11.167	  9.872	 59.203 -0.662
 11.889	  6.371	 57.890  0.918
 13.482	  5.270	 61.163 -0.507
 10.297	  6.394	 62.967 -1.004
  8.035	  4.281	 60.727 -0.141
  7.805	  1.506	 63.317 -0.350
 10.659	 -0.780	 62.317 -0.259
 13.665	  1.306	 63.333  1.122
 16.643	  0.964	 61.021  0.679
 15.358	 -2.426	 59.875 -1.120
 13.868	 -0.358	 57.044  0.970
 17.330	 -0.429	 55.448  1.212
 18.104	 -3.782	 53.828  0.066
 21.867	 -3.171	 53.804  0.472
 21.784	 -2.174	 57.459  0.945
 20.007	 -5.412	 58.371 -2.233
 22.417	 -7.587	 56.411 -1.089
 25.733	 -5.864	 57.106 -0.715
 25.400	 -3.581	 60.154  1.475
 22.771	 -4.875	 62.566 -1.075
 24.311	 -6.855	 65.398 -0.137
 27.871	 -5.864	 64.513 -0.503
 30.377	 -3.457	 66.020 -0.741
 29.108	 -0.392	 64.146  0.566
 31.330	  1.834	 66.263 -0.069
 34.133	  0.550	 64.039 -0.965
 32.662	  2.723	 61.271  0.052
 33.407	  5.975	 63.103 -0.204
 36.640	  4.636	 64.586 -0.998
 39.645	  6.861	 63.947 -0.656
 37.440	  9.773	 62.941  1.479
 38.090	 13.071	 64.702 -1.690
 34.488	 13.942	 65.520 -0.199
BRIEF 1YQV L 211              
 18.133	-12.513	 37.064       
 16.553	-12.738	 33.612       
 12.755	-12.798	 33.565       
 11.609	-14.371	 30.307       
  8.291	-13.211	 28.846       
  6.597	-15.524	 26.359       
  3.830	-14.050	 24.243       
  1.095	-15.973	 22.471       
 -0.071	-16.266	 19.847       
  3.260	-15.238	 18.307       
  1.340	-14.308	 15.164       
 -2.416	-13.965	 14.726       
 -4.951	-12.502	 12.306       
 -8.322	-10.893	 12.949       
-11.137	 -9.282	 10.967       
-12.561	 -5.863	 11.896       
-15.135	 -6.208	 14.663       
-13.583	 -9.374	 16.079       
-12.493	 -9.684	 19.695       
 -8.756	-10.152	 20.155       
 -6.865	-11.500	 23.145       
 -3.115	-11.968	 23.477       
 -1.216	-13.350	 26.456       
  2.153	-12.740	 28.087       
  3.551	-15.373	 30.454       
  6.483	-14.687	 32.762       
  9.091	-17.169	 33.986       
  8.789	-15.517	 37.431       
  5.980	-13.526	 39.066       
  5.954	 -9.775	 38.349       
  4.040	 -6.963	 40.084       
  2.922	 -5.121	 36.954       
  2.970	 -5.554	 33.185       
  3.422	 -2.945	 30.456       
  2.502	 -3.096	 26.767       
  3.835	 -1.272	 23.719       
  2.507	 -1.082	 20.160       
  4.826	 -0.932	 17.153       
  3.992	 -0.567	 13.470       
  6.510	 -1.358	 10.721       
  9.149	  1.330	 10.306       
  8.255	  3.430	 13.352       
  9.176	  3.679	 17.031       
  7.213	  1.670	 19.593       
  4.534	  3.562	 21.531       
  3.684	  2.810	 25.146       
  0.153	  1.386	 25.038       
 -0.736	  0.145	 28.525       
  1.093	  0.872	 31.762       
  0.734	 -0.431	 35.317       
 -1.078	 -3.481	 33.912       
 -4.429	 -1.883	 33.017       
 -3.918	  1.859	 32.529       
 -4.303	  3.155	 28.975       
 -1.550	  5.397	 27.602       
 -2.468	  8.731	 26.009       
 -4.359	  8.380	 22.748       
 -5.130	  4.693	 23.286       
 -8.805	  3.912	 22.465       
-11.074	  2.378	 25.107       
-11.492	 -0.838	 23.101       
 -8.098	 -1.794	 24.534       
 -7.834	 -3.302	 27.997       
 -5.056	 -4.868	 30.031       
 -5.240	 -7.362	 32.877       
 -3.468	-10.151	 34.705       
 -1.295	-10.810	 37.741       
  1.554	-13.026	 38.870       
  2.982	-14.829	 35.864       
  0.087	-14.309	 33.453       
 -1.080	-11.088	 31.809       
 -3.103	-10.205	 28.740       
 -4.085	 -7.450	 26.322       
 -7.584	 -7.475	 24.878       
 -9.224	 -5.579	 22.032       
-13.013	 -5.675	 22.418       
-13.570	 -5.012	 18.720       
-10.706	 -5.109	 16.228       
-10.248	 -2.027	 14.036       
 -8.060	 -1.894	 10.917       
 -5.532	  0.470	 12.532       
 -4.939	 -2.001	 15.376       
 -2.812	 -4.159	 13.092       
  0.696	 -4.081	 14.571       
  3.066	 -5.929	 16.887       
  2.326	 -5.734	 20.604       
  5.149	 -6.293	 23.088       
  4.650	 -6.859	 26.797       
  7.339	 -5.812	 29.263       
  8.105	 -6.342	 32.941       
  9.684	 -3.150	 34.238       
 11.619	 -4.441	 37.246       
 15.293	 -4.359	 38.247       
 16.403	 -5.614	 34.828       
 13.512	 -4.868	 32.426       
 12.716	 -7.430	 29.748       
 10.298	 -7.511	 26.800       
  8.299	-10.417	 25.438       
  8.846	-11.618	 21.870       
  5.747	 -9.775	 20.706       
  2.420	-10.747	 19.178       
  2.034	 -9.811	 15.548       
 -1.588	 -8.884	 14.904       
 -2.466	 -8.946	 11.210       
 -5.682	 -8.293	  9.288       
 -7.745	-11.299	  8.213       
 -9.211	-11.156	  4.691       
-10.423	-13.473	  1.917       
 -7.922	-15.923	  0.409       
 -6.177	-14.671	 -2.736       
 -4.023	-16.561	 -5.237       
 -0.641	-15.000	 -6.024       
  0.164	-13.420	 -9.386       
  3.480	-15.005	-10.401       
  5.927	-13.331	-12.796       
  9.348	-14.613	-13.857       
 12.169	-12.525	-15.319       
 15.351	-13.575	-17.145       
 18.668	-11.927	-16.176       
 19.076	 -8.451	-17.659       
 21.510	 -8.106	-20.555       
 23.419	 -5.568	-18.462       
 23.953	 -7.917	-15.516       
 25.007	-10.745	-17.841       
 27.706	 -8.606	-19.437       
 28.997	 -7.987	-15.910       
 29.348	-11.735	-15.417       
 26.305	-12.361	-13.257       
 22.899	-13.918	-13.799       
 19.990	-13.301	-11.429       
 16.618	-14.824	-12.288       
 13.793	-13.051	-10.436       
 10.310	-14.302	 -9.638       
  7.586	-12.148	 -8.121       
  4.640	-13.742	 -6.278       
  2.355	-10.792	 -5.602       
 -0.790	 -9.963	 -3.675       
 -1.702	-13.310	 -2.151       
 -3.337	-14.320	  1.137       
 -2.731	-16.007	  3.518       
  0.997	-15.303	  3.862       
  1.981	-18.987	  3.918       
  3.492	-19.881	  0.549       
  6.151	-22.107	 -1.018       
  8.399	-21.305	 -3.981       
 10.455	-23.914	 -5.830       
 13.039	-23.274	 -8.530       
 13.819	-25.684	-11.342       
 16.565	-25.532	-13.949       
 15.991	-27.860	-16.901       
 13.394	-29.705	-14.838       
 15.703	-30.314	-11.879       
 14.960	-28.638	 -8.553       
 17.543	-26.020	 -7.569       
 18.074	-25.081	 -3.916       
 21.396	-23.238	 -3.628       
 21.668	-19.656	 -4.844       
 18.071	-18.814	 -3.944       
 17.245	-15.846	 -1.690       
 13.733	-14.775	 -0.662       
 12.198	-11.587	  0.732       
  8.642	-10.918	  1.969       
  6.795	 -7.594	  2.188       
  4.704	 -6.513	  5.164       
  0.950	 -6.850	  4.913       
 -0.282	 -4.327	  2.341       
 -2.052	 -1.293	  3.771       
 -4.471	 -1.229	  0.832       
 -5.681	 -4.772	  0.148       
 -4.142	 -6.523	  3.165       
 -2.336	 -9.032	  0.941       
  1.264	-10.258	  1.073       
  3.925	-10.334	 -1.633       
  7.137	-12.293	 -2.045       
 10.263	-12.039	 -4.157       
 12.515	-14.993	 -4.934       
 15.835	-14.587	 -6.725       
 18.079	-17.318	 -8.121       
 21.600	-16.073	 -8.756       
 24.156	-17.949	-10.839       
 27.281	-16.979	-12.762       
 27.006	-15.997	-16.435       
 28.584	-19.300	-17.528       
 26.364	-21.465	-15.329       
 23.306	-19.619	-16.632       
 24.457	-20.127	-20.229       
 24.882	-23.877	-19.666       
 21.182	-24.416	-18.940       
 18.056	-23.810	-21.022       
 14.820	-23.701	-19.027       
 14.246	-21.841	-15.770       
 11.060	-22.280	-13.755       
  9.461	-20.670	-10.707       
  6.741	-22.724	 -8.999       
  4.446	-21.229	 -6.376       
  2.411	-23.476	 -4.093       
 -0.380	-21.704	 -2.195       
 -3.400	-23.054	 -0.270       
 -5.667	-21.449	 -2.867       
 -4.975	-24.423	 -5.136       
 -3.763	-28.016	 -5.038       
 -1.777	-27.364	 -8.218       
  1.178	-24.935	 -8.057       
  1.404	-21.905	-10.335       
  4.260	-22.375	-12.786       
  6.083	-19.633	-14.681       
  9.149	-20.250	-16.825       
 11.205	-19.184	-19.816       
 13.808	-20.681	-22.137       
 17.152	-18.928	-22.530       
 17.416	-20.367	-26.044       
BRIEF 1YQV H 215              
  4.560	 19.046	 23.679       
  7.555	 16.939	 24.686       
 10.025	 15.791	 22.047       
 13.087	 13.544	 21.817       
 15.203	 14.067	 18.698       
 17.938	 11.505	 18.087       
 21.017	 11.800	 15.908       
 21.265	 10.196	 12.472       
 22.248	  6.764	 11.228       
 25.714	  5.488	 12.062       
 28.127	  3.200	 10.231       
 31.058	  2.040	 12.372       
 33.766	 -0.587	 11.995       
 34.286	 -3.369	 14.573       
 36.170	 -2.266	 17.683       
 35.105	  1.363	 17.472       
 32.847	  3.361	 19.784       
 29.836	  5.478	 18.895       
 27.876	  8.131	 20.752       
 24.197	  8.721	 19.932       
 22.444	 11.905	 21.067       
 18.894	 12.453	 22.267       
 17.851	 16.105	 22.392       
 14.934	 16.709	 24.745       
 12.512	 19.632	 24.767       
  9.153	 20.622	 26.246       
  9.841	 19.908	 29.927       
 12.306	 20.311	 32.807       
 15.223	 18.187	 31.571       
 16.637	 17.440	 35.031       
 13.367	 16.104	 36.433       
 12.807	 12.986	 34.322       
 14.533	  9.728	 33.498       
 15.397	  9.007	 29.881       
 15.585	  5.282	 29.118       
 17.241	  3.518	 26.193       
 16.178	  0.443	 24.240       
 17.774	 -1.675	 21.498       
 15.888	 -3.350	 18.651       
 17.071	 -6.092	 16.293       
 15.044	 -8.112	 13.768       
 14.111	-11.454	 15.303       
 15.736	-10.605	 18.640       
 13.018	 -8.140	 19.589       
 13.392	 -5.297	 22.091       
 16.007	 -5.102	 24.865       
 16.173	 -2.527	 27.661       
 19.660	 -1.000	 27.954       
 19.544	  1.427	 30.846       
 18.626	  4.979	 31.753       
 19.923	  8.323	 32.963       
 18.480	 11.095	 35.139       
 19.950	 14.309	 33.625       
 21.581	 16.791	 35.952       
 22.084	 14.396	 38.873       
 24.324	 12.212	 36.767       
 22.608	  9.083	 38.091       
 22.289	  6.052	 35.819       
 20.881	  2.526	 35.963       
 22.035	 -0.193	 33.574       
 20.552	 -3.544	 32.622       
 22.977	 -6.252	 33.725       
 23.377	 -7.334	 30.084       
 24.602	 -3.890	 29.030       
 26.883	 -2.978	 31.918       
 30.239	 -2.129	 30.378       
 28.813	 -1.874	 26.846       
 26.774	  1.312	 27.224       
 27.581	  4.537	 29.056       
 25.085	  7.379	 29.463       
 25.987	 11.055	 29.832       
 24.039	 14.312	 29.486       
 24.606	 18.019	 28.778       
 22.142	 20.227	 30.654       
 23.261	 23.324	 28.732       
 21.580	 21.887	 25.644       
 19.144	 19.452	 27.272       
 20.753	 16.530	 25.473       
 21.360	 12.971	 26.692       
 23.880	 10.637	 25.084       
 24.536	  6.914	 24.968       
 28.000	  5.683	 24.104       
 28.445	  2.073	 22.969       
 32.015	  0.752	 23.094       
 33.887	 -2.242	 21.661       
 31.410	 -2.445	 18.781       
 30.706	 -5.759	 17.038       
 28.226	 -6.918	 14.408       
 25.956	 -7.936	 17.294       
 25.607	 -4.249	 18.125       
 23.961	 -3.448	 14.786       
 20.344	 -2.421	 15.211       
 18.025	  0.442	 16.044       
 18.434	  2.343	 19.300       
 15.794	  4.469	 20.993       
 15.780	  6.942	 23.855       
 12.400	  7.349	 25.551       
 10.331	  8.588	 28.481       
  8.212	  6.422	 30.762       
  6.257	  8.211	 33.482       
  2.864	  9.518	 34.601       
  3.302	 12.811	 32.742       
  4.492	 11.525	 29.354       
  5.942	  8.462	 27.635       
  7.000	  9.305	 24.098       
  9.879	  7.553	 22.350       
 12.548	  9.097	 20.137       
 12.501	  8.344	 16.399       
 15.309	  5.814	 16.776       
 18.887	  5.694	 15.479       
 20.088	  2.995	 13.116       
 23.566	  1.580	 13.742       
 25.431	 -0.678	 11.329       
 28.706	 -2.263	 12.501       
 30.698	 -3.796	  9.656       
 34.093	 -3.787	  7.971       
 32.386	 -3.654	  4.559       
 33.023	 -0.580	  2.436       
 30.445	  1.841	  1.052       
 29.359	  0.576	 -2.367       
 26.787	  1.941	 -4.852       
 24.118	 -0.492	 -6.084       
 24.077	 -1.979	 -9.563       
 20.593	 -1.341	-10.996       
 19.132	 -3.841	-13.454       
 15.817	 -3.660	-15.352       
 13.392	 -6.567	-15.103       
 11.188	 -7.127	-18.148       
  9.185	-10.214	-19.231       
 10.691	-12.694	-21.675       
  9.949	-12.178	-25.370       
  8.013	-15.454	-25.231       
  5.928	-14.429	-22.217       
  2.180	-14.601	-22.869       
  0.539	-11.180	-22.595       
 -2.297	-10.829	-20.076       
 -4.459	 -7.899	-18.955       
 -1.713	 -6.626	-16.649       
  2.065	 -6.548	-17.046       
  4.512	 -6.553	-14.150       
  7.991	 -5.025	-14.449       
 10.764	 -4.473	-11.934       
 14.229	 -3.342	-10.934       
 16.964	 -5.327	 -9.268       
 19.134	 -3.209	 -6.946       
 22.148	 -5.380	 -6.214       
 25.449	 -5.262	 -4.355       
 25.150	 -2.100	 -2.282       
 26.216	 -1.119	  1.227       
 25.171	  0.018	  3.665       
 21.401	  0.417	  3.983       
 19.252	  2.030	  2.936       
 18.276	  2.785	 -0.656       
 15.158	  4.572	 -1.861       
 13.271	  3.196	 -4.839       
 10.501	  5.017	 -6.699       
  8.877	  4.569	-10.111       
  8.465	  7.407	-12.622       
  9.659	  9.828	 -9.955       
  6.924	  8.752	 -7.577       
  3.993	  9.197	 -9.977       
  3.622	  5.414	 -9.969       
  2.843	  4.841	 -6.295       
  0.069	  2.252	 -6.385       
  0.721	 -1.193	 -7.825       
  4.282	 -1.076	 -6.475       
  6.041	 -3.578	 -4.205       
  9.558	 -2.830	 -2.967       
 10.920	 -5.845	 -1.098       
 13.143	 -5.781	  2.003       
 16.843	 -6.070	  1.203       
 18.700	 -9.317	  1.824       
 22.309	 -9.418	  3.033       
 25.074	-11.772	  1.911       
 28.851	-11.457	  1.682       
 28.555	 -8.005	  3.245       
 26.371	 -6.769	  0.387       
 22.677	 -5.914	  0.164       
 20.308	 -6.810	 -2.670       
 16.726	 -5.657	 -3.141       
 14.028	 -5.852	 -5.816       
 10.970	 -3.740	 -6.621       
  7.998	 -4.585	 -8.833       
  5.430	 -2.378	-10.540       
  2.244	 -3.434	-12.318       
  0.360	 -1.531	-15.024       
 -2.130	 -2.336	-17.825       
 -0.513	 -4.447	-20.563       
 -1.379	 -1.929	-23.279       
  0.376	  0.913	-21.425       
  3.896	 -0.501	-21.772       
  6.184	  0.007	-23.588       
  3.836	  2.632	-25.086       
  4.175	  4.656	-21.871       
  7.646	  4.703	-20.320       
  8.418	  3.114	-16.965       
 11.552	  4.048	-15.035       
 12.702	  3.096	-11.555       
 14.643	  5.699	 -9.616       
 17.160	  4.261	 -7.174       
 19.048	  6.513	 -4.774       
 21.797	  5.468	 -2.356       
 22.539	  8.380	  0.037       
 25.628	  6.723	  1.511       
 27.316	  6.819	 -1.917       
 25.552	  9.947	 -3.182       
 24.408	  8.059	 -6.271       
 21.145	  8.270	 -8.208       
 20.220	  5.943	-11.064       
 17.178	  6.297	-13.325       
 16.692	  3.007	-15.145       
 14.153	  2.826	-17.965       
 12.568	 -0.585	-18.469       
 12.853	 -1.827	-22.068       
 11.673	 -4.982	-23.861       
