BRIEF 1YY9 A 613              
 17.252	 -1.714	 13.570 -1.485
 18.813	  1.722	 14.365 -0.056
 22.547	  1.581	 13.483 -1.243
 25.094	  1.411	 16.353 -0.507
 27.442	  4.366	 16.180  0.077
 30.998	  4.493	 17.428 -0.234
 33.347	  7.447	 17.751 -0.448
 36.264	  6.499	 15.594 -0.366
 39.912	  7.084	 16.330 -0.684
 42.682	  9.396	 15.147 -1.154
 45.963	  7.985	 16.482 -0.388
 47.454	  7.411	 12.985 -0.942
 50.627	  5.351	 13.260 -0.312
 50.913	  5.758	 17.053  0.113
 50.839	  2.616	 19.193 -0.712
 48.948	  2.559	 22.479 -0.836
 51.195	  0.390	 24.706 -0.526
 51.591	 -3.350	 23.971 -0.383
 50.296	 -4.897	 20.780 -0.411
 48.142	 -6.635	 23.347 -0.847
 46.968	 -3.323	 24.890 -0.594
 46.519	 -1.708	 21.462 -0.465
 44.129	 -4.421	 20.179 -1.453
 42.142	 -4.477	 23.401 -0.780
 41.219	 -0.788	 22.909 -0.866
 40.691	 -1.219	 19.184 -0.696
 38.220	 -3.944	 20.099  0.432
 36.792	 -1.738	 22.842 -0.473
 36.136	  1.098	 20.382 -0.520
 34.742	 -0.893	 17.443  0.275
 33.040	 -3.911	 19.098 -0.208
 29.555	 -4.038	 17.554  0.792
 30.043	 -0.758	 15.658  1.864
 28.031	 -0.165	 12.431  0.678
 28.688	  3.533	 11.607  0.598
 31.990	  5.209	 12.429  1.663
 31.518	  8.967	 12.952  0.481
 35.305	  9.490	 12.858  1.105
 38.048	  7.469	 11.257  0.859
 38.584	  3.717	 11.260  0.602
 42.202	  2.940	 12.041  0.117
 43.338	 -0.680	 12.109  0.064
 46.867	 -0.807	 13.271 -0.246
 49.606	 -3.020	 14.724 -0.780
 47.356	 -6.101	 14.854 -0.271
 49.422	 -9.344	 15.070 -0.594
 49.044	-12.974	 13.891 -0.364
 46.081	-14.845	 15.417  0.037
 44.170	-12.020	 16.939 -0.890
 40.487	-12.423	 16.117  0.429
 39.423	 -9.273	 14.185 -0.018
 35.994	-10.551	 13.342  0.410
 34.042	 -7.867	 15.226  0.668
 34.894	 -5.695	 12.173  1.463
 32.229	 -7.566	 10.218  0.398
 29.662	 -5.149	 11.747  0.500
 31.107	 -2.027	 10.160  1.663
 28.819	 -0.631	  7.473  0.352
 29.995	  2.978	  7.114  1.110
 32.942	  5.254	  7.764  0.996
 32.642	  9.042	  7.786  1.172
 36.314	  9.927	  8.005  0.442
 39.119	  7.905	  6.531  0.603
 40.117	  4.264	  6.842  0.817
 43.704	  3.532	  7.741  0.470
 45.050	 -0.026	  7.746  0.743
 48.721	 -0.128	  8.559  0.445
 51.516	 -2.094	 10.191  0.707
 49.240	 -5.094	 10.687  1.001
 50.629	 -8.674	 10.413 -0.174
 47.222	-10.167	 11.095  1.508
 46.206	-12.495	  8.250  0.239
 42.625	-11.367	  7.586 -0.205
 40.980	 -7.995	  8.074  0.808
 37.351	 -8.955	  7.563  0.914
 35.834	 -5.569	  6.690  0.877
 33.175	 -7.536	  4.807  0.929
 30.274	 -5.072	  5.064  1.071
 32.003	 -1.694	  4.788  0.638
 29.827	 -0.099	  2.064  0.544
 31.057	  3.506	  2.103  0.716
 33.954	  5.725	  3.149  1.091
 32.837	  9.407	  2.974  0.906
 36.296	 10.867	  3.511  1.055
 35.231	 13.829	  5.598  0.025
 38.829	 13.599	  6.642 -0.496
 41.999	 12.311	  5.000  0.677
 44.830	 10.271	  6.454  0.656
 47.693	 11.986	  4.763 -0.150
 47.682	 14.284	  1.735 -0.610
 44.251	 13.263	  0.409 -1.120
 43.665	  9.608	  0.889 -1.036
 40.347	  8.551	  2.363  1.084
 41.660	  4.891	  2.304 -0.783
 45.270	  4.006	  3.103 -0.877
 46.556	  0.450	  3.370  1.324
 50.247	  0.583	  4.286 -0.659
 53.217	 -1.556	  5.169 -0.440
 51.152	 -4.385	  6.640  0.457
 54.107	 -6.611	  7.442  0.668
 56.830	 -7.114	 10.037  1.293
 60.522	 -7.984	 10.069 -0.301
 59.596	-11.665	 10.523  0.545
 58.604	-12.260	  6.867  1.014
 54.846	-12.139	  7.545  0.061
 52.081	 -9.631	  6.832  0.640
 48.472	 -9.068	  5.775  1.399
 46.817	-11.573	  3.377  0.396
 43.060	-10.956	  3.260  0.668
 41.315	 -7.591	  3.012  1.010
 37.988	 -8.752	  1.703  0.995
 36.068	 -5.480	  1.393  1.017
 33.530	 -6.971	 -0.994 -0.474
 30.887	 -4.434	 -0.126  0.505
 32.991	 -1.245	 -0.450  0.694
 31.185	  0.509	 -3.233  0.478
 31.703	  4.218	 -2.653  0.587
 34.509	  6.414	 -1.551  1.887
 32.695	  9.676	 -1.590  0.193
 35.726	 11.974	 -1.577  0.472
 39.425	 11.314	 -1.689  0.603
 41.906	  8.939	 -3.213  0.229
 43.446	  5.633	 -2.074  0.759
 46.942	  4.506	 -1.198  0.486
 48.189	  0.914	 -1.232  0.629
 51.945	  0.411	 -0.642 -0.287
 54.323	 -2.169	  0.973  0.190
 51.889	 -5.036	  1.599  1.150
 54.096	 -7.937	  0.554 -0.123
 51.637	-10.639	  1.568  0.117
 48.443	 -9.088	  0.172  0.775
 46.079	-10.971	 -2.175  1.887
 43.446	-10.296	 -4.799  0.108
 42.921	 -6.529	 -4.077  0.218
 45.321	 -5.609	 -6.913 -0.363
 42.629	 -6.818	 -9.288  0.883
 40.042	 -4.452	 -7.917  1.644
 38.839	 -1.860	-10.452  0.659
 38.841	  1.411	 -8.524  0.805
 37.081	  3.530	-11.165 -0.076
 33.841	  2.071	 -9.712 -0.106
 34.647	  3.090	 -6.138  0.920
 36.527	  6.366	 -6.341 -0.193
 35.099	  9.588	 -7.695 -0.119
 36.788	 10.601	-10.935 -0.169
 38.102	 13.852	 -9.429 -0.992
 40.482	 11.855	 -7.214 -1.159
 41.803	  9.325	 -9.721 -1.062
 44.711	 11.685	-10.291 -0.663
 45.986	 11.436	 -6.684 -0.437
 45.641	  7.588	 -6.505 -0.703
 48.702	  5.637	 -5.195 -0.934
 48.451	  1.912	 -5.971 -1.987
 51.557	 -0.157	 -5.570 -0.956
 50.783	 -3.902	 -5.339 -1.847
 53.645	 -6.378	 -4.857 -2.137
 53.104	 -9.900	 -3.437 -2.318
 56.329	-11.610	 -2.373 -0.873
 55.248	-13.735	  0.646 -1.272
 52.719	-16.182	 -0.743 -1.425
 50.796	-17.601	 -3.628 -2.176
 47.261	-16.405	 -3.759  1.805
 43.908	-17.876	 -4.409 -0.673
 42.231	-16.784	 -7.642 -0.950
 39.076	-14.851	 -8.480  1.814
 35.973	-16.798	 -9.442  0.454
 35.348	-16.870	-13.195 -1.008
 31.999	-15.532	-12.013  0.213
 33.802	-12.175	-11.378  1.808
 33.652	 -9.186	-13.853 -1.019
 37.001	 -8.706	-15.638  0.012
 38.615	-11.102	-13.081 -0.665
 38.239	 -8.515	-10.325  0.530
 37.626	 -9.661	 -6.776  1.887
 38.471	 -9.092	 -3.130  0.696
 39.451	-12.671	 -2.302  1.052
 38.584	-16.305	 -2.876  0.007
 34.978	-17.283	 -3.808 -0.452
 32.016	-15.985	 -5.847 -0.114
 30.934	-13.912	 -2.799 -0.112
 34.137	-11.785	 -3.034  0.525
 33.612	-10.655	 -6.634  1.886
 33.483	 -6.870	 -7.165  1.221
 29.924	 -5.620	 -7.491  0.473
 30.251	 -2.892	-10.150  0.352
 27.615	 -0.130	 -9.808  1.531
 29.061	  2.796	-11.796  0.531
 31.280	  1.997	-14.793  0.106
 28.849	 -0.668	-15.988  0.217
 25.869	  1.503	-16.792  1.831
 24.192	  3.148	-19.755  0.335
 24.798	  6.795	-20.732 -0.385
 21.324	  7.802	-19.436  0.185
 22.061	  7.310	-15.703  1.885
 23.639	 10.201	-13.901 -0.881
 25.133	  8.218	-10.962 -0.901
 24.926	  4.622	 -9.643  0.335
 22.947	  1.524	-10.832  1.643
 22.110	 -2.116	-10.171  0.080
 21.591	 -3.333	-13.719 -0.194
 22.943	 -2.542	-17.144 -0.163
 19.669	 -1.091	-18.489 -0.794
 18.067	  2.412	-18.677  0.294
 15.412	  1.409	-16.155  0.010
 17.750	  0.598	-13.274  0.124
 19.537	  3.842	-12.664  1.586
 19.804	  4.863	 -9.008  1.887
 18.291	  8.144	 -7.882  0.975
 20.786	 11.023	 -8.103 -0.966
 20.912	 10.899	 -4.283  0.730
 22.416	  7.384	 -3.721  1.870
 25.920	  6.383	 -2.829  0.967
 26.860	  2.689	 -3.140  0.680
 24.062	  1.607	 -5.436  1.022
 20.363	  0.846	 -5.017  1.886
 17.401	 -1.548	 -4.825  0.122
 15.189	  0.626	 -7.010  0.497
 14.547	  3.904	 -8.869  0.794
 13.064	  6.115	 -6.158 -0.191
 14.956	  8.384	 -3.627 -0.138
 14.304	  5.860	 -0.819  0.650
 15.788	  2.746	 -2.465  0.703
 19.359	  3.819	 -1.922  1.887
 21.851	  1.455	 -0.425  0.099
 23.292	  4.397	  1.431  1.148
 23.072	  8.220	  1.067  1.887
 25.374	 10.658	 -0.709 -0.002
 24.327	 13.495	  1.612 -0.042
 21.868	 12.958	  4.431 -0.707
 19.350	 10.219	  5.189 -0.851
 16.024	 10.882	  6.861  0.366
 14.337	  7.587	  7.838 -0.056
 15.781	  5.910	  4.714  0.676
 14.867	  8.785	  2.392 -0.081
 18.034	 10.387	  0.913  1.886
 17.931	 14.241	  0.990  0.305
 20.196	 17.161	  0.088 -0.627
 19.846	 18.498	  3.618 -0.265
 18.104	 17.819	  6.903  1.875
 14.735	 19.633	  7.049  0.847
 15.441	 22.814	  8.981 -0.931
 14.197	 23.994	 12.366  0.003
 12.885	 27.337	 11.199 -0.134
 10.896	 28.270	  8.097 -2.236
  9.698	 31.723	  7.076  0.177
  5.984	 31.782	  7.895 -0.139
  4.002	 33.562	  5.121 -0.155
  1.177	 34.182	  7.580 -0.914
  3.146	 35.110	 10.702  0.294
  5.572	 37.210	  8.586 -0.583
  8.701	 35.758	 10.289 -0.456
 10.751	 32.719	 11.312  0.127
  8.734	 29.978	 12.971 -0.589
  9.432	 26.541	 14.356 -2.278
  9.231	 24.197	 11.383  0.376
  6.979	 21.471	 12.725  0.620
  8.387	 18.702	 10.421 -0.923
 12.003	 19.876	 11.130  0.390
 15.015	 17.759	 12.147  0.830
 18.425	 17.849	 13.793  1.636
 21.464	 16.567	 12.001  0.210
 23.623	 13.787	 13.390  0.662
 26.368	 12.272	 11.248 -0.350
 24.958	 11.670	  7.792 -0.227
 21.528	 11.402	  9.353 -0.348
 18.413	 13.475	  9.985  1.782
 16.843	 12.731	 13.287  0.429
 13.972	 14.062	 15.376 -0.498
 15.804	 13.688	 18.690 -0.566
 19.532	 13.402	 19.467  1.015
 20.790	 10.076	 20.907 -0.202
 21.051	  9.801	 24.685 -1.062
 23.498	 12.306	 26.244 -0.078
 23.878	 14.518	 23.142 -0.978
 23.248	 18.294	 23.023 -0.215
 21.872	 20.354	 20.098 -0.218
 23.968	 23.310	 18.914  0.066
 22.407	 26.650	 17.878 -0.053
 22.721	 25.342	 14.238  0.324
 20.702	 22.130	 14.747  0.730
 23.477	 19.572	 14.980  0.165
 23.870	 16.888	 17.599  1.887
 27.205	 17.187	 19.364  0.843
 28.537	 15.463	 22.474  0.136
 28.754	 18.602	 24.680  0.119
 28.533	 22.445	 24.472  1.887
 31.158	 24.865	 23.192  0.879
 32.635	 27.315	 25.681 -0.383
 30.865	 30.682	 25.198  0.648
 27.637	 28.741	 25.630  0.073
 25.858	 26.353	 27.977  0.144
 23.445	 23.485	 28.386 -0.303
 19.759	 23.913	 29.114 -0.010
 16.401	 22.478	 27.983 -0.759
 13.182	 23.319	 26.119  0.100
 10.914	 20.352	 25.226 -0.075
 12.803	 17.242	 26.392 -0.081
 15.765	 18.452	 24.304 -0.345
 19.096	 19.594	 25.677 -0.478
 20.441	 22.616	 23.668 -0.600
 23.407	 24.985	 23.745  1.886
 22.473	 28.577	 24.274 -0.122
 25.171	 31.238	 24.288 -0.241
 26.311	 32.584	 27.671  1.876
 24.882	 35.997	 28.680 -0.180
 28.023	 37.544	 30.265  0.327
 30.707	 35.130	 31.567 -0.012
 29.742	 31.433	 31.703  1.886
 28.962	 29.880	 35.071 -0.348
 32.170	 28.519	 36.466  0.576
 32.577	 27.037	 39.920  0.369
 35.776	 27.293	 42.035  1.886
 36.843	 26.024	 45.423 -0.770
 37.210	 28.703	 48.086  0.892
 40.310	 29.344	 50.117 -0.838
 40.881	 26.321	 52.277 -1.450
 39.730	 23.645	 49.833 -1.345
 41.227	 22.105	 46.662 -1.926
 44.008	 23.977	 44.847 -0.120
 43.750	 26.339	 47.854 -0.465
 44.134	 23.714	 50.542 -1.889
 46.229	 25.138	 53.391 -0.185
 46.094	 28.699	 52.147 -0.404
 45.426	 31.565	 54.505 -0.512
 44.204	 33.987	 51.824  0.105
 43.740	 34.939	 48.206 -0.071
 47.314	 35.867	 47.445  0.229
 49.961	 36.445	 44.739  0.897
 50.446	 32.745	 44.109 -0.297
 46.872	 31.539	 44.076  0.703
 44.833	 34.420	 42.694  0.372
 45.295	 33.438	 39.026 -2.050
 43.354	 30.197	 39.711 -0.829
 40.305	 32.452	 40.127  0.383
 40.104	 33.793	 36.530 -2.086
 36.595	 33.590	 35.201  1.253
 35.125	 32.163	 38.397  1.661
 31.536	 33.017	 38.797  1.059
 30.583	 31.054	 41.868  0.251
 32.829	 30.211	 44.763  1.067
 32.212	 27.026	 46.612 -0.493
 33.690	 27.929	 49.965  0.827
 35.009	 31.134	 51.491 -0.133
 37.107	 34.057	 50.432 -0.791
 39.646	 35.499	 52.822 -0.895
 41.578	 38.627	 51.897  0.322
 44.070	 39.256	 54.676 -0.504
 47.039	 41.505	 55.396 -1.513
 49.480	 38.693	 54.578 -0.363
 48.241	 38.915	 50.991  0.500
 49.714	 42.387	 50.647  0.141
 52.954	 42.035	 52.685 -1.894
 53.771	 38.636	 51.291 -1.792
 54.896	 35.804	 53.531 -2.291
 58.451	 34.486	 53.477 -1.368
 57.251	 31.491	 55.516 -2.228
 54.965	 30.141	 52.809 -1.513
 57.233	 31.557	 50.029 -0.364
 54.614	 33.968	 48.632 -1.102
 55.420	 37.408	 47.136 -1.354
 53.319	 40.545	 47.844 -1.501
 50.055	 40.567	 45.938  0.100
 49.669	 43.189	 43.216 -0.559
 46.391	 44.768	 44.338  0.083
 45.508	 45.482	 40.709 -0.838
 45.055	 41.724	 40.395 -0.511
 41.930	 41.810	 42.528  1.190
 40.104	 42.892	 39.319 -1.150
 40.077	 39.070	 38.762  0.695
 37.263	 38.709	 41.354  0.834
 34.871	 40.950	 39.348 -0.432
 33.290	 37.935	 37.671  1.157
 32.205	 36.531	 41.060  1.132
 28.481	 36.471	 41.642  1.300
 28.054	 33.912	 44.394  1.082
 29.887	 32.969	 47.529  1.269
 28.626	 29.763	 49.084  1.472
 30.390	 30.325	 52.445  1.459
 31.616	 33.607	 53.875 -0.238
 33.424	 36.668	 52.592  0.751
 36.245	 37.861	 54.825 -0.175
 38.008	 41.153	 54.070  1.218
 40.596	 42.239	 56.600  0.429
 42.828	 44.030	 54.080  0.154
 42.260	 46.040	 50.931 -1.889
 44.337	 48.464	 48.853  0.061
 44.159	 51.766	 50.756 -2.044
 43.792	 53.973	 47.696 -0.693
 40.693	 52.132	 46.648 -0.323
 37.425	 53.776	 47.560 -1.787
 35.190	 50.706	 47.901  0.629
 35.066	 46.956	 47.438  1.103
 35.446	 47.327	 43.663  1.226
 36.323	 43.701	 42.973  0.660
 32.908	 42.588	 44.375  1.355
 30.635	 44.953	 42.446  0.684
 28.909	 41.907	 40.887  1.773
 28.524	 39.826	 44.040  1.699
 24.867	 38.856	 44.210  0.448
 24.669	 36.471	 47.176  0.775
 26.777	 35.258	 50.071  1.544
 25.092	 31.995	 51.138  0.886
 27.016	 31.671	 54.371  1.755
 26.892	 27.881	 54.488  1.289
 30.283	 27.933	 56.220 -0.597
 30.937	 31.013	 58.499  1.110
 34.006	 32.565	 60.145 -0.592
 34.266	 31.198	 63.688  0.014
 30.824	 29.724	 63.067 -0.512
 29.420	 33.243	 63.016 -0.326
 30.087	 35.741	 60.307 -2.234
 29.034	 35.375	 56.671  0.116
 30.382	 38.836	 55.725 -0.023
 33.218	 40.447	 57.680  0.486
 34.777	 43.808	 56.711 -1.271
 37.360	 45.078	 59.193 -0.029
 39.692	 48.063	 59.424 -0.537
 39.789	 49.123	 55.769 -0.884
 40.286	 52.549	 54.245 -0.489
 37.108	 52.240	 52.111 -0.619
 34.424	 54.918	 51.916 -2.064
 31.489	 52.884	 50.681  0.160
 30.892	 49.157	 50.647 -0.393
 30.333	 49.196	 46.881  0.166
 28.328	 45.975	 47.166 -0.359
 25.614	 47.148	 44.798  0.116
 24.737	 43.707	 43.444  1.212
 24.371	 42.009	 46.817  0.374
 20.767	 41.175	 47.220  0.406
 21.047	 38.233	 49.557 -0.174
 22.986	 37.003	 52.537  0.243
 21.411	 33.608	 53.249 -0.191
 22.830	 32.827	 56.682  1.371
 25.499	 34.133	 59.061  0.497
 26.096	 37.523	 60.586 -0.444
 27.485	 40.752	 59.172  0.719
 30.249	 42.586	 60.913 -0.520
 31.547	 45.891	 59.618  0.863
 34.040	 47.313	 62.029 -0.580
 36.791	 49.807	 62.379 -1.839
 36.463	 51.306	 58.929  1.604
 37.179	 54.908	 59.831 -1.858
 36.114	 56.404	 56.491 -1.746
 33.260	 54.053	 55.901  1.671
 29.914	 55.630	 55.193  1.431
 26.537	 54.475	 53.940  0.764
 26.400	 51.176	 55.767  0.317
 23.509	 52.188	 58.033 -0.720
 21.281	 53.432	 55.261  0.415
 20.797	 49.773	 54.178  0.138
 18.090	 47.637	 55.715  0.258
 20.200	 44.544	 56.213  0.464
 17.175	 42.533	 57.309 -1.271
 16.008	 42.388	 53.662 -0.811
 19.148	 40.526	 52.574 -1.696
 18.679	 38.049	 55.370 -0.056
 17.008	 34.637	 55.030 -0.441
 17.150	 33.391	 58.604 -2.316
 15.496	 35.486	 61.277 -2.329
 18.300	 35.243	 63.810 -2.330
 21.025	 36.900	 61.681 -1.247
 22.639	 39.952	 63.330 -1.195
 24.396	 43.037	 62.097 -2.234
 27.261	 44.808	 63.852 -1.002
 28.257	 48.023	 62.228 -0.569
 30.579	 49.616	 64.709 -1.169
 33.313	 52.180	 64.885 -2.129
 33.131	 53.447	 61.327  0.650
 32.750	 57.067	 60.265 -0.764
 29.638	 58.335	 62.048 -2.237
 26.188	 59.034	 60.597 -2.080
 26.844	 62.566	 61.823 -1.197
 30.139	 63.072	 60.003 -2.171
 29.052	 61.568	 56.646  1.690
 25.890	 63.672	 56.657 -1.156
 27.949	 66.736	 57.537 -1.123
 30.186	 66.095	 54.454 -0.563
 27.435	 65.220	 51.937  0.467
 28.447	 61.552	 51.858 -0.065
 24.847	 60.477	 51.857  0.276
 22.325	 58.562	 49.702  1.435
 21.969	 60.167	 46.274 -0.462
 18.735	 62.086	 45.516 -2.015
 17.542	 59.484	 42.937  0.273
 17.483	 56.742	 45.608  1.443
 14.383	 55.658	 47.484  0.588
 14.422	 55.631	 51.291 -2.261
 15.813	 52.077	 50.927 -1.956
 19.521	 53.049	 51.144  0.937
 22.932	 53.189	 49.490  0.844
 25.993	 51.134	 48.849  0.800
 27.759	 54.375	 48.057  1.719
 27.316	 57.875	 46.689  0.663
 26.487	 57.128	 43.024  0.556
 22.945	 56.622	 41.578  0.335
 23.793	 53.012	 40.597 -0.490
 24.564	 52.489	 44.286 -0.045
 20.906	 52.578	 45.517  1.249
 18.902	 49.614	 46.727 -0.002
 15.942	 51.098	 44.742  0.552
 15.077	 54.310	 42.825  1.744
 12.480	 56.905	 43.806 -0.588
 11.475	 57.240	 40.154 -0.531
 12.779	 54.942	 37.403 -0.714
 15.827	 52.903	 36.404 -0.731
 17.839	 52.155	 33.257 -1.025
 19.992	 49.129	 33.899 -0.769
 21.474	 49.144	 37.370 -0.227
 21.271	 52.946	 37.436 -1.049
 18.666	 55.206	 38.963  1.343
 17.188	 58.054	 36.966  0.004
 14.422	 60.674	 37.273 -1.331
 12.639	 59.847	 34.012 -0.485
 12.845	 57.507	 31.069  1.459
 13.488	 58.707	 27.556  0.223
  9.809	 58.865	 26.562 -0.278
  9.434	 61.801	 24.102 -0.059
 13.134	 62.813	 23.936 -0.720
 16.496	 61.001	 24.190  1.194
 19.095	 58.762	 22.402 -0.205
 17.458	 55.421	 22.649  0.291
 13.764	 56.187	 23.048 -0.081
 12.156	 53.992	 25.693  0.404
  8.983	 52.852	 27.392 -0.177
  8.461	 52.033	 31.092 -0.145
  7.379	 48.996	 33.082 -2.283
  7.904	 48.362	 36.791 -0.372
  9.845	 51.617	 36.971 -0.545
 12.256	 50.339	 34.348 -0.967
 13.290	 52.050	 31.133  1.526
 13.314	 49.508	 28.340 -1.357
 14.654	 50.496	 24.874 -0.648
 12.434	 50.602	 21.804  1.753
 13.278	 48.061	 19.126  0.787
 16.013	 49.690	 16.945  0.138
 13.721	 49.626	 13.891  0.919
 11.199	 52.175	 15.294  1.483
 11.628	 55.811	 14.178 -0.024
 12.189	 58.414	 16.931  0.697
  9.046	 60.547	 16.862 -1.011
  8.979	 64.278	 17.577 -2.292
  5.587	 64.753	 19.268 -1.143
  4.428	 61.537	 21.051  0.122
  5.948	 58.264	 22.320 -1.224
  8.152	 56.116	 20.037  1.425
  6.762	 52.690	 21.046  1.377
  4.501	 50.691	 23.422 -0.367
  6.611	 47.604	 24.034  1.312
  9.425	 45.319	 23.005 -1.576
  8.635	 43.856	 19.622 -0.654
  9.136	 45.132	 16.121  0.053
  5.325	 45.138	 16.418 -0.953
  5.131	 47.981	 18.892 -1.079
  6.599	 50.795	 16.856  1.256
  4.489	 53.817	 16.147 -0.268
  6.288	 54.067	 12.796  0.390
  8.810	 51.868	 10.939  1.593
 12.313	 53.318	 10.506  0.166
 12.835	 51.511	  7.162  0.193
 10.617	 48.762	  5.719  0.376
  7.551	 46.872	  6.934 -0.811
  6.783	 43.184	  6.624 -1.069
  3.288	 42.258	  7.775  0.248
  2.987	 43.717	 11.280 -0.191
  6.781	 43.813	 11.816 -0.720
  9.168	 46.630	 10.970  1.157
 12.356	 45.260	  9.519  0.566
 15.741	 46.688	  8.472 -0.537
 15.449	 44.994	  5.042 -0.297
 12.764	 42.913	  3.385  1.637
 13.262	 39.116	  3.736  0.259
 15.726	 38.174	  1.005 -0.984
 16.739	 34.565	  0.443  0.069
 15.408	 33.202	  3.718 -0.482
 14.639	 29.461	  3.681 -0.419
 10.947	 28.683	  3.080 -1.071
  8.498	 25.834	  2.391 -1.222
  9.119	 22.862	  0.066 -1.099
 12.717	 24.064	  0.062 -2.294
 11.642	 27.184	 -1.890 -1.184
 13.877	 30.096	 -0.813 -2.206
 11.815	 33.268	 -0.173 -0.767
 12.201	 36.752	 -1.717 -0.704
 10.437	 40.040	 -0.990 -1.173
 10.586	 43.545	 -2.437 -1.096
  9.552	 46.848	 -0.927 -0.613
  6.890	 48.811	 -2.784 -1.384
  6.206	 52.570	 -2.823 -0.947
  5.050	 52.572	  0.839 -1.439
  8.214	 50.574	  1.654 -0.991
  5.993	 47.508	  2.406 -1.981
  7.261	 44.004	  1.637  1.126
  5.482	 41.661	 -0.790 -0.814
  6.507	 38.323	 -2.332 -1.047
  8.507	 38.316	 -5.569  1.610
  7.422	 36.289	 -8.599  0.177
  8.068	 32.652	 -7.695 -2.332
 10.360	 32.636	-10.771 -0.048
 12.945	 35.245	 -9.624  0.890
 15.692	 32.857	 -8.493 -0.374
 17.764	 35.747	 -7.090 -0.936
 15.363	 38.233	 -5.516 -0.297
 13.566	 41.182	 -7.102  1.626
 13.064	 44.931	 -7.187 -0.352
  9.409	 45.025	 -8.338  0.991
  6.336	 42.799	 -8.865  0.092
  6.343	 39.920	-11.422 -0.501
  9.023	 39.064	-14.029 -1.310
  8.943	 42.836	-14.636 -0.794
 10.966	 42.962	-11.380 -0.019
 14.006	 40.732	-11.931  1.629
 15.460	 41.510	-15.398 -0.711
 17.732	 39.168	-17.432  0.859
BRIEF 1YY9 C 211              
 33.381	 64.368	 67.410       
 31.167	 62.349	 69.695       
 30.970	 63.594	 73.274       
 30.052	 61.322	 76.171       
 28.915	 63.157	 79.256       
 28.561	 61.173	 82.481       
 26.723	 62.583	 85.491       
 26.723	 63.178	 88.441       
 30.441	 63.547	 89.050       
 29.895	 61.821	 92.436       
 26.808	 59.703	 93.112       
 26.007	 59.437	 96.833       
 23.686	 56.650	 97.866       
 22.525	 54.729	100.924       
 23.444	 51.015	100.817       
 20.592	 48.907	 99.506       
 18.897	 51.639	 97.423       
 18.354	 51.409	 93.634       
 21.062	 53.575	 92.123       
 21.214	 54.647	 88.484       
 24.082	 56.199	 86.459       
 23.558	 58.327	 83.357       
 25.645	 58.762	 80.177       
 24.554	 61.233	 77.430       
 25.965	 60.885	 73.883       
 25.979	 64.025	 71.706       
 24.837	 62.058	 68.587       
 22.115	 59.368	 68.541       
 23.904	 56.076	 68.560       
 21.604	 53.070	 68.662       
 22.728	 50.782	 71.455       
 26.422	 51.073	 70.793       
 27.375	 51.763	 74.429       
 29.228	 49.701	 77.001       
 29.748	 50.160	 80.766       
 32.716	 49.465	 83.051       
 33.387	 49.338	 86.790       
 36.855	 50.399	 87.985       
 37.866	 49.853	 91.596       
 40.742	 51.831	 93.100       
 43.967	 50.451	 91.650       
 42.105	 47.987	 89.428       
 41.796	 47.797	 85.691       
 38.308	 48.350	 84.347       
 35.761	 45.618	 84.309       
 33.014	 45.111	 81.700       
 29.452	 45.153	 83.093       
 27.063	 45.776	 80.164       
 27.530	 45.662	 76.397       
 25.199	 47.185	 73.812       
 23.276	 49.202	 76.380       
 21.425	 46.323	 77.994       
 23.247	 43.045	 77.371       
 24.384	 41.286	 80.529       
 27.968	 39.937	 80.682       
 28.555	 36.660	 82.414       
 30.230	 36.832	 85.820       
 28.540	 40.130	 86.639       
 26.068	 40.072	 89.550       
 22.428	 40.354	 88.453       
 21.815	 43.592	 90.354       
 23.629	 45.374	 87.473       
 21.378	 46.366	 84.509       
 21.546	 48.896	 81.719       
 18.911	 50.541	 79.517       
 18.858	 53.223	 76.774       
 18.865	 53.891	 73.040       
 19.896	 56.942	 70.975       
 21.513	 59.586	 73.158       
 20.323	 58.599	 76.629       
 21.697	 55.629	 78.559       
 21.476	 54.479	 82.161       
 23.464	 51.920	 84.198       
 21.488	 50.668	 87.222       
 22.128	 48.940	 90.524       
 19.419	 47.594	 92.779       
 20.457	 47.224	 96.394       
 23.925	 48.880	 96.179       
 26.545	 46.932	 98.063       
 29.738	 48.234	 99.624       
 31.918	 46.650	 96.987       
 29.981	 48.662	 94.439       
 32.303	 51.485	 95.544       
 34.074	 52.322	 92.267       
 34.207	 54.617	 89.264       
 31.793	 53.761	 86.476       
 32.538	 54.525	 82.810       
 30.573	 54.460	 79.557       
 32.088	 53.828	 76.146       
 30.777	 54.244	 72.656       
 31.089	 51.820	 69.801       
 29.619	 53.716	 66.904       
 32.208	 56.289	 65.740       
 35.880	 55.741	 65.064       
 37.730	 55.884	 67.525       
 36.049	 54.243	 70.505       
 35.685	 56.791	 73.246       
 35.048	 56.824	 76.939       
 33.060	 59.089	 79.302       
 34.826	 60.800	 82.248       
 33.404	 58.580	 84.985       
 30.952	 58.740	 87.881       
 32.270	 57.878	 91.358       
 29.928	 55.853	 93.438       
 29.929	 56.743	 97.094       
 28.072	 55.080	 99.944       
 26.142	 57.281	102.337       
 26.508	 56.358	105.972       
 25.767	 57.992	109.348       
 28.017	 60.925	110.286       
 31.228	 59.635	111.926       
 33.510	 62.119	113.694       
 37.254	 61.946	112.997       
 39.623	 60.849	115.707       
 42.390	 63.474	115.592       
 46.108	 62.887	116.306       
 49.109	 65.227	116.042       
 52.708	 64.025	115.581       
 55.830	 66.105	116.213       
 58.667	 65.576	113.690       
 60.608	 62.386	114.455       
 64.087	 62.236	115.933       
 66.865	 62.883	113.451       
 64.703	 64.269	110.564       
 65.425	 67.666	112.114       
 69.205	 67.251	112.408       
 68.981	 65.991	108.804       
 67.549	 69.384	107.710       
 63.717	 69.523	107.561       
 60.820	 68.877	109.958       
 57.577	 67.242	108.907       
 54.574	 67.633	111.217       
 51.588	 65.328	110.721       
 47.936	 65.557	111.623       
 45.687	 62.585	111.163       
 41.941	 62.471	111.069       
 40.865	 58.812	111.335       
 37.649	 57.167	110.145       
 35.250	 60.020	109.456       
 32.210	 60.567	107.272       
 31.298	 62.633	105.273       
 34.527	 63.503	103.426       
 34.276	 67.239	103.901       
 36.852	 68.038	106.574       
 38.711	 71.266	107.317       
 42.210	 71.312	108.794       
 43.960	 74.494	109.759       
 47.402	 74.719	111.292       
 47.964	 77.290	114.067       
 51.597	 77.895	115.063       
 51.529	 79.922	118.298       
 48.192	 80.932	116.719       
 49.194	 82.407	113.364       
 47.098	 80.497	110.779       
 49.350	 78.820	108.194       
 49.267	 78.918	104.390       
 51.039	 77.278	101.453       
 53.107	 75.179	103.841       
 50.824	 72.114	104.051       
 49.587	 69.260	101.895       
 46.889	 66.831	102.675       
 45.834	 63.418	101.466       
 42.539	 61.462	101.764       
 42.058	 57.721	101.445       
 39.416	 56.244	 99.175       
 36.246	 55.067	101.024       
 36.772	 51.988	103.255       
 34.696	 49.040	102.075       
 33.998	 47.783	105.651       
 33.119	 50.943	107.711       
 32.702	 53.058	104.528       
 34.608	 56.066	105.998       
 37.529	 58.305	105.082       
 40.934	 59.073	106.550       
 42.720	 62.355	105.917       
 46.255	 63.289	106.837       
 47.752	 66.761	106.791       
 51.468	 67.425	106.691       
 53.125	 70.652	107.802       
 56.531	 71.111	106.267       
 59.137	 73.434	107.790       
 62.942	 73.217	107.811       
 64.769	 72.814	111.123       
 65.097	 76.088	113.101       
 61.711	 77.306	111.869       
 60.643	 74.463	114.137       
 62.877	 75.583	116.984       
 61.715	 79.187	116.813       
 58.094	 78.651	117.811       
 56.703	 76.620	120.705       
 52.993	 75.744	120.260       
 52.013	 73.630	117.260       
 48.264	 73.074	117.012       
 45.961	 71.150	114.662       
 42.381	 72.390	114.222       
 39.611	 70.225	112.757       
 36.130	 71.205	111.612       
 33.691	 68.575	110.520       
 29.943	 67.979	110.553       
 30.251	 65.545	113.482       
 32.125	 67.867	115.879       
 29.806	 70.312	117.648       
 32.533	 72.906	117.890       
 36.032	 72.482	116.280       
 38.505	 70.106	117.921       
 42.127	 71.145	118.413       
 45.132	 68.928	118.999       
 48.541	 70.390	119.935       
 51.906	 69.480	121.558       
 55.294	 70.765	122.826       
 53.902	 73.383	125.226       
BRIEF 1YY9 D 220              
 41.138	 31.750	 81.196       
 41.915	 34.845	 79.157       
 44.868	 36.707	 80.686       
 47.064	 39.656	 79.648       
 50.291	 40.516	 81.425       
 52.439	 43.543	 80.951       
 56.121	 44.119	 81.451       
 58.069	 47.290	 80.660       
 60.225	 49.946	 82.260       
 57.660	 52.651	 83.268       
 59.821	 55.729	 84.171       
 60.615	 57.440	 80.871       
 62.737	 60.482	 79.973       
 61.141	 63.186	 77.814       
 61.630	 62.535	 74.058       
 62.641	 58.962	 75.029       
 60.418	 56.081	 73.977       
 58.053	 53.927	 76.013       
 58.014	 50.171	 75.366       
 55.616	 47.732	 76.951       
 55.288	 44.034	 76.250       
 51.936	 42.316	 76.669       
 52.192	 38.545	 77.061       
 48.891	 36.931	 76.383       
 47.401	 33.545	 77.363       
 44.138	 31.614	 76.954       
 43.520	 32.657	 73.328       
 45.788	 33.282	 70.309       
 46.691	 36.514	 68.545       
 45.835	 34.492	 65.458       
 42.150	 35.116	 66.249       
 41.964	 38.316	 68.264       
 43.370	 41.780	 68.130       
 44.945	 43.391	 71.177       
 44.079	 47.009	 71.945       
 45.944	 49.640	 73.945       
 44.223	 52.133	 76.188       
 45.752	 54.614	 78.617       
 44.304	 56.402	 81.634       
 45.139	 59.602	 83.446       
 43.603	 61.697	 86.233       
 42.964	 64.654	 83.869       
 42.084	 63.558	 80.309       
 40.310	 60.195	 81.150       
 40.452	 56.675	 79.547       
 41.756	 56.959	 76.003       
 42.091	 54.423	 73.152       
 45.462	 54.416	 71.504       
 45.438	 51.681	 68.843       
 45.137	 48.002	 67.848       
 47.163	 45.231	 66.349       
 44.383	 43.175	 64.811       
 44.619	 39.383	 64.417       
 45.910	 39.523	 60.851       
 48.840	 41.768	 61.954       
 47.632	 45.085	 60.588       
 47.489	 48.000	 62.988       
 45.413	 51.084	 63.395       
 46.277	 54.128	 65.487       
 44.148	 56.925	 66.965       
 44.829	 60.200	 65.111       
 46.957	 61.870	 67.809       
 49.397	 58.891	 67.878       
 49.423	 58.143	 64.156       
 52.925	 59.485	 63.766       
 54.468	 57.960	 66.859       
 52.764	 54.780	 67.755       
 54.174	 51.418	 66.805       
 52.443	 48.177	 67.784       
 53.937	 44.788	 66.797       
 53.406	 41.173	 67.682       
 54.850	 37.678	 67.659       
 51.918	 35.222	 67.513       
 53.956	 32.130	 68.236       
 55.205	 33.597	 71.547       
 51.781	 35.269	 72.064       
 53.407	 38.575	 72.747       
 52.342	 42.122	 71.778       
 54.873	 45.035	 71.685       
 53.688	 48.654	 72.148       
 56.205	 51.358	 71.268       
 55.596	 55.125	 71.440       
 58.179	 57.697	 70.563       
 58.969	 61.129	 71.952       
 57.007	 61.202	 75.180       
 56.272	 64.445	 77.038       
 54.431	 64.947	 80.333       
 51.079	 64.904	 78.478       
 52.022	 61.264	 78.249       
 52.068	 60.255	 81.924       
 49.396	 57.629	 82.491       
 48.618	 54.067	 83.264       
 48.957	 52.190	 79.966       
 46.798	 49.084	 79.335       
 46.432	 46.245	 76.853       
 42.950	 44.912	 76.349       
 41.059	 42.301	 74.384       
 37.466	 42.570	 73.319       
 34.879	 39.973	 74.425       
 33.973	 39.297	 70.856       
 35.822	 39.248	 67.507       
 36.349	 42.629	 65.944       
 34.548	 44.538	 68.797       
 35.567	 47.000	 71.539       
 33.721	 45.705	 74.582       
 36.828	 45.136	 76.615       
 36.273	 42.165	 78.906       
 40.004	 41.537	 79.581       
 42.867	 43.917	 80.570       
 46.482	 43.672	 81.582       
 47.369	 44.934	 85.056       
 48.409	 48.247	 83.522       
 51.828	 49.810	 83.509       
 52.359	 52.995	 85.500       
 54.263	 55.303	 83.165       
 55.909	 58.462	 84.448       
 57.481	 61.028	 82.103       
 60.088	 63.151	 83.820       
 63.772	 63.913	 83.326       
 64.371	 63.623	 87.058       
 66.608	 60.969	 88.650       
 65.306	 57.976	 90.638       
 65.585	 58.153	 94.406       
 64.807	 55.915	 97.341       
 62.648	 57.187	100.240       
 63.791	 58.099	103.726       
 61.586	 56.769	106.554       
 60.724	 58.429	109.866       
 58.360	 57.064	112.518       
 55.314	 59.048	113.667       
 55.650	 57.985	117.308       
 52.531	 57.556	119.507       
 51.841	 60.441	121.915       
 51.668	 59.205	125.494       
 48.103	 59.387	126.805       
 47.508	 57.827	130.264       
 44.552	 55.377	130.106       
 41.628	 54.210	127.824       
 41.952	 50.682	126.322       
 40.750	 50.873	122.709       
 42.215	 53.660	120.579       
 45.747	 54.947	119.999       
 47.338	 56.048	116.714       
 50.838	 55.739	115.276       
 52.661	 55.334	111.957       
 55.394	 56.022	109.402       
 56.382	 58.920	107.200       
 57.703	 57.668	103.859       
 59.381	 60.710	102.388       
 61.386	 61.986	 99.392       
 61.316	 59.281	 96.739       
 60.836	 59.209	 93.026       
 59.083	 57.831	 90.998       
 55.984	 55.978	 92.202       
 55.052	 53.496	 93.536       
 56.039	 52.427	 97.022       
 54.485	 49.659	 99.118       
 53.924	 49.516	102.854       
 53.153	 46.430	104.926       
 53.026	 46.259	108.719       
 54.851	 43.668	110.888       
 55.730	 41.982	107.596       
 52.044	 41.715	106.607       
 50.979	 40.211	109.946       
 48.936	 43.376	110.716       
 45.906	 44.187	108.511       
 42.950	 46.130	109.983       
 43.452	 49.692	111.234       
 45.975	 50.277	108.417       
 45.508	 53.373	106.302       
 48.215	 53.979	103.667       
 47.579	 57.412	102.140       
 47.885	 58.311	 98.456       
 51.319	 59.825	 97.891       
 51.632	 63.551	 97.373       
 54.083	 65.279	 95.080       
 56.152	 67.803	 97.040       
 57.493	 71.125	 95.727       
 60.906	 69.466	 95.598       
 59.560	 67.084	 92.899       
 59.895	 64.134	 95.260       
 56.961	 62.172	 96.552       
 56.100	 61.730	100.111       
 53.740	 59.492	102.038       
 52.318	 58.243	105.295       
 51.222	 54.696	106.317       
 49.127	 54.778	109.511       
 47.504	 52.262	111.895       
 44.904	 52.441	114.688       
 45.867	 50.409	117.743       
 44.752	 49.238	121.232       
 46.237	 51.906	123.597       
 49.323	 50.926	125.619       
 49.793	 48.476	122.696       
 47.620	 45.717	124.243       
 48.352	 42.290	122.701       
 51.204	 43.344	120.328       
 54.366	 45.238	121.279       
 56.301	 45.120	117.984       
 55.277	 47.751	115.393       
 57.644	 47.433	112.418       
 57.243	 49.357	109.160       
 57.914	 47.550	105.895       
 58.585	 50.060	103.135       
 59.577	 48.835	 99.682       
 60.530	 51.052	 96.702       
 61.005	 48.801	 93.632       
 62.052	 51.512	 91.071       
 65.145	 52.230	 93.239       
 65.169	 48.834	 94.948       
 65.244	 50.152	 98.518       
 63.819	 48.022	101.319       
 63.595	 49.880	104.629       
 62.219	 48.915	108.025       
 61.522	 51.311	110.930       
 60.248	 50.602	114.479       
 57.661	 52.850	116.173       
 57.580	 53.496	119.955       
 58.201	 56.568	122.175       
 62.037	 56.489	121.740       
