BRIEF 1ZTX E 101              
-40.883	 18.971	 -4.405  0.799
-40.074	 16.445	 -7.171  0.812
-37.273	 14.149	 -8.355  1.118
-36.338	 11.974	-11.306 -2.046
-37.783	  8.653	-12.439  0.517
-38.714	  6.192	 -9.675  1.103
-35.723	  3.853	 -9.150 -0.543
-37.415	  1.128	 -7.100 -1.342
-39.633	 -1.683	 -8.349 -1.929
-43.428	 -1.468	 -8.317  0.849
-46.035	 -4.116	 -7.651 -1.477
-49.372	 -4.725	 -9.367 -0.227
-52.374	 -4.713	 -7.017 -1.306
-55.024	 -7.105	 -8.283  0.120
-55.105	 -7.385	-12.064 -1.054
-55.551	 -4.810	-14.834  0.661
-59.239	 -4.173	-15.372  0.067
-61.097	 -3.555	-18.618  0.826
-62.994	 -0.230	-18.522  1.266
-65.350	 -1.269	-21.293  0.211
-64.149	  1.985	-22.837  1.242
-61.103	  0.563	-24.593  1.133
-58.816	  1.353	-21.681  1.266
-57.534	 -0.655	-18.738  0.321
-57.281	  0.558	-15.147  0.526
-54.578	 -0.813	-12.891 -0.692
-53.377	 -0.029	 -9.388  0.175
-49.696	 -0.101	 -8.514  0.552
-47.864	 -0.195	 -5.201 -1.896
-44.516	  1.607	 -5.163  0.847
-41.788	  0.304	 -2.836 -1.189
-39.366	  3.230	 -2.836  1.092
-38.734	  6.265	 -0.638 -1.279
-37.186	  8.333	 -3.426  0.617
-40.389	 10.044	 -4.492 -0.034
-41.985	 12.244	 -5.501  1.159
-40.894	 10.525	 -8.728  1.103
-42.242	  9.789	-12.201 -0.104
-43.600	  6.305	-12.811  0.409
-41.798	  4.485	-15.629  1.159
-44.787	  2.814	-17.232  0.526
-45.613	  2.037	-20.831 -1.565
-47.753	 -0.032	-23.161 -0.647
-45.489	 -1.874	-25.586 -0.084
-46.205	 -4.433	-28.309 -1.150
-43.546	 -6.968	-27.353 -0.387
-40.953	 -7.354	-24.626 -0.009
-38.441	 -7.480	-27.490 -1.252
-39.178	 -3.808	-28.106 -0.606
-40.081	 -1.358	-25.351 -2.419
-41.077	  1.358	-27.817 -0.219
-44.284	  2.800	-26.339  0.053
-47.096	  1.923	-28.744 -0.707
-50.085	  2.287	-26.435  0.877
-50.993	  5.507	-24.654  0.639
-51.418	  6.563	-21.059  0.125
-54.808	  8.022	-20.241  0.557
-53.673	  9.073	-16.782  1.127
-51.656	 12.275	-16.951  0.204
-47.964	 11.908	-16.111  1.116
-48.246	  9.047	-13.570  1.159
-46.427	  9.970	-10.328 -1.143
-45.680	  8.802	 -6.819  0.401
-46.483	 12.016	 -4.944 -0.589
-44.802	 10.989	 -1.716 -2.042
-41.354	 10.196	 -0.356 -0.004
-42.816	  7.445	  1.832 -1.216
-42.997	  3.819	  0.723 -0.999
-46.074	  1.717	 -0.010 -0.459
-47.558	  4.562	 -2.038 -1.758
-50.252	  3.332	 -4.413  0.023
-50.928	  4.850	 -7.821 -0.303
-53.864	  4.440	-10.191 -0.236
-53.225	  4.310	-13.951 -0.450
-55.502	  4.106	-16.996  1.209
-53.996	  3.072	-20.366 -2.465
-55.077	  2.594	-23.958  0.538
-52.983	 -0.435	-25.022  1.159
-52.833	 -1.299	-28.723  1.159
-55.195	 -3.892	-30.196  0.590
-54.078	 -7.501	-30.017  1.133
-51.127	 -8.354	-27.780  0.426
-49.138	 -5.898	-25.689  1.277
-47.470	 -5.598	-22.308  0.565
-47.764	 -3.111	-19.476  1.258
-44.204	 -2.491	-18.374  0.141
-43.180	 -0.710	-15.214  0.224
-39.617	  0.131	-14.264  1.133
-36.430	 -0.780	-16.076 -0.669
-33.151	 -2.619	-15.706  0.319
-33.207	 -5.341	-13.100 -2.204
-36.347	 -3.952	-11.453 -2.168
-38.503	 -3.873	-14.562 -0.039
-41.751	 -5.828	-14.356  0.117
-44.416	 -6.453	-16.958  0.050
-47.938	 -7.732	-17.304 -0.071
-49.249	 -9.258	-20.502  0.537
-52.454	 -8.036	-22.089  0.538
-54.608	 -8.645	-25.153  0.832
-57.186	 -6.238	-26.542  0.787
-59.817	 -7.853	-28.750  0.227
BRIEF 1ZTX H 219              
-23.062	-13.544	 -7.756       
-23.753	-10.155	 -6.218       
-20.761	 -9.130	 -4.130       
-19.192	 -6.016	 -2.615       
-15.457	 -5.740	 -1.986       
-14.607	 -2.776	  0.273       
-11.247	 -1.104	  0.885       
 -9.230	 -2.289	  3.872       
 -9.484	 -0.983	  7.435       
 -7.454	  2.135	  8.181       
 -6.162	  4.358	 10.969       
 -6.517	  8.067	 10.208       
 -5.409	 11.205	 12.031       
 -8.337	 13.212	 13.343       
 -9.181	 16.017	 10.914       
 -7.870	 13.988	  7.984       
 -9.987	 12.828	  5.062       
-10.413	  9.263	  3.798       
-12.021	  7.396	  0.946       
-13.659	  3.994	  1.368       
-14.185	  2.086	 -1.866       
-16.865	 -0.435	 -2.713       
-16.400	 -2.519	 -5.851       
-19.627	 -4.084	 -7.095       
-19.730	 -7.156	 -9.304       
-22.294	 -9.792	-10.181       
-25.097	 -7.369	-11.064       
-26.049	 -4.266	-13.047       
-24.180	 -1.657	-11.009       
-26.197	  1.307	-12.265       
-29.672	 -0.104	-11.518       
-29.218	  0.024	 -7.766       
-28.623	  2.190	 -4.753       
-25.519	  1.541	 -2.687       
-26.121	  2.205	  1.010       
-23.495	  3.333	  3.454       
-24.143	  2.127	  6.979       
-22.167	  3.087	 10.034       
-21.714	  1.092	 13.227       
-19.531	  2.384	 16.044       
-18.150	 -0.637	 18.019       
-20.491	 -0.537	 20.992       
-23.369	  0.999	 19.046       
-26.044	 -0.255	 16.680       
-26.661	  0.538	 13.018       
-27.093	  4.033	 11.618       
-27.796	  5.086	  8.034       
-25.180	  7.407	  6.558       
-26.898	  7.813	  3.204       
-27.017	  6.199	 -0.214       
-26.387	  6.909	 -3.878       
-28.214	  5.796	 -7.015       
-25.186	  4.544	 -8.939       
-27.061	  4.927	-12.207       
-27.815	  8.636	-11.900       
-25.522	  9.820	 -9.154       
-28.415	 10.996	 -6.999       
-27.417	 11.190	 -3.345       
-29.338	 11.225	 -0.091       
-27.485	 12.030	  3.119       
-28.465	 11.614	  6.751       
-28.129	 15.402	  7.056       
-28.154	 15.289	 10.873       
-24.980	 13.245	 11.283       
-21.966	 14.998	 12.747       
-19.777	 13.914	  9.836       
-19.076	 15.159	  6.346       
-19.868	 12.434	  3.814       
-19.674	 12.398	  0.033       
-20.798	  9.603	 -2.265       
-19.573	  9.079	 -5.811       
-20.198	  6.211	 -8.195       
-17.664	  5.240	-10.826       
-19.841	  3.347	-13.284       
-16.698	  2.651	-15.305       
-15.156	  0.509	-12.591       
-18.507	 -0.301	-10.949       
-17.263	  1.097	 -7.662       
-19.027	  3.275	 -5.122       
-16.932	  5.517	 -2.935       
-17.506	  7.425	  0.249       
-15.358	 10.405	  1.133       
-15.190	 11.229	  4.847       
-13.529	 14.526	  5.753       
-12.815	 16.305	  9.062       
-12.582	 12.989	 10.930       
-13.313	 12.707	 14.643       
-13.065	 10.029	 17.323       
-16.842	 10.051	 16.858       
-16.479	  8.721	 13.304       
-14.409	  5.748	 14.441       
-16.426	  2.692	 13.467       
-16.996	 -0.229	 11.145       
-18.368	  1.086	  7.875       
-20.512	 -1.133	  5.731       
-21.213	 -0.985	  2.051       
-24.677	 -2.325	  1.259       
-26.826	 -2.755	 -1.809       
-30.377	 -1.404	 -1.676       
-32.860	 -3.979	 -2.962       
-35.086	 -3.480	 -5.972       
-38.121	 -3.839	 -3.706       
-37.304	 -1.168	 -1.149       
-34.808	  0.724	  0.959       
-33.607	 -2.421	  2.700       
-30.236	 -3.994	  1.904       
-29.993	 -7.515	  0.516       
-26.193	 -7.587	  0.150       
-23.566	 -6.127	  2.474       
-19.833	 -5.786	  2.120       
-17.715	 -7.197	  4.933       
-17.289	 -3.704	  6.273       
-14.137	 -1.637	  6.497       
-12.962	 -0.572	  9.961       
-12.013	  3.071	 10.352       
-10.237	  4.287	 13.472       
 -9.764	  8.022	 13.937       
 -6.802	  8.458	 16.265       
 -3.450	 10.230	 16.489       
 -1.938	  6.945	 17.684       
  0.387	  4.952	 15.445       
 -0.472	  1.636	 13.791       
  0.903	 -1.276	 15.783       
  0.606	 -4.832	 14.507       
  0.138	 -7.404	 17.278       
  2.604	 -9.885	 18.697       
  1.138	-13.314	 18.165       
  2.226	-15.552	 20.990       
  1.602	-19.301	 20.909       
 -0.304	-20.923	 23.769       
  0.806	-24.456	 24.586       
  0.584	-26.579	 27.783       
  3.446	-26.755	 30.300       
  5.010	-30.104	 31.266       
  3.383	-32.491	 33.750       
 -0.303	-32.529	 32.803       
 -0.971	-35.239	 30.182       
 -4.418	-33.720	 29.592       
 -7.453	-35.933	 28.982       
 -9.015	-36.841	 25.646       
 -8.530	-33.340	 24.279       
 -5.811	-30.705	 24.438       
 -6.605	-27.000	 24.163       
 -4.091	-24.703	 22.501       
 -4.253	-21.099	 21.415       
 -2.754	-17.775	 20.399       
 -2.432	-14.540	 22.320       
 -2.678	-11.515	 20.015       
 -1.078	 -8.792	 22.120       
 -0.443	 -5.049	 21.914       
 -1.978	 -3.841	 18.670       
 -3.818	 -0.827	 17.253       
 -6.250	  0.059	 15.824       
 -8.674	 -2.775	 16.463       
-10.273	 -5.542	 14.442       
 -8.035	 -8.526	 13.775       
 -9.038	-11.865	 12.361       
 -7.809	-15.120	 13.792       
 -8.369	-18.018	 11.459       
 -7.035	-21.349	 12.680       
 -5.647	-24.022	 10.411       
 -5.549	-27.535	 11.884       
 -4.797	-31.037	 10.642       
 -7.489	-32.624	 12.796       
-11.101	-32.519	 11.616       
-11.956	-31.656	 15.214       
-11.011	-28.110	 16.200       
-13.410	-26.180	 18.386       
-12.270	-22.564	 18.391       
-13.241	-19.774	 20.766       
-12.364	-16.222	 19.891       
-12.274	-13.813	 22.814       
-13.101	-10.128	 22.250       
-10.270	 -7.617	 22.513       
 -9.734	 -5.341	 25.501       
 -7.867	 -2.046	 25.710       
 -4.927	 -1.609	 28.047       
 -2.304	  1.131	 27.870       
 -3.646	  2.232	 24.508       
 -3.194	 -1.221	 23.049       
 -5.731	 -3.919	 22.228       
 -5.126	 -7.450	 23.406       
 -7.084	-10.484	 22.370       
 -6.837	-14.250	 22.094       
 -8.316	-17.333	 20.459       
 -8.380	-20.916	 21.688       
 -8.689	-24.090	 19.696       
 -9.283	-27.526	 21.155       
 -8.285	-30.747	 19.413       
 -7.877	-34.486	 20.084       
 -5.014	-35.100	 22.563       
 -3.748	-37.916	 20.336       
 -3.120	-35.356	 17.606       
 -0.822	-33.021	 19.524       
  1.947	-32.117	 19.215       
  2.216	-34.328	 16.132       
 -0.239	-32.307	 14.027       
  0.319	-28.840	 12.647       
 -1.966	-26.266	 14.216       
 -1.467	-22.651	 13.278       
 -3.348	-19.430	 13.897       
 -2.973	-16.892	 11.117       
 -3.577	-13.448	 12.558       
 -4.793	-10.819	 10.120       
 -4.589	 -7.131	 11.034       
 -6.157	 -5.279	  8.069       
 -5.189	 -1.869	  9.451       
 -1.491	 -2.783	  9.153       
 -1.880	 -4.871	  5.994       
 -0.325	 -7.793	  7.870       
 -0.981	-11.420	  8.592       
  1.128	-13.477	 10.964       
  1.200	-17.250	 10.881       
  1.885	-18.972	 14.180       
  2.599	-22.675	 14.166       
  2.060	-23.959	 17.676       
  5.063	-25.659	 19.250       
  5.311	-27.797	 22.421       
  6.189	-25.428	 25.285       
BRIEF 1ZTX L 212              
-36.938	 10.970	 12.402       
-38.533	  7.567	 12.852       
-37.324	  5.878	 16.017       
-37.100	  2.094	 16.010       
-37.343	  0.470	 19.400       
-36.967	 -3.293	 19.802       
-38.046	 -5.521	 22.696       
-35.539	 -6.051	 25.539       
-32.022	 -6.315	 24.065       
-30.938	 -9.364	 26.059       
-33.625	-11.971	 25.625       
-33.272	-15.696	 26.268       
-34.846	-18.874	 24.944       
-34.220	-22.593	 24.804       
-33.264	-24.482	 21.658       
-36.375	-25.564	 19.779       
-38.638	-22.987	 21.364       
-40.369	-20.091	 19.644       
-39.240	-16.526	 20.289       
-40.351	-13.095	 19.151       
-38.182	 -9.999	 18.942       
-40.472	 -7.043	 18.520       
-39.917	 -3.713	 16.843       
-41.872	 -0.526	 17.430       
-41.680	  2.542	 15.207       
-42.589	  6.016	 16.479       
-45.116	  6.179	 13.600       
-46.932	  3.994	 11.050       
-44.178	  2.751	  8.722       
-46.809	  1.172	  6.492       
-45.513	 -2.423	  6.599       
-42.111	 -1.214	  5.371       
-39.861	 -2.927	  7.927       
-36.944	 -5.316	  7.515       
-34.968	 -7.586	  9.815       
-31.271	 -8.404	  9.679       
-29.230	-11.007	 11.530       
-25.678	-10.286	 12.582       
-23.324	-12.935	 13.907       
-20.009	-12.075	 15.652       
-17.497	-10.670	 13.182       
-19.876	-10.917	 10.238       
-21.756	 -8.590	  7.938       
-25.470	 -8.181	  8.643       
-27.681	-10.644	  6.752       
-31.113	 -9.788	  5.404       
-33.885	-11.940	  6.882       
-37.208	-10.250	  6.250       
-38.308	 -7.320	  4.104       
-41.699	 -5.597	  4.203       
-42.635	 -7.129	  7.543       
-43.240	-10.640	  6.223       
-41.336	-11.333	  3.008       
-38.735	-13.999	  3.746       
-35.491	-13.554	  1.870       
-33.934	-16.550	  0.098       
-31.274	-18.530	  1.912       
-33.373	-17.956	  5.019       
-35.051	-20.979	  6.703       
-38.835	-20.841	  7.029       
-38.495	-21.126	 10.797       
-37.975	-17.374	 10.475       
-41.233	-15.503	  9.993       
-41.937	-11.835	 10.364       
-45.275	-10.118	 10.719       
-46.425	 -6.601	 11.377       
-48.007	 -3.411	 10.176       
-48.883	  0.091	 11.217       
-46.426	  0.591	 14.051       
-45.686	 -2.915	 15.396       
-43.560	 -5.636	 13.820       
-42.518	 -9.067	 15.056       
-39.772	-11.443	 13.999       
-40.669	-14.931	 15.155       
-38.154	-17.761	 15.137       
-39.972	-21.085	 15.422       
-37.944	-23.971	 16.817       
-34.914	-21.854	 17.714       
-31.503	-23.361	 16.933       
-28.003	-22.807	 18.272       
-26.974	-21.382	 14.892       
-29.555	-18.659	 15.470       
-27.465	-17.086	 18.226       
-26.845	-13.586	 16.903       
-27.718	 -9.902	 17.042       
-31.028	 -8.977	 15.385       
-31.937	 -5.537	 14.093       
-35.062	 -4.194	 12.496       
-34.931	 -1.307	 10.062       
-37.732	  0.773	  8.641       
-37.648	  1.428	  4.921       
-40.666	  3.748	  4.908       
-38.775	  6.996	  4.541       
-35.408	  8.680	  4.889       
-33.509	  8.813	  6.980       
-33.485	  5.025	  7.242       
-33.372	  3.940	 10.895       
-32.492	  0.754	 12.786       
-33.537	 -0.643	 16.128       
-30.824	 -1.029	 18.778       
-30.871	 -4.762	 18.154       
-31.817	 -7.800	 20.215       
-29.212	-10.365	 21.243       
-30.639	-13.888	 21.129       
-29.289	-16.012	 23.946       
-30.134	-19.546	 24.984       
-31.042	-21.234	 28.226       
-29.327	-24.579	 28.760       
-28.247	-26.992	 31.495       
-25.337	-25.980	 33.697       
-21.914	-27.175	 32.609       
-18.574	-27.085	 34.415       
-15.788	-25.168	 32.630       
-12.733	-26.934	 31.301       
 -9.805	-24.905	 32.586       
 -6.550	-24.674	 30.653       
 -3.482	-22.759	 31.797       
 -0.598	-21.589	 29.633       
  2.885	-20.288	 30.391       
  4.473	-17.362	 28.532       
  5.686	-18.170	 25.038       
  9.399	-18.622	 24.456       
  8.800	-15.839	 21.903       
  7.551	-13.287	 24.426       
  9.985	-14.039	 27.259       
 12.744	-13.422	 24.747       
 11.174	 -9.999	 24.126       
 11.028	 -8.974	 27.784       
  7.396	 -9.811	 28.415       
  5.590	-12.585	 30.271       
  1.885	-13.283	 29.991       
  0.159	-16.217	 31.579       
 -3.106	-17.400	 30.058       
 -6.155	-19.197	 31.326       
 -9.050	-20.447	 29.238       
-12.259	-21.407	 31.056       
-14.207	-23.090	 28.285       
-17.651	-24.399	 27.480       
-19.416	-23.585	 30.722       
-22.854	-22.370	 31.699       
-24.154	-20.076	 33.070       
-22.017	-17.117	 31.914       
-21.446	-16.029	 35.482       
-17.973	-17.107	 36.571       
-15.144	-15.690	 38.612       
-11.481	-16.443	 38.150       
 -8.498	-15.604	 40.318       
 -4.791	-16.110	 39.798       
 -2.512	-17.386	 42.500       
  1.257	-17.214	 42.256       
  3.046	-19.426	 44.745       
 -0.163	-19.644	 46.737       
 -0.930	-15.920	 47.019       
 -3.638	-14.249	 44.922       
 -2.733	-11.618	 42.343       
 -5.289	 -9.388	 40.648       
 -2.904	 -6.737	 39.354       
 -2.381	 -6.983	 35.612       
 -5.307	 -9.302	 34.834       
 -7.671	 -9.036	 31.863       
-10.783	-11.138	 31.397       
-12.701	-11.555	 28.177       
-15.942	-13.481	 27.695       
-17.078	-15.006	 24.434       
-20.681	-14.982	 23.207       
-22.624	-18.211	 23.435       
-21.003	-20.877	 21.290       
-23.165	-22.144	 18.429       
-22.250	-25.792	 19.040       
-23.208	-26.369	 22.684       
-24.504	-22.898	 23.551       
-21.947	-22.500	 26.353       
-19.803	-19.541	 27.250       
-16.021	-19.402	 27.441       
-13.676	-16.844	 28.947       
-10.053	-15.826	 28.556       
 -8.012	-14.534	 31.471       
 -4.585	-12.998	 30.845       
 -2.111	-12.034	 33.554       
  0.770	 -9.881	 32.319       
  4.013	 -9.756	 34.280       
  7.548	 -8.552	 33.681       
 10.034	-11.225	 32.623       
 11.777	-10.778	 35.972       
  8.682	-11.244	 38.137       
  7.601	-14.332	 36.254       
 11.042	-15.889	 36.687       
 11.216	-15.385	 40.459       
  8.282	-17.690	 41.086       
  7.292	-21.312	 40.647       
  3.583	-22.178	 40.910       
  1.096	-20.367	 38.734       
 -2.491	-21.243	 39.485       
 -5.703	-20.209	 37.800       
 -8.787	-20.757	 39.951       
-12.324	-20.738	 38.654       
-15.367	-20.288	 40.851       
-18.579	-21.340	 39.143       
-21.927	-22.696	 40.332       
-21.176	-26.138	 38.876       
-18.645	-26.747	 41.630       
-18.740	-26.261	 45.385       
-14.973	-25.823	 45.426       
-12.757	-23.796	 43.103       
-12.014	-25.561	 39.823       
 -8.279	-25.071	 39.438       
 -5.449	-25.747	 36.989       
 -1.705	-25.034	 37.239       
  1.641	-25.286	 35.441       
  4.809	-25.173	 37.461       
  8.027	-23.381	 36.531       
  9.343	-19.884	 35.751       
