BRIEF 2AEP A 388              
147.078	 68.241	 69.484 -3.036
144.200	 65.913	 70.262 -2.515
142.382	 63.185	 68.389  0.579
139.113	 64.268	 66.775  0.104
136.024	 62.627	 68.141 -1.269
133.435	 64.538	 66.090  0.491
131.150	 64.432	 69.204  0.274
129.068	 67.485	 68.330  0.052
125.638	 67.328	 66.773  0.599
124.971	 67.588	 63.072  0.632
124.525	 71.246	 61.993  0.571
121.126	 72.416	 61.085 -1.595
120.867	 72.175	 57.170  0.224
118.456	 74.239	 54.999 -0.590
120.543	 73.405	 51.887  0.587
124.013	 74.164	 50.600  0.585
126.086	 77.253	 49.843  0.431
128.925	 77.676	 47.402  0.599
132.339	 76.912	 48.907  0.585
135.001	 76.362	 46.207  0.468
135.705	 75.806	 42.523  0.619
138.987	 75.284	 40.818  0.632
138.317	 75.915	 37.131  0.648
141.115	 73.566	 36.328  0.656
140.371	 72.496	 32.735  0.223
139.972	 76.141	 31.673  0.377
143.361	 76.908	 33.321  0.590
144.959	 73.897	 31.678  0.656
144.542	 75.513	 28.229  0.646
146.913	 78.263	 29.438  0.221
149.157	 76.605	 31.974  0.220
150.638	 73.322	 33.232 -0.370
147.872	 71.470	 35.084  0.647
147.689	 67.798	 36.037  0.491
145.362	 65.432	 34.279 -1.072
143.122	 63.990	 36.979  0.651
140.046	 62.053	 37.909  0.631
138.421	 60.773	 41.156  0.351
138.875	 64.001	 43.155  0.599
137.716	 64.605	 46.719  0.579
138.112	 66.953	 49.690  0.645
139.102	 66.439	 53.330  0.656
139.996	 69.045	 55.945  0.571
142.467	 68.930	 58.775 -1.871
141.453	 70.868	 61.979 -2.255
142.340	 74.234	 60.359 -3.198
141.831	 73.971	 56.558 -0.541
140.626	 71.969	 53.645  0.571
142.476	 70.168	 50.953  0.579
141.598	 68.967	 47.562  0.632
142.770	 65.610	 46.364  0.585
142.744	 63.677	 43.103  0.646
144.354	 60.850	 41.263  0.590
146.852	 62.145	 38.703  0.587
147.475	 60.394	 35.372  0.632
151.249	 61.118	 35.555  0.587
150.952	 63.930	 33.067  0.449
149.719	 67.477	 32.579  0.447
146.951	 68.030	 30.088  0.590
148.835	 70.088	 27.493 -3.188
151.354	 67.277	 27.098  0.648
151.504	 64.448	 24.514 -2.352
151.215	 61.976	 27.406  0.639
147.594	 63.180	 28.001  0.656
146.544	 61.087	 25.035  0.648
144.183	 58.304	 26.135 -0.054
144.065	 59.056	 29.864  0.651
140.633	 57.540	 30.154 -0.419
141.950	 54.315	 31.889  0.639
141.418	 54.009	 35.678  0.632
144.507	 52.174	 36.625  0.631
148.066	 52.705	 35.541 -2.452
151.472	 52.670	 37.373 -0.069
151.749	 56.445	 36.775 -1.355
148.740	 57.403	 38.825  0.631
149.482	 59.254	 42.105  0.651
147.390	 60.913	 44.768  0.590
147.717	 64.674	 44.488  0.590
147.027	 66.959	 47.496  0.416
146.825	 70.739	 47.648 -0.796
144.952	 73.320	 49.679  0.351
141.375	 73.544	 48.488  0.590
141.101	 76.070	 45.692  0.587
144.715	 75.628	 44.670 -0.223
144.553	 73.876	 41.244  0.599
146.876	 70.991	 40.581  0.209
149.885	 72.843	 39.157  0.175
153.438	 71.488	 38.854  0.590
154.346	 72.230	 42.487  0.220
151.650	 69.810	 43.664  0.651
152.716	 67.001	 46.017 -1.030
152.165	 63.475	 44.888  0.632
151.590	 62.046	 48.371  0.645
151.650	 58.393	 47.281  0.571
151.423	 56.020	 44.338  0.008
147.726	 55.363	 43.809  0.646
145.052	 54.459	 41.414  0.491
142.465	 54.198	 44.187  0.656
142.640	 56.212	 47.454  0.656
141.146	 57.523	 50.686  0.277
142.604	 60.105	 53.104  0.468
141.589	 61.580	 56.457  0.571
143.096	 63.511	 59.320  0.403
142.658	 62.104	 62.885  0.632
143.272	 65.422	 64.663  0.587
147.024	 64.736	 64.921 -1.448
148.039	 63.769	 61.328  0.646
147.042	 62.608	 57.906  0.491
146.402	 59.014	 56.939  0.590
146.520	 58.188	 53.189  0.639
145.285	 54.797	 51.962  0.212
146.915	 54.209	 48.555  0.571
146.286	 51.314	 46.146 -1.785
148.481	 50.537	 43.177  0.651
149.962	 47.690	 41.171  0.587
148.557	 44.795	 39.065 -0.657
144.766	 44.348	 38.735  0.632
145.231	 40.767	 40.022 -3.109
147.389	 41.614	 43.003  0.648
147.319	 45.174	 44.109  0.646
148.952	 46.610	 47.261  0.651
147.420	 49.163	 49.640  0.427
149.906	 51.305	 51.454  0.464
148.915	 53.010	 54.659 -0.082
150.863	 56.236	 55.166  0.207
150.463	 58.046	 58.438  0.579
152.201	 61.270	 59.415 -2.729
154.491	 61.028	 56.418  0.587
155.626	 57.453	 56.952 -3.156
154.622	 54.071	 55.645  0.590
153.178	 52.189	 58.635 -1.222
151.407	 49.270	 57.040  0.382
150.317	 47.516	 53.894  0.468
147.937	 44.834	 52.649  0.435
147.843	 42.775	 49.502 -1.843
144.693	 42.061	 47.504  0.083
142.749	 39.318	 49.244  0.491
140.555	 38.266	 46.302  0.656
142.875	 39.116	 43.342 -2.475
140.151	 41.193	 41.752 -0.199
141.197	 44.845	 41.839  0.647
141.495	 45.822	 45.506  0.230
140.066	 49.364	 45.665  0.631
138.616	 51.957	 48.029  0.651
136.414	 54.991	 48.622  0.383
137.877	 57.775	 46.444  0.624
136.713	 60.160	 49.254  0.656
137.709	 60.866	 52.849  0.624
137.913	 58.261	 55.484  0.571
136.775	 59.085	 59.012  0.212
138.589	 58.943	 62.388  0.571
137.104	 58.815	 65.910  0.437
139.409	 58.797	 68.995 -0.195
142.415	 57.847	 66.971  0.208
140.680	 55.030	 65.064 -0.167
140.317	 55.663	 61.346  0.165
137.965	 53.605	 59.313 -0.966
138.016	 52.939	 55.552  0.645
135.867	 50.713	 53.326  0.208
137.703	 48.609	 50.730  0.418
136.367	 46.198	 48.102  0.651
138.187	 43.392	 46.182  0.632
136.066	 41.377	 43.713  0.587
133.876	 41.602	 40.651  0.271
132.159	 44.884	 39.817  0.208
129.217	 42.850	 38.458  0.464
128.684	 40.123	 41.039 -0.511
129.380	 39.359	 44.697 -3.179
132.560	 40.908	 45.971  0.210
134.594	 40.916	 49.191  0.373
134.223	 44.209	 50.974  0.449
135.956	 44.847	 54.187 -0.996
136.135	 47.705	 56.716 -0.224
139.580	 48.379	 58.098  0.215
140.287	 50.074	 61.401  0.585
143.564	 51.940	 61.468 -0.420
145.426	 53.542	 64.369 -3.155
148.353	 55.794	 63.564  0.624
148.698	 53.913	 60.229  0.587
148.556	 50.440	 61.739 -1.109
145.692	 48.189	 60.768  0.010
144.340	 46.873	 64.161 -1.420
141.099	 45.243	 63.018  0.639
139.388	 44.125	 59.837 -0.425
135.639	 43.393	 59.641  0.264
133.786	 41.858	 56.616 -0.069
130.838	 43.715	 55.184  0.229
127.673	 42.366	 56.783 -0.115
123.887	 43.020	 56.342  0.587
121.741	 43.345	 53.222  0.277
123.881	 45.563	 50.978  0.646
124.735	 43.241	 48.107  0.632
127.449	 45.260	 46.308  0.160
129.470	 48.083	 47.839 -1.113
131.871	 50.380	 46.047  0.350
133.266	 53.908	 46.565  0.624
131.703	 54.713	 49.908  0.166
131.102	 58.306	 50.926  0.656
131.416	 58.119	 54.708  0.167
130.941	 60.607	 57.511  0.579
131.251	 60.783	 61.279  0.599
127.886	 60.223	 62.964 -0.901
129.120	 59.912	 66.519 -0.186
129.492	 57.497	 68.103 -0.063
130.097	 55.624	 64.740 -2.974
130.650	 56.198	 60.986  0.213
127.940	 56.035	 58.281  0.123
128.598	 55.510	 54.585  0.160
126.476	 55.809	 51.531 -1.153
127.812	 53.934	 48.630 -0.239
127.561	 52.714	 44.994  0.631
126.086	 49.331	 44.127  0.632
127.465	 48.451	 40.710  0.648
125.673	 45.189	 40.224  0.491
121.928	 45.188	 40.942  0.335
121.014	 48.536	 42.531  0.587
120.240	 52.142	 41.436  0.466
119.421	 52.767	 45.064  0.648
122.500	 53.439	 47.192  0.631
123.777	 51.067	 49.927  0.264
124.317	 52.252	 53.440 -3.108
127.076	 50.762	 55.572 -0.538
127.190	 51.686	 59.258 -0.412
130.374	 51.073	 61.197  0.647
130.799	 50.824	 64.923 -0.001
134.283	 51.846	 65.738 -0.711
134.332	 50.596	 69.347 -3.004
133.369	 46.942	 68.671  0.382
134.059	 46.800	 64.856  0.193
130.559	 45.529	 64.025  0.277
129.002	 46.433	 60.651 -0.204
125.390	 46.674	 59.314 -2.532
124.132	 47.574	 55.865  0.656
121.063	 48.202	 53.787 -0.134
119.869	 50.720	 51.154  0.579
118.692	 54.280	 51.254 -0.487
114.924	 54.212	 51.652  0.571
114.288	 57.081	 49.254  0.656
112.185	 56.269	 46.223  0.587
114.089	 59.140	 44.521  0.590
117.295	 57.073	 44.050  0.427
120.856	 58.447	 43.889  0.587
122.670	 56.347	 41.334  0.632
123.211	 56.730	 37.583  0.651
121.947	 54.974	 35.661  0.599
118.493	 54.796	 37.179  0.631
114.823	 54.765	 36.152 -1.054
112.873	 58.033	 35.972 -0.103
111.279	 59.476	 39.143  0.632
107.807	 58.019	 38.509 -2.911
109.098	 54.416	 38.029 -0.120
112.012	 54.325	 40.364  0.656
111.915	 52.785	 43.746 -2.152
113.633	 51.656	 46.917  0.656
112.321	 49.796	 49.937 -0.720
115.371	 50.038	 52.170  0.571
116.650	 46.443	 52.194 -3.105
117.450	 45.157	 48.809 -0.076
118.957	 46.494	 45.578  0.599
115.964	 47.616	 43.491  0.648
117.018	 45.754	 40.330  0.439
116.301	 48.902	 38.343  0.352
119.070	 49.744	 35.765 -0.154
121.220	 48.410	 38.621  0.587
124.351	 47.535	 36.634 -1.867
127.089	 50.138	 36.667 -0.562
126.828	 53.298	 38.678  0.587
128.570	 56.467	 39.834  0.645
130.140	 57.476	 43.164  0.619
127.717	 59.616	 45.128  0.587
126.520	 60.525	 48.605  0.491
123.595	 61.100	 50.986  0.646
123.089	 61.762	 54.655  0.585
120.329	 61.622	 57.264  0.383
118.645	 64.576	 58.917 -3.193
116.197	 62.987	 61.374  0.218
113.899	 60.960	 59.189 -2.148
114.756	 63.045	 56.111  0.632
117.603	 62.469	 53.606 -1.144
119.738	 65.090	 51.917  0.491
121.213	 63.770	 48.742  0.642
122.804	 64.655	 45.489  0.587
122.676	 63.054	 42.112  0.631
123.168	 63.640	 38.427  0.651
120.247	 65.407	 36.772  0.223
120.178	 62.949	 33.857 -0.943
118.962	 59.444	 34.743 -0.780
121.275	 57.787	 32.203 -0.382
124.291	 60.071	 31.942 -0.529
126.811	 61.906	 34.145  0.631
125.202	 65.129	 33.208 -0.330
123.937	 67.871	 35.518  0.587
123.905	 67.784	 39.243  0.579
121.178	 68.477	 41.830  0.624
120.688	 68.232	 45.535  0.651
117.489	 68.014	 47.483  0.585
115.936	 66.825	 50.729 -2.205
113.491	 63.881	 50.541  0.645
110.983	 64.202	 53.449 -0.213
110.933	 60.952	 55.336 -3.166
113.385	 59.633	 52.722  0.587
115.729	 58.150	 55.240  0.491
113.047	 56.322	 57.312 -1.149
110.050	 55.645	 55.032 -3.053
110.398	 53.049	 52.208 -0.119
110.029	 54.592	 48.748  0.008
109.306	 58.182	 49.827  0.464
109.393	 60.508	 46.829  0.619
108.421	 63.800	 48.533 -1.599
111.180	 66.191	 47.703  0.632
111.826	 69.751	 48.739 -2.441
114.668	 72.304	 48.807 -0.605
116.034	 71.394	 45.395  0.631
119.172	 73.147	 44.222  0.382
120.839	 72.909	 40.809 -0.851
124.610	 72.717	 41.309  0.647
125.391	 72.032	 37.645  0.426
122.765	 72.563	 35.005  0.124
121.532	 69.633	 32.884 -1.008
123.385	 70.669	 29.769 -3.190
126.825	 70.368	 31.477  0.012
128.925	 67.398	 32.571 -2.769
129.244	 66.087	 36.083  0.655
130.860	 62.912	 37.418  0.587
131.671	 61.443	 40.783  0.579
130.533	 63.182	 43.926  0.467
131.192	 62.689	 47.600  0.220
130.802	 63.971	 51.141 -1.040
133.112	 65.557	 53.603  0.209
132.490	 66.726	 57.121  0.656
133.759	 69.915	 58.781  0.375
133.827	 70.631	 62.502  0.351
132.314	 73.972	 63.433 -3.129
132.065	 75.774	 66.763 -0.498
129.108	 73.769	 67.993 -2.984
128.139	 71.424	 65.196  0.571
129.455	 69.089	 62.405 -0.678
128.599	 70.338	 58.960  0.648
128.248	 68.281	 55.850  0.631
129.744	 69.365	 52.454  0.571
130.158	 67.705	 49.072  0.585
132.233	 68.010	 45.946  0.579
131.365	 67.310	 42.339  0.645
133.812	 65.962	 39.844  0.624
133.280	 67.720	 36.526  0.590
134.578	 65.334	 33.870  0.647
135.799	 66.570	 30.482  0.631
137.130	 64.827	 27.408  0.587
137.017	 61.265	 26.103  0.118
135.103	 58.989	 25.577 -1.999
132.107	 61.370	 25.337 -1.470
133.930	 64.478	 24.065  0.624
136.119	 63.358	 21.186 -0.975
137.399	 66.774	 20.104 -0.138
140.337	 66.108	 22.458  0.645
142.266	 62.977	 23.301 -0.131
142.583	 63.333	 27.055  0.491
140.280	 62.693	 29.984  0.651
140.390	 65.042	 32.997  0.656
138.210	 66.942	 35.497  0.228
137.726	 70.079	 37.493  0.656
135.783	 70.351	 40.794  0.435
133.032	 72.379	 42.424  0.429
132.341	 72.237	 46.144 -0.227
129.334	 73.284	 48.308  0.585
128.869	 73.204	 52.093  0.571
125.829	 72.840	 54.312  0.587
124.279	 76.012	 55.547  0.651
121.699	 76.915	 58.187  0.656
121.085	 80.271	 56.414  0.587
119.620	 81.114	 53.074  0.651
120.681	 81.040	 49.421  0.579
119.718	 81.645	 45.810  0.587
120.292	 79.762	 42.627  0.001
122.865	 79.245	 39.919  0.587
124.915	 76.799	 37.903  0.656
128.591	 76.147	 38.280  0.491
129.839	 73.894	 35.496  0.599
133.424	 73.162	 34.449  0.632
133.251	 75.918	 31.855  0.587
136.028	 74.912	 29.414  0.646
135.238	 75.278	 25.727 -0.510
136.209	 71.880	 24.317  0.436
136.907	 73.463	 20.903 -0.605
139.423	 75.851	 22.402 -0.154
141.446	 73.229	 24.314  0.642
144.735	 71.749	 23.347 -2.015
143.842	 68.316	 22.129 -0.636
BRIEF 2AEP H 143              
127.775	 40.461	 23.003       
131.287	 39.248	 23.788       
132.841	 37.003	 21.157       
136.101	 35.169	 20.954       
137.057	 33.037	 17.897       
140.315	 31.228	 17.794       
141.754	 30.053	 14.481       
145.067	 28.866	 13.001       
144.797	 25.320	 14.229       
145.068	 22.157	 12.172       
148.173	 20.259	 11.193       
151.815	 21.066	 11.850       
154.941	 18.942	 11.318       
157.061	 18.292	 14.527       
159.889	 20.737	 15.206       
157.739	 23.377	 13.482       
156.406	 26.775	 14.556       
152.906	 28.137	 14.515       
150.803	 31.161	 15.547       
147.194	 31.029	 16.696       
144.890	 33.957	 16.552       
141.957	 34.985	 18.641       
139.656	 37.499	 17.121       
137.444	 39.359	 19.613       
134.477	 41.745	 19.508       
131.780	 43.221	 21.750       
134.005	 44.768	 24.407       
136.767	 47.377	 24.605       
139.734	 45.153	 23.822       
142.538	 47.198	 25.248       
140.890	 47.385	 28.702       
141.121	 43.612	 29.072       
143.704	 41.028	 29.859       
143.656	 38.043	 27.493       
144.858	 34.557	 28.405       
145.654	 31.360	 26.523       
144.902	 27.841	 27.782       
144.831	 24.348	 26.366       
143.560	 20.809	 26.923       
145.436	 17.880	 25.309       
143.143	 15.017	 24.244       
141.859	 13.196	 27.331       
143.986	 15.347	 29.756       
143.398	 18.279	 32.200       
142.900	 21.918	 31.254       
146.180	 23.751	 31.392       
147.118	 27.491	 31.512       
149.747	 28.737	 29.056       
150.080	 32.463	 29.494       
148.450	 35.868	 29.496       
148.875	 39.418	 28.352       
147.652	 42.323	 30.397       
145.636	 45.398	 29.404       
146.851	 48.938	 28.477       
146.820	 50.170	 32.074       
149.286	 47.437	 32.910       
151.493	 48.104	 29.891       
150.516	 44.871	 28.105       
152.968	 42.853	 30.118       
152.949	 39.058	 29.987       
153.030	 35.985	 32.203       
153.965	 32.493	 31.058       
153.915	 29.032	 32.484       
157.632	 28.106	 32.901       
156.952	 24.512	 31.705       
156.674	 25.738	 28.112       
160.348	 26.752	 28.288       
160.044	 30.164	 26.623       
158.706	 28.422	 23.481       
155.502	 30.404	 23.633       
154.984	 34.164	 23.587       
151.800	 36.211	 23.317       
151.087	 39.480	 21.516       
148.118	 41.558	 20.629       
146.968	 43.705	 17.740       
145.140	 46.435	 19.596       
143.665	 48.047	 16.489       
142.098	 44.858	 15.204       
141.270	 43.384	 18.740       
143.156	 40.208	 18.105       
145.422	 38.274	 20.476       
148.089	 35.736	 19.335       
149.936	 32.788	 20.678       
153.253	 32.252	 18.900       
154.637	 28.805	 19.534       
157.727	 27.145	 18.304       
159.499	 23.791	 18.416       
156.130	 22.066	 18.587       
155.942	 18.321	 19.411       
153.050	 15.864	 19.828       
152.843	 16.934	 23.506       
151.452	 20.338	 22.201       
148.695	 18.595	 20.339       
145.654	 20.049	 22.164       
142.589	 22.115	 21.858       
143.750	 25.708	 22.435       
141.453	 28.220	 23.986       
141.560	 31.978	 24.222       
139.819	 33.659	 27.243       
139.060	 37.191	 28.323       
140.073	 38.022	 31.937       
137.892	 40.512	 33.802       
138.842	 42.063	 37.173       
142.272	 40.482	 37.317       
141.297	 36.843	 37.642       
137.753	 36.209	 36.334       
138.402	 34.016	 33.241       
134.882	 34.941	 32.101       
134.546	 34.312	 28.315       
136.253	 31.506	 26.415       
136.284	 30.826	 22.689       
135.057	 27.636	 21.019       
138.702	 26.575	 20.783       
141.016	 25.562	 17.871       
142.634	 22.148	 17.458       
146.252	 21.522	 16.886       
147.713	 18.203	 15.884       
151.443	 17.893	 15.721       
152.203	 14.814	 13.478       
154.293	 13.397	 10.578       
151.188	 12.269	  8.646       
149.265	 14.185	  6.025       
146.009	 16.120	  5.578       
143.222	 13.120	  9.110       
143.703	 15.006	 11.344       
140.906	 15.493	 13.902       
138.462	 17.081	 13.876       
135.456	 17.156	 11.555       
132.188	 19.146	 11.762       
129.022	 17.326	 10.584       
125.272	 18.240	 10.309       
117.501	 12.367	 17.323       
121.200	 12.492	 16.391       
124.218	 10.374	 17.572       
127.642	 11.394	 16.199       
130.338	  9.005	 17.538       
133.988	  9.543	 18.647       
136.895	  7.827	 16.774       
137.145	  7.616	 10.731       
133.767	  8.091	 12.567       
129.925	  7.646	 12.034       
126.692	  9.376	 13.015       
123.997	  6.635	 13.112       
BRIEF 2AEP L 129              
153.724	 25.639	 41.830       
150.320	 25.127	 43.495       
149.186	 21.584	 42.852       
145.411	 21.299	 42.720       
144.195	 17.796	 43.493       
140.820	 16.313	 42.573       
140.953	 12.791	 44.113       
137.564	 11.768	 42.664       
138.027	 10.681	 39.058       
134.340	  9.800	 38.727       
131.265	 10.462	 40.813       
127.921	  8.852	 40.029       
124.523	 10.028	 41.121       
120.891	 10.059	 39.965       
118.816	 12.907	 38.667       
117.498	 14.957	 41.560       
120.170	 14.067	 43.988       
122.913	 16.244	 45.443       
126.691	 15.671	 44.789       
129.989	 17.319	 46.014       
133.259	 17.439	 44.092       
136.363	 18.000	 46.202       
139.474	 19.984	 45.354       
142.595	 20.227	 47.476       
145.400	 22.830	 47.017       
148.942	 22.000	 48.128       
149.222	 25.338	 49.999       
146.789	 27.947	 51.344       
145.055	 29.849	 48.508       
142.463	 31.672	 50.612       
139.292	 31.708	 48.517       
141.159	 32.300	 45.274       
139.689	 29.260	 43.499       
137.525	 29.038	 40.375       
135.381	 26.171	 39.039       
134.580	 25.164	 35.449       
132.256	 22.736	 33.786       
133.562	 20.977	 30.726       
131.659	 18.851	 28.217       
133.307	 16.906	 25.308       
133.564	 19.128	 22.233       
132.505	 22.292	 24.088       
134.545	 25.042	 25.617       
134.946	 25.277	 29.439       
131.935	 27.002	 31.009       
132.981	 29.182	 33.990       
130.913	 28.324	 37.015       
132.484	 30.018	 40.043       
134.900	 32.953	 39.845       
135.968	 32.587	 43.477       
135.426	 29.782	 46.047       
131.782	 30.583	 46.692       
130.721	 33.176	 44.052       
128.773	 31.991	 41.009       
128.914	 33.620	 37.572       
125.659	 35.197	 36.386       
123.476	 32.849	 34.454       
124.804	 29.813	 36.287       
121.902	 28.062	 38.042       
121.845	 28.350	 41.845       
121.950	 24.661	 42.267       
125.710	 25.051	 41.724       
127.262	 26.116	 45.056       
130.928	 26.588	 45.883       
132.483	 26.375	 49.243       
135.672	 26.064	 51.267       
138.863	 28.064	 51.858       
142.637	 27.511	 52.519       
143.392	 24.144	 51.046       
139.930	 22.473	 50.821       
137.301	 23.420	 48.285       
133.939	 21.927	 47.274       
131.646	 22.328	 44.350       
128.084	 21.119	 45.271       
125.368	 20.518	 42.713       
121.943	 20.049	 44.141       
118.988	 18.611	 42.259       
121.329	 17.217	 39.556       
119.960	 17.316	 36.048       
120.886	 15.236	 33.033       
122.608	 18.263	 31.395       
125.003	 18.419	 34.374       
126.850	 15.422	 32.963       
130.304	 16.883	 32.497       
133.750	 16.982	 33.873       
134.233	 19.558	 36.716       
137.586	 21.336	 37.174       
138.916	 23.598	 39.945       
141.601	 26.275	 39.450       
143.673	 28.516	 41.751       
144.490	 32.153	 40.800       
146.372	 32.938	 43.988       
149.679	 32.976	 42.114       
151.311	 32.266	 38.764       
151.391	 29.844	 37.247       
147.640	 29.419	 37.215       
146.987	 25.716	 37.889       
144.061	 23.306	 37.500       
142.892	 20.148	 39.161       
142.784	 16.919	 37.130       
138.988	 17.012	 36.757       
136.057	 14.889	 38.127       
133.630	 13.222	 35.733       
130.001	 13.288	 36.809       
128.028	 10.198	 35.668       
124.300	  9.508	 35.908       
122.703	  6.320	 37.249       
119.369	  5.436	 35.545       
117.151	  2.536	 34.493       
118.746	 -0.377	 32.567       
117.549	  0.042	 28.902       
117.700	 -2.155	 25.739       
120.282	 -1.687	 22.890       
123.510	  0.383	 18.756       
121.632	  3.452	 20.008       
120.464	  4.210	 23.605       
121.397	  1.574	 26.169       
122.348	  1.498	 29.877       
124.577	  0.576	 31.699       
127.921	  0.898	 29.777       
129.269	 -2.717	 30.215       
129.891	  7.280	 23.040       
129.693	  9.475	 26.211       
126.540	  9.276	 28.362       
123.710	 11.297	 26.683       
122.727	 14.716	 28.020       
118.898	 14.513	 27.623       
118.352	 10.817	 28.549       
121.547	  9.442	 30.220       
