BRIEF 2ARJ Q 115              
 72.449	 84.836	-12.978  0.661
 72.436	 86.607	 -9.521  0.716
 75.552	 88.047	 -7.847  0.160
 75.825	 89.191	 -4.218  0.208
 78.092	 92.065	 -3.114  0.762
 79.311	 92.159	  0.484  0.767
 80.599	 95.366	  1.974  0.605
 83.097	 96.038	  3.226  0.793
 85.914	 93.883	  1.946 -0.393
 87.449	 93.452	  5.448  0.423
 87.077	 94.811	  8.969  0.058
 89.866	 95.172	 11.521  0.215
 87.579	 95.679	 14.487  0.300
 88.185	 97.461	 17.824  0.483
 86.833	 95.781	 20.971 -0.373
 83.279	 96.974	 21.718  0.826
 82.813	 98.507	 18.259  0.041
 79.608	 98.119	 16.208 -0.189
 80.163	 96.624	 12.767  0.752
 77.585	 96.784	 10.014  0.438
 78.059	 94.303	  7.187  0.404
 75.893	 94.723	  4.130  0.106
 75.138	 92.511	  1.208  1.025
 73.421	 93.733	 -1.953 -0.416
 71.513	 91.041	 -3.821  0.671
 71.475	 91.664	 -7.545  0.814
 69.763	 90.140	-10.533  0.074
 66.244	 89.914	 -9.123 -0.180
 65.857	 86.196	 -8.571  0.029
 65.008	 84.821	 -5.135 -2.907
 63.332	 85.192	 -1.749 -1.208
 65.268	 86.542	  1.248 -2.905
 68.948	 86.423	  2.144  0.293
 70.789	 84.176	  4.577 -0.936
 73.714	 85.460	  6.651  0.977
 76.430	 82.950	  7.483  0.030
 79.426	 82.951	  9.853  0.674
 82.660	 81.044	 10.368  0.814
 83.840	 81.270	 14.003  0.222
 87.608	 81.791	 14.326  0.088
 87.170	 79.206	 17.122  0.449
 87.105	 76.430	 14.447  0.153
 90.379	 75.210	 12.794  0.160
 88.308	 73.459	 10.101  0.530
 86.140	 75.798	  7.951 -1.096
 82.784	 75.070	  9.588 -0.650
 80.079	 77.503	  8.399  0.820
 77.420	 78.288	 10.990  0.007
 74.093	 79.890	 10.072 -0.375
 73.152	 83.241	 11.633  0.344
 69.922	 84.729	 10.240  0.726
 67.520	 84.802	  7.294  0.323
 65.668	 87.905	  6.198 -2.907
 62.659	 87.505	  3.934  0.029
 62.713	 89.576	  0.760  0.311
 58.967	 90.254	  0.976 -1.202
 58.078	 91.569	  4.452  0.587
 60.354	 92.418	  7.317 -1.426
 60.479	 88.955	  8.884  0.639
 63.780	 87.471	 10.068 -2.354
 64.567	 84.022	 11.476 -0.876
 67.366	 83.618	 13.997 -1.541
 68.750	 80.246	 15.073 -0.716
 68.380	 79.738	 18.848 -0.013
 72.101	 78.912	 19.486  0.681
 72.407	 89.896	 22.272  0.172
 75.334	 90.144	 19.818  0.732
 73.675	 90.456	 16.391  0.679
 71.013	 92.605	 14.825  0.742
 69.772	 92.735	 11.232  0.747
 67.553	 94.814	  8.963  0.720
 66.564	 95.147	  5.341  0.493
 67.656	 98.679	  4.408  0.698
 65.746	 99.868	  1.339  0.375
 65.935	 97.447	 -1.499  0.479
 68.279	 94.471	 -1.993  0.188
 70.530	 95.736	  0.767  0.228
 70.592	 93.334	  3.681  0.348
 72.412	 94.685	  6.717  0.575
 73.890	 92.487	  9.403  0.661
 75.288	 94.378	 12.357  0.557
 77.375	 93.007	 15.192  0.981
 76.357	 95.137	 18.163  0.125
 79.508	 94.850	 20.293  0.059
 82.618	 93.317	 18.769  0.419
 84.359	 90.591	 20.744  0.177
 86.179	 87.259	 20.402 -0.142
 82.726	 85.622	 20.127  0.399
 81.746	 87.064	 16.724  0.967
 85.368	 87.260	 15.571 -0.592
 85.664	 85.394	 12.248  0.724
 84.478	 85.353	  8.621 -0.138
 81.056	 86.447	  7.345  1.063
 79.114	 86.066	  4.111 -0.164
 75.548	 86.095	  2.822  1.062
 73.861	 83.398	  0.724 -0.173
 70.865	 83.114	 -1.612  0.057
 68.864	 80.404	 -3.383 -2.907
 67.524	 80.642	 -6.939 -2.884
 66.076	 77.721	 -8.864 -1.202
 67.364	 75.544	 -5.995 -2.907
 70.968	 76.770	 -6.562 -0.511
 72.998	 78.295	 -3.754 -2.907
 74.974	 81.493	 -4.261  0.247
 77.618	 83.012	 -2.005  0.811
 79.071	 86.453	 -1.602  0.857
 82.746	 86.960	 -0.855 -2.906
 83.923	 86.351	  2.678  0.789
 84.494	 89.212	  5.103  0.870
 87.206	 88.692	  7.743 -0.043
 86.103	 90.630	 10.820 -0.337
 89.162	 90.290	 13.011  0.592
 90.323	 92.164	 16.106 -0.125
 92.328	 95.404	 15.984  0.962
 95.957	 94.482	 14.908  0.865
BRIEF 2ARJ R 116              
 64.888	 70.436	 14.616       
 66.800	 68.653	 11.771       
 70.377	 67.434	 11.938       
 72.550	 66.211	  9.035       
 75.181	 63.511	  9.433       
 78.066	 63.326	  6.976       
 80.040	 60.160	  6.614       
 82.893	 59.688	  6.831       
 84.587	 62.023	  9.267       
 87.661	 62.500	  7.015       
 89.194	 61.066	  3.835       
 92.943	 60.714	  3.150       
 92.519	 59.962	 -0.556       
 94.851	 58.139	 -2.960       
 95.120	 59.679	 -6.433       
 92.581	 58.161	 -8.844       
 90.486	 56.765	 -6.010       
 86.675	 56.880	 -5.992       
 85.292	 58.560	 -2.859       
 81.688	 58.319	 -1.770       
 80.542	 60.916	  0.711       
 77.107	 60.441	  2.229       
 74.870	 62.662	  4.291       
 71.802	 61.393	  6.098       
 69.119	 64.060	  6.581       
 67.231	 63.538	  9.814       
 64.170	 65.059	 11.368       
 61.662	 65.102	  8.549       
 61.517	 68.669	  7.441       
 62.616	 69.913	  4.014       
 62.944	 69.389	  0.250       
 66.214	 68.112	 -1.255       
 69.808	 68.383	 -0.085       
 72.572	 70.616	 -1.411       
 76.213	 69.566	 -1.512       
 78.858	 72.198	 -1.060       
 82.596	 72.263	 -1.502       
 85.541	 74.396	 -0.393       
 88.429	 74.159	 -2.875       
 91.866	 73.798	 -1.241       
 92.808	 76.332	 -3.980       
 91.278	 79.137	 -1.881       
 93.110	 80.445	  1.220       
 89.949	 82.343	  2.273       
 87.072	 79.968	  3.211       
 85.022	 80.353	  0.003       
 82.210	 77.750	 -0.238       
 81.369	 76.757	 -3.797       
 78.082	 75.037	 -4.696       
 78.168	 71.574	 -6.330       
 74.759	 69.884	 -6.602       
 71.164	 69.748	 -5.343       
 69.150	 66.548	 -5.167       
 65.397	 66.787	 -4.755       
 63.943	 64.727	 -1.927       
 60.855	 63.891	 -3.972       
 61.837	 62.419	 -7.337       
 65.296	 61.673	 -8.649       
 66.130	 65.092	-10.059       
 69.573	 66.695	 -9.584       
 70.778	 70.193	-10.481       
 74.486	 70.634	-11.268       
 76.074	 74.056	-11.618       
 77.704	 74.392	-15.069       
 81.077	 75.536	-13.642       
 83.017	 64.516	-15.301       
 84.428	 64.842	-11.727       
 81.355	 64.201	 -9.587       
 78.374	 61.886	 -9.523       
 75.438	 61.859	 -7.139       
 72.393	 59.787	 -6.181       
 69.791	 59.422	 -3.476       
 70.381	 55.990	 -2.006       
 67.067	 54.912	 -0.277       
 66.226	 56.782	  3.002       
 67.442	 60.365	  3.407       
 70.875	 59.218	  2.417       
 72.357	 61.526	 -0.191       
 75.532	 60.167	 -1.727       
 78.086	 62.435	 -3.327       
 80.766	 60.495	 -5.130       
 83.990	 61.954	 -6.436       
 84.794	 59.663	 -9.390       
 88.560	 60.050	 -9.665       
 90.423	 61.837	 -6.891       
 92.679	 64.684	 -7.899       
 93.994	 68.122	 -6.898       
 90.815	 69.505	 -8.504       
 88.306	 68.130	 -5.970       
 90.771	 68.201	 -3.091       
 89.236	 70.183	 -0.241       
 86.348	 70.268	  2.250       
 82.819	 68.876	  1.665       
 79.483	 69.358	  3.404       
 75.757	 69.055	  2.768       
 73.148	 71.694	  3.535       
 69.377	 71.828	  3.886       
 66.618	 74.464	  4.217       
 63.675	 74.189	  6.625       
 61.316	 77.073	  7.307       
 63.783	 79.316	  5.454       
 66.581	 78.243	  7.891       
 69.911	 76.819	  6.630       
 71.428	 73.668	  8.142       
 74.941	 72.356	  7.649       
 76.601	 69.043	  8.222       
 80.099	 68.869	  9.571       
 82.905	 69.338	  7.118       
 84.799	 66.449	  5.587       
 88.418	 67.102	  4.626       
 89.112	 65.085	  1.499       
 92.863	 65.486	  1.210       
 95.567	 63.567	 -0.686       
 97.035	 60.534	  1.224       
 99.832	 61.655	  3.680       
102.292	 59.686	  1.386       
BRIEF 2ARJ L 211              
 97.862	100.941	-14.394       
 94.241	100.051	-15.309       
 93.845	102.995	-17.649       
 90.254	104.020	-18.407       
 89.629	105.099	-21.985       
 86.359	106.707	-23.070       
 85.390	107.254	-26.664       
 84.385	109.304	-28.379       
 85.688	112.574	-26.897       
 82.310	114.232	-27.756       
 78.975	113.630	-29.603       
 76.364	115.764	-31.371       
 73.009	113.952	-31.438       
 69.236	114.806	-31.723       
 66.239	114.832	-29.373       
 65.012	111.259	-29.722       
 68.023	109.401	-31.056       
 69.783	106.407	-29.525       
 73.309	107.185	-28.342       
 76.178	104.970	-27.322       
 79.232	105.915	-25.259       
 82.152	103.474	-25.060       
 84.484	102.694	-22.129       
 87.684	100.557	-22.308       
 89.771	 99.283	-19.378       
 93.349	 98.181	-20.031       
 92.640	 95.181	-17.749       
 89.828	 92.718	-17.150       
 87.518	 93.865	-14.354       
 84.388	 91.850	-14.994       
 81.453	 94.144	-14.302       
 83.194	 96.441	-11.824       
 82.125	 99.639	-13.562       
 80.061	102.762	-12.734       
 78.590	105.479	-15.019       
 77.941	109.066	-13.922       
 76.285	112.130	-15.480       
 77.548	115.601	-14.678       
 76.294	119.037	-15.614       
 78.948	121.757	-15.145       
 78.710	123.421	-11.732       
 77.044	120.305	-10.288       
 78.050	117.106	 -8.483       
 78.140	113.951	-10.522       
 74.998	111.832	-10.485       
 75.226	108.076	-10.571       
 73.316	106.519	-13.439       
 74.529	102.932	-13.652       
 76.275	100.514	-11.293       
 78.101	 97.169	-11.771       
 78.053	 97.702	-15.537       
 74.369	 97.037	-16.087       
 72.214	 98.096	-13.125       
 70.241	101.294	-13.201       
 70.225	103.330	 -9.974       
 66.885	104.165	 -8.355       
 65.449	107.333	 -9.841       
 67.423	107.024	-13.059       
 65.070	107.140	-16.080       
 64.280	104.237	-18.391       
 66.375	105.323	-21.350       
 69.721	104.930	-19.553       
 71.101	101.432	-19.984       
 74.489	 99.780	-19.465       
 76.114	 96.804	-21.142       
 79.432	 94.973	-20.855       
 81.705	 92.663	-18.916       
 85.461	 92.193	-18.906       
 86.956	 95.180	-20.764       
 84.471	 96.947	-23.088       
 81.482	 98.757	-21.634       
 78.617	100.819	-23.008       
 76.373	103.523	-21.741       
 73.373	103.892	-24.077       
 70.538	106.425	-24.138       
 67.383	105.342	-25.937       
 65.727	108.556	-27.273       
 67.928	111.282	-25.857       
 66.294	114.409	-24.386       
 67.506	118.010	-24.049       
 68.243	117.487	-20.343       
 70.834	114.849	-21.259       
 73.254	117.430	-22.607       
 76.033	116.729	-20.093       
 79.320	114.936	-19.500       
 79.422	111.221	-18.873       
 82.144	109.418	-16.963       
 82.861	105.746	-16.334       
 84.594	104.564	-13.169       
 86.320	101.325	-12.152       
 84.626	100.318	 -8.945       
 85.526	 97.397	 -6.648       
 89.322	 97.557	 -6.373       
 91.659	100.484	 -5.788       
 92.304	102.833	 -7.542       
 88.728	103.735	 -8.544       
 89.885	105.491	-11.715       
 87.743	107.817	-13.830       
 87.518	107.934	-17.621       
 88.296	111.371	-19.088       
 84.573	111.617	-19.870       
 82.493	111.926	-23.026       
 80.708	115.166	-23.941       
 77.125	114.926	-25.153       
 76.051	117.926	-27.229       
 72.609	118.384	-28.754       
 71.273	119.307	-32.171       
 68.200	121.517	-32.509       
 66.805	123.815	-35.252       
 68.431	127.218	-35.877       
 67.531	129.864	-33.302       
 68.081	133.616	-33.735       
 69.622	135.388	-30.684       
 67.785	137.917	-28.531       
 70.300	140.764	-28.093       
 70.134	143.429	-25.402       
 72.568	146.229	-24.667       
 73.152	148.046	-21.374       
 74.925	151.321	-20.584       
 76.958	151.611	-17.376       
 74.861	151.982	-14.236       
 74.655	155.327	-12.488       
 76.264	153.571	 -9.514       
 79.354	152.456	-11.476       
 79.796	155.905	-12.977       
 80.186	157.511	 -9.545       
 83.169	155.214	 -8.819       
 84.777	156.301	-12.138       
 84.202	152.977	-13.898       
 82.298	152.189	-17.053       
 81.263	148.839	-18.337       
 79.056	148.404	-21.343       
 77.314	145.044	-21.451       
 75.640	143.240	-24.326       
 73.636	140.033	-23.886       
 73.133	137.644	-26.841       
 70.625	135.035	-25.694       
 69.221	131.677	-26.774       
 70.786	131.039	-30.173       
 71.752	127.981	-32.212       
 74.250	126.941	-33.595       
 77.076	127.837	-31.151       
 78.992	129.556	-33.937       
 78.592	133.320	-33.551       
 80.519	136.585	-33.676       
 79.774	139.581	-31.447       
 81.502	142.938	-31.982       
 81.648	146.413	-30.446       
 81.559	149.805	-32.168       
 82.261	153.132	-30.488       
 80.893	155.844	-32.813       
 80.640	153.471	-35.842       
 84.218	152.191	-35.434       
 85.270	148.702	-34.324       
 86.514	148.303	-30.773       
 88.652	145.344	-29.757       
 90.506	146.503	-26.625       
 88.881	145.798	-23.288       
 86.213	143.396	-24.477       
 85.589	139.982	-22.899       
 83.222	137.230	-24.062       
 81.728	134.368	-22.130       
 79.363	131.640	-23.413       
 76.973	129.436	-21.390       
 76.778	125.635	-21.506       
 73.972	124.310	-23.722       
 70.561	124.964	-22.156       
 68.748	122.041	-20.544       
 65.319	122.793	-21.955       
 65.695	124.466	-25.312       
 69.242	123.362	-26.224       
 70.272	126.921	-27.082       
 73.452	128.909	-26.328       
 73.859	132.418	-24.833       
 76.706	134.945	-24.414       
 77.488	138.112	-22.550       
 80.110	140.508	-23.719       
 81.461	143.378	-21.687       
 83.318	146.429	-22.999       
 85.139	147.896	-20.036       
 86.273	151.520	-20.025       
 87.227	154.370	-17.713       
 84.485	156.979	-17.018       
 86.738	159.532	-18.739       
 87.030	157.346	-21.830       
 83.312	156.496	-21.739       
 82.300	160.149	-21.817       
 84.534	160.745	-24.824       
 82.178	159.054	-27.309       
 78.422	158.925	-27.938       
 77.231	155.900	-29.901       
 77.909	152.464	-28.492       
 76.947	149.427	-30.568       
 77.217	145.691	-30.302       
 76.850	144.013	-33.670       
 75.856	140.341	-33.868       
 76.446	137.991	-36.836       
 74.803	134.551	-36.988       
 73.506	131.961	-39.541       
 69.940	133.044	-38.766       
 70.126	136.418	-40.507       
 72.209	137.614	-43.464       
 72.182	141.185	-42.142       
 73.782	141.467	-38.690       
 71.668	142.231	-35.621       
 72.457	145.701	-34.307       
 71.657	147.045	-30.875       
 73.003	150.348	-29.604       
 72.479	153.269	-27.259       
 73.462	156.903	-27.487       
 75.109	158.411	-24.366       
BRIEF 2ARJ H 212              
 69.149	111.766	  5.322       
 72.516	110.948	  3.656       
 74.491	114.206	  3.198       
 78.054	115.532	  3.035       
 79.324	119.132	  3.035       
 82.890	120.104	  2.112       
 84.419	123.118	  3.839       
 87.785	124.855	  3.955       
 89.698	128.006	  2.971       
 88.888	128.636	 -0.706       
 92.233	130.281	 -1.435       
 95.617	128.690	 -0.705       
 98.979	130.449	 -1.150       
101.274	128.176	 -3.278       
103.565	125.670	 -1.462       
101.186	125.833	  1.543       
 98.974	122.913	  2.530       
 95.319	122.615	  1.600       
 92.990	121.639	  4.446       
 89.408	120.570	  3.867       
 86.783	119.183	  6.191       
 83.824	117.066	  5.169       
 80.968	116.890	  7.668       
 78.728	113.917	  7.172       
 75.156	112.948	  8.126       
 72.934	109.922	  7.651       
 75.510	107.143	  8.050       
 78.401	106.047	 10.244       
 82.091	106.559	  9.482       
 82.683	103.369	 11.529       
 81.303	100.954	  8.917       
 81.580	102.962	  5.677       
 84.268	104.941	  3.818       
 84.585	108.545	  2.696       
 86.556	109.499	 -0.399       
 87.825	112.677	 -1.988       
 87.314	113.257	 -5.703       
 88.519	116.487	 -7.294       
 87.894	118.176	-10.610       
 90.011	120.983	-12.177       
 88.045	123.570	-14.249       
 87.236	122.113	-17.700       
 88.903	118.868	-16.685       
 87.566	115.449	-15.697       
 86.969	113.830	-12.302       
 89.847	112.314	-10.290       
 89.669	109.857	 -7.401       
 92.254	110.961	 -4.852       
 91.885	108.584	 -1.902       
 89.651	107.528	  0.960       
 89.448	106.396	  4.550       
 87.714	103.183	  5.642       
 85.480	102.096	  8.486       
 88.421	100.782	 10.494       
 90.765	103.702	  9.744       
 92.724	102.255	  6.813       
 93.645	104.887	  4.242       
 93.909	104.450	  0.512       
 95.495	106.963	 -1.864       
 96.149	107.103	 -5.563       
 99.789	106.800	 -6.571       
 99.830	110.157	 -8.381       
 99.255	111.903	 -5.040       
100.420	109.344	 -2.434       
103.466	111.417	 -1.385       
101.619	114.665	 -0.674       
 98.178	113.599	  0.560       
 96.826	112.833	  4.020       
 93.254	111.731	  4.871       
 91.981	111.346	  8.431       
 88.796	111.566	 10.450       
 87.199	112.557	 13.731       
 84.485	109.940	 14.222       
 83.135	111.792	 17.291       
 82.127	114.760	 15.118       
 81.296	112.973	 11.865       
 84.205	114.618	 10.125       
 86.681	113.506	  7.511       
 89.654	115.682	  6.602       
 91.875	116.194	  3.593       
 95.401	117.641	  3.853       
 97.448	118.246	  0.730       
101.039	119.480	  0.563       
102.830	122.111	 -1.521       
 99.919	123.270	 -3.696       
100.448	124.569	 -7.225       
 98.386	125.895	-10.158       
 97.511	122.382	-11.360       
 95.797	121.822	 -7.964       
 93.111	124.440	 -8.436       
 89.903	122.404	 -8.552       
 86.575	121.511	 -6.991       
 86.956	118.998	 -4.181       
 84.097	116.593	 -3.549       
 83.766	114.166	 -0.686       
 81.658	111.159	 -1.557       
 81.159	108.002	  0.504       
 80.776	104.284	 -0.073       
 77.903	103.147	  2.127       
 77.079	 99.453	  1.919       
 78.092	 99.429	 -1.733       
 81.069	 99.945	 -4.008       
 79.640	102.768	 -6.096       
 79.422	106.478	 -5.358       
 75.677	107.179	 -5.244       
 75.840	110.181	 -2.880       
 78.022	113.298	 -3.399       
 78.790	116.472	 -1.498       
 78.148	119.661	 -3.449       
 81.904	120.492	 -3.729       
 84.194	123.414	 -2.745       
 86.456	125.433	 -5.041       
 90.044	125.801	 -3.905       
 92.202	128.251	 -5.855       
 95.978	127.965	 -5.490       
 97.164	131.510	 -6.157       
 99.234	134.182	 -4.432       
 96.651	136.930	 -5.122       
 94.571	138.383	 -2.278       
 90.805	137.942	 -1.947       
 88.789	140.764	 -3.487       
 85.072	141.359	 -2.962       
 82.810	141.955	 -5.988       
 81.162	145.169	 -7.050       
 77.575	144.513	 -8.076       
 75.739	146.659	-10.611       
 72.174	146.642	-12.018       
 71.610	146.321	-15.740       
 68.459	148.022	-16.942       
 67.535	149.159	-20.505       
 69.626	152.239	-21.291       
 66.122	154.439	-22.556       
 63.849	151.377	-22.821       
 58.764	145.330	-25.974       
 56.519	143.435	-23.455       
 59.320	141.136	-22.299       
 62.527	142.872	-21.210       
 65.900	141.337	-20.500       
 67.428	142.631	-17.277       
 70.817	141.738	-15.784       
 73.394	141.820	-13.054       
 76.998	142.827	-13.472       
 79.300	141.264	-10.899       
 82.710	142.803	-11.311       
 86.227	142.619	 -9.927       
 86.269	139.615	 -7.600       
 88.789	136.976	 -6.525       
 88.651	133.926	 -6.251       
 85.794	131.992	 -7.899       
 82.884	131.088	 -7.191       
 80.254	133.708	 -6.869       
 76.601	132.783	 -6.543       
 73.788	134.754	 -8.134       
 70.032	134.202	 -7.772       
 67.034	136.355	 -8.713       
 64.246	137.327	 -6.306       
 65.805	134.946	 -3.758       
 65.385	131.952	 -6.110       
 61.754	132.653	 -7.112       
 63.116	133.960	-10.407       
 64.942	130.918	-11.738       
 62.746	130.596	-14.801       
 64.496	132.441	-17.613       
 67.900	132.999	-15.879       
 71.252	132.803	-17.759       
 74.295	133.295	-15.560       
 77.517	133.351	-17.600       
 80.928	131.730	-17.000       
 83.205	134.233	-15.277       
 86.186	135.526	-17.162       
 89.595	136.198	-15.564       
 91.437	139.459	-16.287       
 94.497	140.834	-14.480       
 93.860	138.512	-11.541       
 90.227	139.608	-11.201       
 86.930	138.059	-12.256       
 83.876	139.533	-13.969       
 80.561	137.683	-14.249       
 77.125	138.591	-15.557       
 73.609	137.210	-15.191       
 70.425	137.872	-17.173       
 66.713	137.347	-16.577       
 63.599	138.203	-18.545       
 60.268	139.621	-17.274       
 56.887	140.746	-18.566       
 55.842	142.256	-15.283       
 58.893	144.584	-14.932       
 58.905	147.871	-13.344       
 55.611	147.022	-11.521       
 56.875	143.680	-10.218       
 60.362	144.033	 -8.748       
 63.352	142.052	 -9.961       
 66.403	141.821	 -7.722       
 69.610	139.876	 -8.128       
 71.132	138.308	 -5.043       
 74.889	137.753	 -5.113       
 77.136	135.973	 -2.627       
 80.941	135.718	 -2.643       
 81.878	133.697	  0.459       
 85.594	134.035	 -0.189       
 85.167	137.706	  0.811       
 82.067	137.172	  2.919       
 80.057	139.341	  0.571       
 76.305	139.091	  0.439       
 74.495	141.766	 -1.580       
 71.088	142.259	 -3.174       
 70.740	144.782	 -6.024       
 67.387	145.906	 -7.377       
 67.370	146.857	-11.125       
 65.179	149.730	-11.577       
 64.778	152.071	-14.551       
 66.337	154.889	-15.820       
BRIEF 2ARJ A 211              
 86.389	 56.924	 29.411       
 82.590	 56.584	 28.694       
 81.059	 53.841	 30.776       
 77.714	 52.664	 29.452       
 75.252	 51.691	 32.168       
 72.009	 49.875	 31.423       
 69.210	 49.596	 33.948       
 67.612	 47.457	 34.989       
 69.468	 44.158	 34.556       
 66.266	 42.367	 33.467       
 62.478	 42.843	 33.200       
 59.398	 40.640	 33.315       
 56.417	 42.190	 31.412       
 53.142	 41.090	 29.712       
 51.891	 40.880	 26.131       
 50.590	 44.408	 25.592       
 52.233	 46.510	 28.258       
 54.610	 49.445	 27.888       
 58.243	 48.888	 28.868       
 61.084	 51.294	 29.292       
 64.776	 50.442	 29.325       
 67.300	 53.013	 30.631       
 70.855	 53.787	 29.498       
 73.277	 56.214	 31.129       
 76.580	 57.500	 29.734       
 79.369	 58.657	 32.088       
 79.796	 61.717	 29.823       
 77.661	 63.856	 27.564       
 77.325	 62.585	 24.028       
 74.292	 64.472	 22.778       
 72.331	 61.983	 20.695       
 75.150	 59.678	 19.664       
 73.425	 56.482	 20.753       
 72.157	 53.292	 19.049       
 69.792	 50.594	 20.339       
 70.057	 46.931	 19.352       
 67.984	 43.812	 19.909       
 69.515	 40.350	 20.115       
 67.997	 36.890	 20.416       
 70.696	 34.422	 21.533       
 72.307	 32.562	 18.616       
 71.622	 35.480	 16.292       
 73.384	 38.664	 15.254       
 72.168	 41.924	 16.838       
 69.483	 43.821	 14.992       
 69.517	 47.613	 14.947       
 66.355	 49.152	 16.290       
 67.046	 52.837	 16.843       
 69.801	 55.212	 15.806       
 70.944	 58.665	 16.880       
 68.880	 58.206	 20.064       
 65.446	 58.764	 18.543       
 65.349	 57.422	 14.983       
 63.758	 54.145	 14.099       
 65.583	 52.024	 11.502       
 63.697	 50.936	  8.368       
 61.751	 47.738	  9.036       
 61.568	 48.298	 12.787       
 57.901	 48.172	 13.980       
 55.866	 51.127	 15.348       
 56.066	 50.269	 19.021       
 59.825	 50.795	 19.379       
 60.633	 54.352	 20.356       
 63.764	 56.120	 21.614       
 64.142	 59.263	 23.748       
 67.003	 61.301	 25.213       
 69.934	 63.626	 24.618       
 73.078	 64.275	 26.648       
 73.388	 61.381	 29.133       
 70.050	 59.627	 29.909       
 68.487	 57.580	 27.144       
 65.374	 55.485	 26.852       
 64.263	 52.561	 24.733       
 60.492	 52.108	 25.055       
 58.118	 49.408	 23.825       
 54.388	 50.345	 23.495       
 52.445	 47.071	 23.889       
 55.177	 44.411	 23.944       
 54.696	 41.105	 22.129       
 56.031	 37.620	 22.567       
 58.635	 38.192	 19.831       
 60.207	 40.978	 21.877       
 61.598	 38.459	 24.392       
 65.299	 39.270	 23.857       
 68.342	 41.205	 25.062       
 68.600	 44.943	 24.363       
 71.900	 46.849	 24.172       
 72.686	 50.594	 23.816       
 75.851	 51.791	 22.122       
 77.825	 55.063	 21.923       
 78.042	 55.850	 18.259       
 79.965	 58.725	 16.676       
 83.289	 58.799	 18.546       
 85.704	 56.027	 19.461       
 85.275	 53.800	 21.472       
 81.819	 52.658	 20.386       
 81.149	 51.026	 23.779       
 78.171	 48.756	 24.442       
 76.026	 48.632	 27.552       
 75.908	 45.256	 29.275       
 72.338	 44.888	 28.028       
 68.892	 44.532	 29.597       
 67.007	 41.184	 29.539       
 63.336	 41.300	 28.533       
 61.443	 38.310	 29.909       
 57.765	 37.721	 29.195       
 54.805	 36.844	 31.389       
 52.110	 34.510	 30.104       
 49.518	 32.132	 31.403       
 50.708	 28.927	 33.059       
 51.531	 26.191	 30.589       
 51.915	 22.513	 31.467       
 54.972	 20.758	 30.000       
 54.759	 17.925	 27.472       
 57.203	 15.269	 28.594       
 58.735	 12.541	 26.460       
 61.270	  9.915	 27.504       
 63.626	  7.998	 25.177       
 65.632	  4.869	 25.815       
 69.123	  4.456	 24.339       
 69.134	  3.855	 20.597       
 70.169	  0.404	 19.288       
 73.058	  2.191	 17.560       
 74.420	  3.665	 20.827       
 74.130	  0.346	 22.607       
 76.433	 -1.424	 20.095       
 79.173	  1.092	 20.963       
 78.683	  0.222	 24.696       
 77.080	  3.561	 25.625       
 73.732	  4.294	 27.221       
 72.033	  7.632	 27.266       
 68.503	  8.075	 28.513       
 66.891	 11.298	 27.322       
 63.862	 13.124	 28.596       
 62.350	 16.205	 26.902       
 60.233	 18.623	 28.882       
 58.614	 20.963	 26.385       
 56.755	 24.280	 26.292       
 56.061	 25.130	 29.939       
 55.595	 28.332	 31.904       
 56.825	 29.559	 34.335       
 60.572	 28.781	 34.122       
 60.576	 27.338	 37.641       
 60.595	 23.512	 37.293       
 62.281	 20.443	 38.710       
 63.096	 17.352	 36.575       
 64.349	 14.172	 38.221       
 65.429	 10.647	 37.304       
 64.511	  7.327	 38.923       
 66.153	  3.942	 38.275       
 63.756	  1.234	 39.578       
 61.765	  3.671	 41.693       
 64.799	  5.310	 43.291       
 66.230	  8.761	 42.731       
 69.258	  9.065	 40.439       
 71.568	 12.066	 40.686       
 74.906	 10.906	 39.216       
 75.403	 11.326	 35.446       
 72.450	 13.636	 34.759       
 72.691	 16.993	 32.985       
 69.948	 19.587	 32.396       
 69.764	 22.189	 29.628       
 67.026	 24.871	 29.180       
 66.068	 26.858	 26.088       
 65.681	 30.604	 25.868       
 62.083	 31.841	 25.902       
 60.135	 30.857	 22.771       
 59.488	 33.653	 20.284       
 55.873	 32.693	 19.528       
 54.325	 31.166	 22.625       
 56.656	 32.570	 25.342       
 57.202	 29.149	 26.917       
 60.360	 27.298	 28.033       
 61.664	 23.803	 27.227       
 64.336	 21.476	 28.724       
 66.219	 18.332	 27.872       
 67.827	 16.156	 30.491       
 70.161	 13.242	 29.829       
 71.003	 10.358	 32.150       
 74.278	  8.984	 30.909       
 75.300	  5.420	 31.760       
 77.488	  2.535	 30.497       
 75.718	 -0.272	 28.581       
 76.751	 -2.544	 31.405       
 75.140	 -0.258	 33.988       
 72.098	  0.245	 31.776       
 71.249	 -3.420	 31.574       
 71.474	 -3.781	 35.347       
 68.105	 -2.076	 35.989       
 64.587	 -2.189	 34.511       
 62.443	  0.849	 35.043       
 63.687	  4.258	 33.988       
 61.640	  7.324	 34.981       
 61.872	 11.080	 34.590       
 59.627	 12.802	 37.094       
 58.497	 16.386	 36.455       
 57.237	 18.806	 39.113       
 55.625	 22.107	 38.081       
 53.017	 24.732	 39.255       
 50.584	 23.441	 36.625       
 49.869	 20.159	 38.424       
 49.971	 19.178	 42.108       
 50.809	 15.556	 41.286       
 54.120	 15.269	 39.350       
 54.142	 14.201	 35.698       
 55.699	 10.754	 35.427       
 57.010	  9.252	 32.197       
 58.951	  6.003	 32.082       
 59.879	  2.879	 30.116       
 60.786	 -0.645	 31.159       
 63.908	 -2.139	 29.573       
BRIEF 2ARJ B 212              
 73.019	 42.842	 -1.440       
 74.961	 43.957	  1.693       
 76.625	 40.896	  3.338       
 79.521	 39.780	  5.574       
 80.822	 36.277	  6.481       
 83.377	 35.677	  9.233       
 85.823	 32.839	  8.596       
 88.767	 31.236	 10.457       
 90.020	 28.339	 12.630       
 87.339	 27.692	 15.231       
 89.829	 26.328	 17.749       
 93.005	 28.125	 18.822       
 95.605	 26.666	 21.165       
 96.313	 29.108	 24.040       
 99.038	 31.795	 23.598       
 98.745	 31.327	 19.817       
 97.245	 34.033	 17.594       
 93.657	 34.142	 16.421       
 93.218	 34.857	 12.697       
 89.836	 35.611	 11.156       
 88.812	 36.934	  7.770       
 85.603	 38.801	  6.972       
 84.522	 38.520	  3.329       
 82.262	 41.384	  2.312       
 79.800	 42.092	 -0.513       
 77.446	 44.897	 -1.491       
 79.700	 47.870	 -0.684       
 83.288	 49.073	 -0.968       
 86.023	 48.894	  1.647       
 87.497	 52.087	  0.102       
 84.796	 54.463	  1.368       
 83.384	 52.596	  4.401       
 84.648	 50.832	  7.515       
 84.514	 47.305	  8.855       
 84.620	 46.538	 12.601       
 84.857	 43.464	 14.761       
 82.538	 43.067	 17.721       
 82.806	 39.945	 19.905       
 80.560	 38.257	 22.481       
 81.672	 35.681	 25.094       
 79.018	 33.040	 25.908       
 76.363	 34.450	 28.228       
 78.167	 37.783	 28.121       
 77.396	 41.075	 26.361       
 78.635	 42.608	 23.085       
 82.033	 44.260	 22.894       
 83.411	 46.568	 20.210       
 87.026	 45.677	 19.482       
 88.197	 47.938	 16.671       
 87.824	 48.767	 13.009       
 89.496	 49.752	  9.750       
 88.470	 52.840	  7.754       
 88.096	 53.607	  4.050       
 91.559	 55.140	  3.881       
 93.221	 52.386	  5.945       
 93.260	 54.077	  9.360       
 92.743	 51.597	 12.175       
 90.927	 52.109	 15.458       
 91.195	 49.799	 18.449       
 89.708	 49.778	 21.942       
 92.103	 50.404	 24.875       
 91.352	 47.033	 26.405       
 92.829	 45.215	 23.397       
 95.085	 47.812	 21.748       
 98.292	 45.945	 22.711       
 97.283	 42.574	 21.209       
 94.950	 43.388	 18.304       
 95.695	 44.014	 14.641       
 93.161	 44.747	 11.872       
 94.010	 44.967	  8.178       
 92.441	 44.437	  4.768       
 92.885	 43.285	  1.175       
 90.686	 45.658	 -0.785       
 91.257	 43.702	 -4.024       
 89.491	 40.635	 -2.552       
 86.886	 42.350	 -0.361       
 88.483	 41.004	  2.820       
 89.093	 42.416	  6.263       
 91.337	 40.577	  8.683       
 91.627	 40.268	 12.457       
 94.751	 39.088	 14.264       
 94.718	 38.706	 18.042       
 97.718	 37.622	 20.133       
 98.262	 35.211	 23.013       
 94.685	 33.923	 23.288       
 93.285	 32.745	 26.629       
 90.054	 31.238	 28.033       
 88.486	 34.693	 28.468       
 88.829	 35.097	 24.675       
 86.432	 32.358	 23.708       
 83.550	 34.148	 22.065       
 81.649	 34.691	 18.897       
 83.277	 37.196	 16.586       
 81.113	 39.377	 14.337       
 82.274	 41.669	 11.601       
 79.937	 44.612	 11.040       
 80.427	 47.663	  8.813       
 79.644	 51.356	  8.906       
 78.334	 52.175	  5.442       
 77.392	 55.816	  4.926       
 76.203	 55.938	  8.525       
 77.480	 55.836	 12.098       
 75.291	 52.911	 13.225       
 75.716	 49.151	 12.798       
 72.732	 48.238	 10.626       
 74.326	 45.190	  8.948       
 76.010	 42.266	 10.769       
 77.834	 39.066	  9.782       
 76.463	 35.789	 11.190       
 79.445	 35.329	 13.595       
 81.976	 32.525	 14.147       
 82.832	 30.835	 17.421       
 86.483	 30.672	 18.356       
 87.336	 28.439	 21.332       
 90.687	 28.947	 22.929       
 91.557	 25.486	 24.252       
 94.310	 22.855	 24.200       
 91.903	 19.930	 23.581       
 91.740	 18.063	 20.268       
 88.841	 18.262	 17.864       
 86.450	 15.353	 18.305       
 83.668	 14.344	 15.881       
 80.151	 13.839	 17.281       
 78.260	 10.572	 17.578       
 74.678	 11.013	 16.376       
 71.806	  8.835	 17.630       
 68.067	  8.772	 16.867       
 65.560	  9.082	 19.696       
 62.324	  7.197	 19.101       
 59.576	  6.237	 21.622       
 60.995	  3.272	 22.934       
 59.609	  0.447	 24.794       
 55.900	  0.534	 25.697       
 49.200	  9.496	 21.235       
 48.797	 10.765	 17.653       
 51.525	 13.380	 18.050       
 54.903	 11.990	 18.889       
 58.012	 13.798	 20.058       
 61.098	 12.479	 18.313       
 64.699	 13.560	 18.868       
 68.394	 13.644	 17.987       
 71.187	 12.905	 20.392       
 74.460	 14.583	 19.311       
 77.143	 13.208	 21.656       
 80.833	 13.698	 22.461       
 82.048	 16.498	 20.232       
 84.585	 19.264	 20.610       
 84.542	 22.527	 19.708       
 81.197	 24.169	 19.776       
 79.177	 24.866	 16.811       
 77.186	 21.901	 15.924       
 74.404	 22.393	 13.388       
 71.119	 20.480	 13.489       
 68.134	 20.647	 11.144       
 65.156	 18.386	 10.503       
 64.223	 17.058	  7.070       
 66.819	 19.427	  5.592       
 64.999	 22.466	  7.047       
 61.457	 21.520	  6.012       
 60.821	 20.542	  9.628       
 61.558	 23.750	 11.530       
 58.025	 24.237	 12.879       
 58.020	 22.456	 16.221       
 61.826	 22.044	 16.661       
 63.598	 22.514	 19.994       
 67.349	 22.329	 19.917       
 68.988	 22.570	 23.343       
 72.081	 24.348	 24.639       
 75.046	 21.965	 24.566       
 76.474	 20.934	 27.895       
 80.218	 20.502	 28.531       
 81.533	 17.420	 30.316       
 85.149	 16.232	 30.577       
 86.140	 18.443	 27.637       
 83.320	 17.029	 25.531       
 79.945	 18.422	 24.416       
 76.561	 16.742	 24.171       
 73.511	 18.388	 22.640       
 69.975	 17.236	 21.864       
 67.139	 18.341	 19.595       
 63.432	 17.545	 19.586       
 60.595	 17.711	 17.027       
 56.997	 16.616	 17.022       
 54.927	 14.940	 14.272       
 51.431	 13.555	 13.568       
 52.431	 11.806	 10.405       
 55.460	  9.730	 11.580       
 56.483	  6.517	 10.876       
 54.636	  6.908	  7.548       
 56.132	 10.321	  6.803       
 59.889	 10.245	  7.349       
 61.610	 12.435	  9.927       
 65.351	 12.755	  9.745       
 67.762	 15.001	 11.595       
 70.713	 16.414	  9.746       
 73.745	 17.334	 11.768       
 77.005	 19.047	 10.868       
 80.111	 19.707	 12.901       
 82.502	 21.554	 10.543       
 85.266	 21.666	 13.158       
 85.692	 17.940	 12.524       
 84.337	 17.868	  8.970       
 81.344	 15.778	 10.097       
 78.139	 15.750	  8.100       
 75.529	 13.090	  9.012       
 71.805	 12.524	  8.520       
 70.051	 10.104	 10.884       
 66.549	  8.764	 10.322       
 64.408	  8.076	 13.423       
 62.943	  4.535	 12.897       
 60.453	  2.853	 15.292       
 61.487	  0.107	 17.667       
