BRIEF 2B2X A 188              
-85.029	 64.205	 51.548  0.396
-81.553	 65.564	 50.776  0.275
-78.007	 64.189	 50.915  1.341
-75.700	 66.468	 52.895  0.805
-71.918	 66.587	 52.543  0.629
-69.880	 68.690	 54.965  0.998
-66.522	 69.949	 53.709  0.652
-64.358	 70.566	 56.784  0.873
-61.208	 72.690	 56.726  1.364
-58.610	 70.888	 58.826  0.949
-55.476	 72.909	 58.002  1.365
-52.754	 73.952	 60.487  0.820
-54.585	 77.252	 61.020  1.121
-57.752	 75.638	 62.437  0.816
-57.596	 75.695	 66.245  0.393
-58.936	 74.365	 68.425  0.902
-60.282	 71.282	 66.614  1.320
-62.551	 70.699	 69.610 -0.294
-64.865	 73.612	 68.792 -0.363
-65.141	 72.467	 65.184  0.841
-66.264	 69.017	 66.316  0.441
-68.637	 70.562	 68.866 -0.961
-70.136	 72.377	 65.879  1.321
-70.676	 69.252	 63.770  0.239
-72.215	 67.639	 66.849 -0.897
-74.629	 70.448	 67.700 -0.420
-75.717	 70.438	 64.044  0.033
-75.873	 66.716	 63.197  0.498
-77.932	 65.796	 66.292 -1.992
-80.880	 67.904	 65.097 -0.523
-81.260	 65.808	 61.937  0.802
-83.284	 62.677	 61.145 -0.465
-80.832	 60.485	 59.237  0.723
-81.722	 57.358	 57.295  0.186
-81.721	 55.717	 53.831 -0.755
-85.142	 57.324	 53.298 -1.820
-84.561	 60.468	 55.370 -1.948
-81.490	 62.691	 55.171  0.631
-77.987	 61.323	 54.634  0.544
-74.751	 63.046	 55.583  0.541
-71.154	 62.622	 54.483  0.092
-68.110	 64.492	 55.794  0.629
-64.959	 65.445	 53.898  0.551
-61.893	 66.997	 55.533  1.206
-59.285	 68.970	 53.625  0.988
-55.948	 70.708	 54.135  1.191
-52.959	 70.092	 51.845  0.199
-55.011	 67.149	 50.650 -1.911
-58.588	 65.838	 50.849  0.139
-59.917	 62.810	 52.691 -0.510
-63.371	 61.243	 53.055 -0.331
-64.181	 60.806	 56.754  1.028
-67.173	 58.611	 55.847  0.266
-69.532	 58.297	 52.874 -0.521
-73.115	 59.524	 52.496  1.088
-74.444	 56.063	 53.379 -0.551
-71.901	 54.504	 55.747 -1.986
-74.291	 55.310	 58.590 -0.885
-78.078	 55.044	 58.383 -1.991
-78.747	 56.257	 61.928 -0.468
-78.583	 59.767	 63.380 -0.287
-76.852	 58.402	 66.460 -1.992
-74.354	 56.362	 64.435 -1.983
-73.434	 59.655	 62.757 -0.255
-73.001	 61.516	 66.040 -0.708
-70.550	 58.912	 67.332 -1.992
-68.525	 58.723	 64.121  0.804
-68.469	 62.520	 63.858  0.681
-67.051	 63.103	 67.349 -1.816
-64.385	 60.611	 66.237 -0.875
-63.047	 62.786	 63.401  0.646
-59.389	 63.748	 63.826 -1.969
-57.754	 66.901	 62.474  0.845
-55.375	 65.953	 59.665 -0.731
-53.647	 69.322	 59.515 -0.205
-52.202	 70.902	 56.394  0.694
-49.568	 73.430	 55.337  0.299
-52.169	 74.813	 52.908  0.035
-55.889	 75.500	 52.776  1.364
-56.902	 73.974	 49.446 -0.354
-60.607	 74.888	 49.621  1.364
-61.112	 74.603	 45.861  1.251
-59.629	 71.089	 45.914 -0.763
-61.851	 70.192	 48.845  1.327
-65.066	 71.392	 47.248  0.886
-64.337	 69.940	 43.815 -0.743
-63.519	 66.615	 45.498 -0.688
-66.776	 66.584	 47.418  0.292
-68.618	 67.412	 44.188 -0.450
-67.216	 64.710	 41.937 -0.846
-66.369	 62.106	 44.568 -0.536
-68.619	 62.419	 47.630  0.220
-71.798	 63.191	 45.685  1.032
-71.564	 60.016	 43.595 -0.231
-73.840	 56.973	 43.603 -1.984
-70.757	 54.899	 44.371 -1.634
-70.380	 56.665	 47.737 -0.570
-74.057	 56.679	 48.675  0.948
-75.507	 59.630	 46.790  0.434
-79.172	 58.876	 46.153  1.256
-80.395	 59.333	 42.584 -1.936
-82.813	 62.257	 42.332 -1.857
-82.239	 63.592	 45.861  0.548
-81.131	 67.198	 46.520 -0.016
-77.362	 67.729	 46.899  0.811
-76.244	 70.025	 49.720  0.690
-72.657	 71.078	 50.488  0.234
-71.537	 72.760	 53.717  0.673
-68.090	 74.396	 53.581  0.782
-66.384	 75.705	 56.743  0.675
-63.106	 77.620	 56.507  1.365
-60.972	 80.167	 58.380  1.285
-58.764	 81.476	 55.614  1.207
-58.346	 82.355	 51.956  0.318
-57.494	 79.297	 49.891  1.155
-54.074	 78.795	 48.346  0.430
-55.823	 77.401	 45.262  1.355
-58.357	 80.205	 44.804 -1.213
-57.389	 80.370	 41.120 -0.618
-59.647	 77.427	 40.290 -0.726
-62.384	 78.307	 42.764  0.923
-64.521	 80.019	 40.115 -1.992
-64.424	 76.936	 37.898 -1.272
-65.113	 74.654	 40.866  0.009
-68.095	 76.686	 42.034  0.994
-69.584	 76.892	 38.544 -1.979
-69.383	 73.079	 38.322 -0.957
-71.323	 72.868	 41.588  0.849
-74.136	 74.971	 40.114  0.272
-74.045	 72.821	 36.970 -1.988
-74.702	 69.805	 39.204 -1.127
-77.325	 71.792	 41.105  0.426
-75.767	 71.646	 44.565  0.690
-76.936	 74.079	 47.228  0.156
-73.918	 75.604	 48.933  0.324
-73.713	 76.995	 52.452  0.555
-70.408	 78.612	 53.406  0.976
-69.238	 79.523	 56.912  0.727
-66.260	 81.815	 57.456  1.350
-64.315	 81.963	 60.715  0.968
-62.712	 85.420	 61.016  0.817
-60.398	 84.644	 63.947 -0.255
-56.928	 84.763	 62.374 -0.104
-57.713	 87.992	 60.530  0.418
-58.794	 89.815	 63.687  0.028
-55.944	 92.859	 58.861 -0.556
-59.046	 93.452	 56.775  0.017
-61.315	 90.438	 56.375 -1.478
-62.912	 91.987	 53.291 -1.973
-61.322	 89.975	 50.482 -1.528
-61.646	 86.878	 52.663  0.468
-65.387	 87.560	 53.040 -1.992
-65.984	 88.058	 49.305 -1.781
-64.241	 84.749	 48.586  1.130
-66.313	 82.676	 51.016  1.334
-69.506	 84.392	 49.906 -0.608
-68.752	 83.586	 46.274 -1.803
-68.913	 79.966	 47.435  0.963
-72.445	 80.220	 48.829  1.098
-75.484	 79.990	 46.559  0.992
-77.655	 83.025	 45.760 -0.658
-79.016	 84.741	 47.632  0.722
-75.824	 85.224	 49.645 -0.868
-77.754	 86.414	 52.704 -1.899
-79.490	 83.058	 53.164 -0.846
-76.458	 80.821	 52.551  0.529
-73.371	 82.623	 53.895  0.674
-72.441	 82.848	 57.572  0.178
-69.765	 84.788	 59.472 -0.142
-68.354	 83.964	 62.929  0.922
-65.724	 85.655	 65.094 -0.153
-63.824	 82.442	 65.868  0.511
-63.982	 78.653	 66.194  1.006
-65.940	 79.038	 69.443 -0.246
-68.666	 81.123	 67.817  0.014
-69.365	 78.250	 65.395  0.963
-72.077	 76.872	 67.677 -1.149
-74.061	 80.122	 67.500 -0.803
-74.969	 79.153	 63.940  0.448
-76.388	 75.621	 64.151 -0.495
-79.867	 77.080	 64.647 -0.940
-79.924	 79.517	 61.741 -0.606
-77.792	 77.160	 59.632  0.272
-80.147	 74.218	 59.998 -0.145
-83.481	 76.020	 59.842 -0.757
-82.336	 77.495	 56.528 -0.741
-81.479	 74.168	 54.950  0.701
-84.978	 73.052	 55.982  0.887
BRIEF 2B2X B 176              
 10.302	 62.320	 22.588       
  6.618	 61.379	 22.475       
  4.251	 63.737	 20.681       
  0.462	 63.909	 20.919       
 -1.453	 66.143	 18.515       
 -4.872	 67.220	 19.774       
 -7.147	 67.933	 16.795       
-10.223	 70.161	 16.835       
-12.793	 68.411	 14.647       
-15.944	 70.311	 15.615       
-18.565	 71.387	 13.042       
-16.693	 74.697	 12.968       
-13.655	 73.084	 11.286       
-13.817	 73.305	  7.475       
-12.579	 71.820	  5.231       
-11.101	 68.740	  6.910       
 -8.853	 67.967	  3.939       
 -6.837	 71.124	  4.614       
 -6.262	 69.930	  8.184       
 -5.092	 66.408	  7.365       
 -2.839	 67.987	  4.747       
 -1.249	 69.796	  7.682       
 -0.614	 66.541	  9.555       
  1.017	 65.265	  6.390       
  3.516	 68.141	  6.264       
  4.624	 67.530	  9.867       
  4.364	 63.741	 10.018       
  6.885	 63.546	  7.174       
  9.899	 65.034	  8.953       
 10.000	 54.529	 15.623       
  9.772	 52.776	 19.058       
 13.245	 54.170	 19.803       
 12.719	 57.426	 17.914       
  9.900	 59.974	 17.809       
  6.429	 58.626	 18.570       
  3.146	 60.272	 17.581       
 -0.361	 59.930	 18.953       
 -3.421	 61.688	 17.564       
 -6.527	 62.671	 19.495       
 -9.506	 64.416	 17.922       
-12.084	 66.350	 19.939       
-15.438	 68.040	 19.417       
-18.338	 67.453	 21.829       
-16.408	 64.471	 23.141       
-12.916	 63.023	 22.631       
-11.718	 59.934	 20.753       
 -8.229	 58.460	 20.273       
 -7.420	 58.183	 16.569       
 -4.405	 56.002	 17.359       
 -1.929	 55.447	 20.214       
  1.728	 56.516	 20.352       
  2.886	 52.907	 19.926       
  0.660	 51.700	 17.073       
  2.826	 52.573	 14.069       
  6.471	 52.950	 12.983       
  6.123	 56.094	  7.387       
  3.504	 53.619	  8.604       
  1.864	 56.663	 10.211       
  1.332	 58.880	  7.164       
 -1.043	 56.145	  6.031       
 -3.003	 56.198	  9.295       
 -2.975	 60.002	  9.607       
 -4.185	 60.717	  6.064       
 -7.055	 58.366	  6.924       
 -8.353	 60.368	  9.903       
-12.008	 61.384	  9.549       
-13.642	 64.474	 11.074       
-15.970	 63.430	 13.886       
-17.764	 66.767	 14.110       
-19.212	 68.247	 17.286       
-21.670	 70.889	 18.507       
-19.143	 72.305	 20.985       
-15.417	 73.036	 20.867       
-14.350	 71.377	 24.117       
-10.637	 72.199	 23.991       
-10.175	 71.847	 27.752       
-11.759	 68.367	 27.785       
 -9.560	 67.613	 24.814       
 -6.249	 68.772	 26.254       
 -7.124	 66.962	 29.464       
 -8.146	 63.595	 28.035       
 -4.816	 63.791	 26.237       
 -2.943	 64.533	 29.468       
 -4.420	 61.450	 31.137       
 -5.060	 58.796	 28.483       
 -2.805	 59.402	 25.483       
  0.228	 60.047	 27.669       
 -0.221	 56.930	 29.784       
  1.955	 53.831	 29.524       
 -1.270	 52.107	 28.474       
 -0.721	 53.738	 25.075       
  3.092	 53.838	 25.002       
  3.987	 56.947	 27.005       
  7.615	 55.849	 27.563       
  6.711	 64.962	 26.163       
  4.930	 67.247	 23.701       
  1.324	 68.111	 22.853       
  0.224	 70.028	 19.742       
 -3.155	 71.767	 19.847       
 -4.946	 72.948	 16.724       
 -8.194	 74.893	 17.139       
-10.229	 77.570	 15.334       
-12.566	 78.852	 18.029       
-13.021	 79.755	 21.677       
-13.733	 76.691	 23.801       
-17.093	 76.185	 25.513       
-15.419	 74.499	 28.513       
-13.261	 77.608	 28.858       
-13.979	 77.840	 32.592       
-11.622	 74.976	 33.375       
 -8.852	 75.613	 30.894       
 -6.835	 77.066	 33.790       
 -6.856	 73.883	 35.888       
 -6.293	 71.633	 32.884       
 -3.339	 73.738	 31.727       
 -1.568	 73.714	 35.096       
 -2.185	 69.952	 35.355       
 -0.320	 69.637	 32.063       
  2.569	 71.630	 33.538       
  2.728	 69.456	 36.649       
  3.321	 66.485	 34.352       
  5.870	 68.600	 32.453       
  4.152	 68.517	 29.063       
  5.550	 70.833	 26.377       
  2.605	 72.739	 24.889       
  2.526	 74.018	 21.304       
 -0.756	 75.641	 20.226       
 -2.075	 76.828	 16.850       
 -5.041	 79.148	 16.348       
 -7.016	 79.531	 13.132       
 -8.635	 82.976	 12.837       
-10.799	 81.919	  9.887       
-14.239	 82.476	 11.438       
-13.271	 85.891	 12.812       
-12.718	 90.581	 16.997       
-10.023	 87.974	 17.638       
 -7.935	 89.374	 20.486       
 -9.810	 87.421	 23.170       
 -9.605	 84.297	 21.018       
 -5.856	 84.754	 20.499       
 -5.132	 85.243	 24.204       
 -7.008	 82.081	 25.169       
 -4.863	 80.003	 22.849       
 -1.751	 81.834	 24.004       
 -2.481	 80.934	 27.629       
 -2.353	 77.337	 26.406       
  1.187	 77.519	 25.026       
  4.238	 76.912	 27.205       
  6.532	 79.763	 28.226       
  7.901	 81.504	 26.318       
  4.483	 82.216	 24.809       
  6.141	 83.310	 21.551       
  7.996	 80.157	 20.542       
  4.983	 77.904	 21.140       
  2.026	 79.872	 19.740       
  1.323	 80.128	 16.008       
 -1.326	 82.241	 14.275       
 -2.945	 81.400	 10.938       
 -5.451	 83.219	  8.722       
 -7.353	 80.033	  7.866       
 -7.136	 76.245	  7.481       
 -5.589	 76.256	  3.996       
 -2.687	 78.165	  5.542       
 -1.978	 75.623	  8.295       
  0.774	 74.308	  6.039       
  2.451	 77.727	  5.820       
  3.791	 77.157	  9.325       
  4.724	 73.463	  9.557       
  8.343	 74.389	  8.838       
  8.604	 76.779	 11.776       
  6.647	 74.327	 13.931       
  9.059	 71.558	 12.975       
 12.285	 73.513	 13.464       
 11.096	 74.844	 16.825       
  9.806	 71.697	 18.500       
 12.568	 69.563	 16.985       
BRIEF 2B2X H 210              
-43.341	 92.255	 72.775       
-43.361	 89.023	 70.763       
-40.051	 87.181	 70.964       
-38.343	 83.850	 70.336       
-34.978	 82.654	 71.647       
-33.029	 79.660	 70.256       
-30.709	 77.468	 72.345       
-28.625	 74.312	 72.073       
-26.257	 75.060	 69.234       
-22.632	 73.948	 69.461       
-19.988	 71.634	 67.996       
-21.111	 68.020	 67.499       
-19.464	 65.178	 65.592       
-20.805	 63.634	 62.362       
-23.248	 60.899	 63.320       
-23.929	 62.652	 66.598       
-27.159	 63.970	 68.081       
-28.121	 67.460	 69.276       
-31.330	 68.940	 70.762       
-32.342	 72.546	 70.040       
-34.959	 74.408	 72.048       
-36.823	 77.667	 71.608       
-38.507	 79.731	 74.259       
-41.372	 81.909	 73.080       
-42.880	 84.891	 74.860       
-45.186	 87.829	 74.207       
-47.950	 85.810	 72.529       
-50.258	 82.828	 73.066       
-47.762	 80.191	 71.908       
-50.118	 77.178	 71.886       
-52.342	 78.760	 69.247       
-49.554	 79.128	 66.657       
-47.969	 76.674	 64.248       
-44.188	 76.862	 64.669       
-41.222	 76.092	 62.426       
-37.432	 75.801	 62.319       
-35.530	 77.387	 59.405       
-31.788	 76.927	 58.810       
-29.102	 78.771	 56.895       
-25.837	 76.980	 56.061       
-22.765	 79.275	 56.106       
-22.723	 81.592	 53.105       
-25.993	 80.201	 51.714       
-29.739	 80.800	 51.548       
-32.619	 80.002	 53.875       
-34.173	 76.542	 54.052       
-37.363	 75.651	 55.914       
-36.851	 72.451	 57.941       
-39.850	 71.403	 60.012       
-43.204	 72.640	 61.244       
-45.689	 71.747	 63.956       
-49.220	 73.124	 64.112       
-50.960	 74.192	 67.289       
-52.757	 70.901	 66.811       
-49.589	 68.840	 67.058       
-49.359	 67.985	 63.362       
-45.798	 67.864	 62.020       
-44.283	 68.168	 58.542       
-40.681	 67.917	 57.336       
-38.168	 68.756	 54.613       
-37.110	 65.534	 52.821       
-33.439	 65.893	 53.717       
-34.296	 65.694	 57.423       
-37.427	 63.547	 57.751       
-36.456	 60.391	 59.606       
-33.589	 62.127	 61.421       
-35.038	 65.320	 62.934       
-38.147	 65.441	 65.107       
-39.947	 68.687	 65.852       
-41.977	 68.862	 69.045       
-43.495	 71.392	 71.403       
-44.298	 71.704	 75.100       
-47.047	 74.284	 75.628       
-46.723	 74.201	 79.396       
-43.321	 75.838	 79.005       
-43.976	 77.790	 75.816       
-41.020	 75.995	 74.255       
-40.354	 74.451	 70.856       
-37.803	 71.686	 70.292       
-35.839	 70.190	 67.448       
-34.320	 66.773	 68.119       
-31.574	 66.186	 65.550       
-30.157	 62.685	 65.073       
-27.612	 61.220	 62.635       
-26.219	 64.704	 62.011       
-24.160	 65.205	 58.873       
-21.683	 67.937	 57.997       
-24.332	 69.403	 55.629       
-26.545	 70.114	 58.634       
-24.035	 72.765	 59.766       
-25.837	 76.100	 59.897       
-27.561	 78.710	 62.049       
-30.941	 77.307	 63.063       
-33.781	 79.772	 63.551       
-36.917	 79.212	 65.535       
-39.785	 80.976	 63.823       
-43.485	 81.768	 64.371       
-45.895	 81.113	 61.535       
-48.970	 82.923	 60.246       
-52.029	 81.200	 58.748       
-51.175	 77.573	 58.024       
-47.598	 78.385	 59.131       
-45.918	 79.255	 55.835       
-45.217	 82.918	 56.647       
-42.416	 83.335	 59.185       
-43.780	 86.085	 61.426       
-41.094	 86.152	 64.102       
-37.447	 84.994	 64.096       
-35.063	 84.544	 66.994       
-31.405	 85.491	 66.701       
-30.528	 81.910	 65.897       
-28.231	 79.269	 67.353       
-25.080	 77.965	 65.635       
-24.836	 74.237	 64.939       
-21.461	 73.034	 63.784       
-21.185	 69.453	 62.583       
-17.588	 68.370	 62.238       
-14.882	 65.987	 63.452       
-12.352	 68.791	 63.854       
-11.142	 69.292	 67.399       
-11.889	 72.370	 69.542       
 -8.772	 74.523	 69.317       
 -7.674	 77.827	 70.854       
 -6.660	 80.772	 68.657       
 -3.093	 82.092	 68.537       
 -3.337	 85.867	 68.725       
 -0.439	 87.748	 67.122       
  0.135	 91.536	 67.219       
  0.334	 93.381	 63.878       
  2.508	 96.516	 64.021       
  4.127	 98.522	 61.171       
 -0.803	110.957	 59.081       
 -2.667	107.926	 60.412       
 -1.401	104.478	 61.340       
 -3.025	101.125	 60.746       
 -2.481	 98.327	 63.254       
 -4.116	 94.965	 63.803       
 -3.949	 91.418	 65.070       
 -4.020	 87.991	 63.471       
 -6.364	 85.519	 65.255       
 -5.117	 82.261	 63.711       
 -5.985	 78.560	 63.988       
 -9.102	 78.284	 66.152       
-12.215	 76.095	 66.076       
-15.133	 76.231	 66.156       
-16.752	 79.666	 65.724       
-17.328	 82.163	 67.292       
-14.520	 84.406	 68.497       
-14.970	 87.865	 70.046       
-12.758	 90.774	 68.959       
-12.700	 94.358	 70.247       
-10.056	 97.073	 70.612       
 -9.282	 98.908	 73.864       
-12.220	 96.956	 75.296       
-14.629	 98.392	 72.776       
-13.939	102.025	 73.577       
-12.014	102.196	 70.275       
-14.756	101.243	 67.809       
-14.144	103.668	 64.961       
-11.800	102.853	 62.090       
-12.024	 99.141	 62.887       
-12.203	 96.326	 60.323       
-12.792	 92.775	 61.568       
-12.788	 90.446	 58.583       
-14.867	 87.255	 58.319       
-13.041	 84.104	 59.341       
-11.761	 81.862	 56.579       
-11.910	 78.136	 57.191       
 -8.976	 76.042	 56.002       
 -7.965	 72.539	 57.110       
-10.404	 72.482	 60.037       
 -9.117	 75.757	 61.464       
-10.398	 79.302	 61.206       
 -8.343	 82.458	 60.904       
 -9.411	 86.076	 60.858       
 -7.748	 89.441	 61.058       
 -8.818	 92.797	 62.403       
 -7.351	 96.213	 61.715       
 -7.743	 99.512	 63.485       
 -6.671	102.920	 62.263       
 -5.913	105.764	 64.641       
 -4.175	109.120	 64.192       
 -0.383	108.669	 64.118       
 -0.127	111.027	 67.086       
 -2.128	108.519	 69.138       
  0.104	105.466	 68.778       
  2.338	104.566	 70.392       
  1.927	107.487	 72.835       
 -1.556	106.166	 73.660       
 -2.161	102.452	 74.148       
 -3.772	100.154	 71.596       
 -4.640	 96.549	 72.418       
 -6.958	 93.995	 70.786       
 -9.198	 91.940	 73.052       
 -9.885	 88.420	 71.840       
-11.977	 85.719	 73.504       
-12.818	 82.246	 72.230       
-15.487	 80.853	 74.516       
-15.297	 77.246	 73.216       
-11.781	 76.881	 74.625       
-12.352	 79.370	 77.440       
 -9.521	 81.552	 76.098       
 -9.129	 85.295	 76.868       
 -6.284	 87.505	 75.712       
 -5.484	 91.208	 75.608       
 -2.728	 91.634	 73.070       
 -1.205	 95.100	 73.288       
  0.211	 96.395	 69.999       
  3.846	 97.372	 70.569       
  5.962	 99.139	 67.933       
BRIEF 2B2X L 210              
-42.934	 71.573	 44.468       
-42.245	 75.229	 43.645       
-38.875	 76.778	 42.877       
-38.234	 80.517	 43.157       
-35.662	 82.362	 41.038       
-34.794	 85.905	 42.006       
-33.339	 88.427	 39.599       
-31.054	 90.083	 39.444       
-28.841	 87.850	 41.571       
-27.305	 91.119	 42.763       
-27.563	 94.792	 41.832       
-25.901	 98.155	 42.377       
-27.750	101.467	 42.508       
-27.440	105.069	 43.695       
-29.445	106.626	 46.518       
-32.665	108.077	 45.136       
-32.878	105.411	 42.450       
-36.069	103.438	 41.981       
-35.099	 99.751	 42.415       
-37.211	 96.695	 41.485       
-36.403	 93.073	 42.441       
-38.139	 90.153	 40.766       
-39.220	 86.706	 41.966       
-40.496	 84.154	 39.461       
-42.149	 80.921	 40.571       
-41.960	 77.669	 38.582       
-45.717	 77.305	 39.093       
-48.361	 79.904	 39.940       
-48.886	 81.022	 43.545       
-51.459	 83.490	 44.858       
-49.132	 85.325	 47.280       
-45.452	 86.063	 47.863       
-43.477	 87.023	 50.943       
-40.196	 88.859	 51.393       
-37.547	 89.165	 54.062       
-34.562	 91.455	 54.462       
-31.299	 90.079	 55.810       
-28.208	 92.106	 56.666       
-24.716	 90.609	 57.294       
-24.549	 88.468	 60.414       
-28.197	 88.930	 61.327       
-31.465	 87.017	 61.411       
-33.816	 87.536	 58.458       
-36.532	 90.145	 59.107       
-40.180	 89.978	 57.955       
-40.415	 92.657	 55.286       
-43.423	 92.175	 53.031       
-46.288	 89.703	 53.384       
-49.439	 88.795	 51.469       
-47.693	 90.208	 48.415       
-47.898	 93.921	 49.300       
-48.306	 94.516	 53.046       
-45.315	 96.070	 54.811       
-44.369	 94.455	 58.117       
-44.383	 96.854	 61.073       
-41.366	 99.161	 60.969       
-40.719	 98.759	 57.245       
-40.320	102.276	 55.812       
-42.862	103.587	 53.279       
-40.438	103.602	 50.341       
-40.946	 99.821	 50.130       
-43.787	 98.154	 48.218       
-44.659	 94.732	 46.825       
-46.660	 93.560	 43.828       
-47.304	 90.646	 41.512       
-49.563	 87.757	 40.567       
-49.361	 84.445	 38.769       
-45.708	 83.426	 38.635       
-44.177	 86.916	 38.767       
-43.930	 88.977	 41.977       
-41.796	 92.015	 42.716       
-40.474	 94.148	 45.558       
-39.816	 97.829	 44.843       
-37.873	100.543	 46.676       
-39.082	103.981	 45.491       
-35.957	105.826	 46.676       
-32.988	103.625	 47.538       
-31.472	104.771	 50.835       
-28.014	103.735	 52.054       
-29.639	101.702	 54.852       
-31.405	 99.401	 52.358       
-28.268	 97.467	 51.421       
-28.935	 93.811	 52.161       
-29.962	 90.509	 50.662       
-33.716	 90.288	 50.011       
-35.425	 86.894	 49.884       
-38.826	 86.083	 48.413       
-40.641	 83.038	 49.776       
-43.782	 81.049	 48.986       
-46.150	 79.094	 51.218       
-48.246	 77.557	 48.442       
-46.170	 74.499	 47.630       
-44.371	 71.947	 49.793       
-41.813	 72.175	 50.943       
-42.105	 75.905	 51.614       
-39.103	 77.586	 49.956       
-37.146	 80.810	 49.573       
-35.621	 82.378	 46.493       
-31.822	 82.384	 46.362       
-32.096	 86.097	 47.158       
-31.078	 89.430	 45.621       
-28.071	 91.151	 47.178       
-28.459	 94.908	 46.842       
-25.536	 97.290	 47.230       
-25.256	101.109	 47.287       
-23.151	103.130	 44.860       
-20.818	105.889	 46.033       
-17.768	107.840	 44.897       
-14.797	105.719	 43.853       
-12.178	105.610	 46.600       
 -8.647	104.233	 46.526       
 -7.697	101.490	 49.005       
 -5.339	102.246	 51.880       
 -2.802	 99.416	 51.893       
 -0.733	 98.464	 54.914       
  1.681	 95.551	 55.000       
  2.743	 93.744	 58.168       
  5.722	 91.412	 58.628       
  5.344	 88.193	 60.641       
  5.063	 88.562	 64.397       
  8.196	 87.425	 66.203       
  5.654	 85.773	 68.525       
  4.499	 83.619	 65.619       
  7.977	 82.799	 64.305       
  8.787	 81.072	 67.588       
  6.237	 78.391	 66.686       
  7.548	 77.648	 63.191       
  4.993	 79.645	 61.214       
  5.229	 83.002	 59.445       
  2.201	 84.921	 58.199       
  2.487	 88.192	 56.311       
 -0.577	 90.405	 56.361       
 -1.855	 93.100	 54.058       
 -4.977	 95.196	 54.651       
 -6.774	 96.929	 51.776       
 -9.186	 99.313	 53.475       
-12.119	101.496	 52.474       
-12.046	101.290	 48.681       
-14.771	101.342	 46.019       
-15.883	 99.740	 43.753       
-15.504	 96.389	 45.471       
-13.604	 94.929	 42.531       
 -9.968	 94.462	 43.517       
 -6.843	 92.379	 42.934       
 -3.928	 91.463	 45.177       
 -0.710	 89.766	 44.146       
  2.158	 88.740	 46.423       
  5.747	 89.092	 45.251       
  8.591	 87.420	 47.146       
 11.992	 88.788	 46.074       
 10.572	 90.126	 42.809       
  9.040	 86.775	 41.847       
  5.261	 86.455	 42.176       
  4.055	 83.847	 44.657       
  0.573	 82.585	 45.492       
  0.282	 79.075	 46.933       
 -0.409	 79.870	 50.574       
 -2.630	 82.916	 50.166       
 -6.009	 83.253	 51.872       
 -8.222	 86.296	 51.325       
-11.230	 87.676	 53.123       
-13.484	 90.506	 52.025       
-15.917	 92.373	 54.246       
-19.471	 93.141	 53.192       
-20.275	 96.733	 52.266       
-19.644	 99.142	 55.164       
-22.851	100.250	 56.913       
-21.227	103.635	 57.584       
-19.468	104.793	 54.402       
-20.523	102.200	 51.811       
-16.911	101.198	 51.160       
-15.239	 97.790	 51.036       
-12.135	 96.331	 52.646       
-10.210	 93.089	 52.371       
 -7.216	 91.398	 53.913       
 -4.763	 89.025	 52.283       
 -2.724	 86.600	 54.403       
  0.346	 84.794	 53.018       
  1.390	 81.904	 55.260       
  4.817	 80.283	 54.909       
  6.968	 78.292	 57.322       
  9.612	 80.084	 59.386       
 12.216	 78.484	 57.120       
 10.726	 79.543	 53.777       
 10.263	 83.052	 55.159       
 13.909	 83.306	 56.223       
 14.978	 81.881	 52.878       
 13.881	 85.126	 51.203       
 14.319	 88.805	 52.040       
 11.997	 91.266	 50.303       
  8.245	 90.773	 50.621       
  5.784	 92.980	 48.763       
  2.015	 93.195	 48.380       
  0.425	 94.544	 45.180       
 -3.065	 96.003	 44.871       
 -4.608	 96.706	 41.467       
 -7.768	 98.845	 41.512       
 -9.590	101.074	 39.008       
 -8.598	104.063	 41.156       
 -5.045	104.257	 39.769       
 -3.256	103.062	 36.645       
 -0.367	101.477	 38.521       
 -0.768	 99.127	 41.523       
 -0.474	100.629	 45.001       
  2.628	 98.947	 46.407       
  3.750	 98.372	 49.979       
  6.539	 96.110	 51.230       
  9.483	 95.455	 53.548       
 12.881	 93.749	 53.836       
 14.873	 92.404	 56.799       
BRIEF 2B2X I 210              
-28.494	 89.730	  1.364       
-28.512	 86.531	  3.367       
-31.840	 84.742	  3.208       
-33.397	 81.325	  3.771       
-36.830	 80.199	  2.549       
-38.655	 77.229	  4.069       
-41.044	 75.059	  2.011       
-43.052	 71.863	  2.478       
-45.432	 72.601	  5.323       
-49.053	 71.482	  5.082       
-51.711	 69.225	  6.610       
-50.625	 65.617	  7.210       
-52.205	 62.737	  9.117       
-50.680	 61.155	 12.233       
-48.311	 58.359	 11.241       
-47.777	 60.114	  7.925       
-44.652	 61.704	  6.435       
-43.697	 65.097	  5.032       
-40.511	 66.438	  3.435       
-39.483	 70.043	  4.182       
-36.880	 71.987	  2.214       
-35.008	 75.244	  2.623       
-33.363	 77.294	 -0.098       
-30.382	 79.392	  0.935       
-28.973	 82.423	 -0.855       
-26.575	 85.296	 -0.243       
-23.764	 83.374	  1.415       
-21.565	 80.337	  0.774       
-23.971	 77.648	  1.936       
-21.576	 74.665	  1.884       
-19.418	 76.191	  4.614       
-22.090	 76.765	  7.268       
-23.639	 74.256	  9.637       
-27.444	 74.449	  9.302       
-30.363	 73.684	 11.638       
-34.143	 73.363	 11.921       
-36.007	 74.916	 14.865       
-39.711	 74.402	 15.590       
-42.362	 76.336	 17.449       
-45.630	 74.643	 18.393       
-48.748	 76.880	 18.306       
-48.555	 79.337	 21.196       
-45.438	 77.640	 22.611       
-41.710	 78.329	 22.775       
-38.712	 77.506	 20.581       
-37.218	 74.003	 20.312       
-34.084	 73.182	 18.318       
-34.546	 69.993	 16.285       
-31.676	 68.948	 14.035       
-28.349	 70.147	 12.655       
-25.934	 69.290	  9.860       
-22.394	 70.650	  9.671       
-20.517	 71.635	  6.566       
-18.753	 68.330	  7.119       
-22.041	 66.464	  6.866       
-22.249	 65.479	 10.524       
-25.735	 65.272	 11.983       
-27.257	 65.524	 15.455       
-30.886	 65.353	 16.603       
-33.153	 66.133	 19.516       
-34.191	 62.974	 21.397       
-37.861	 63.417	 20.498       
-37.119	 63.211	 16.755       
-34.047	 60.968	 16.451       
-35.109	 57.900	 14.492       
-38.053	 59.785	 12.988       
-36.553	 62.875	 11.270       
-33.557	 63.029	  8.955       
-31.725	 66.246	  8.162       
-29.716	 66.404	  4.978       
-28.252	 68.914	  2.586       
-27.527	 69.293	 -1.115       
-24.778	 71.867	 -1.645       
-25.214	 71.897	 -5.432       
-28.741	 73.255	 -4.972       
-27.947	 75.210	 -1.795       
-30.873	 73.417	 -0.199       
-31.473	 71.990	  3.263       
-33.924	 69.180	  4.006       
-35.840	 67.705	  6.893       
-37.457	 64.355	  6.121       
-40.156	 63.706	  8.707       
-41.660	 60.258	  9.263       
-44.106	 58.762	 11.752       
-45.429	 62.234	 12.463       
-47.310	 62.761	 15.712       
-49.808	 65.444	 16.659       
-47.030	 66.924	 18.854       
-44.916	 67.582	 15.780       
-47.408	 70.280	 14.791       
-45.571	 73.597	 14.497       
-43.935	 76.254	 12.345       
-40.562	 74.914	 11.214       
-37.734	 77.368	 10.674       
-34.535	 76.697	  8.780       
-31.557	 78.516	 10.305       
-27.931	 79.281	  9.566       
-25.566	 78.574	 12.402       
-22.549	 80.475	 13.643       
-19.447	 78.807	 15.078       
-20.329	 75.188	 15.846       
-23.875	 76.003	 14.743       
-25.443	 76.742	 18.120       
-26.184	 80.423	 17.431       
-29.009	 80.847	 14.934       
-27.712	 83.598	 12.656       
-30.439	 83.727	 10.005       
-34.060	 82.548	  9.925       
-36.679	 82.144	  7.229       
-40.354	 83.019	  7.779       
-41.074	 79.372	  8.467       
-43.417	 76.763	  7.070       
-46.557	 75.501	  8.825       
-46.688	 71.770	  9.533       
-50.083	 70.631	 10.856       
-50.356	 66.994	 11.987       
-53.946	 65.927	 12.483       
-56.762	 63.568	 11.456       
-59.272	 66.394	 11.001       
-60.540	 66.825	  7.424       
-59.847	 69.923	  5.295       
-62.949	 72.081	  5.676       
-63.916	 75.415	  4.079       
-64.964	 78.391	  6.189       
-68.533	 79.667	  6.372       
-68.396	 83.454	  6.302       
-71.198	 85.365	  8.034       
-71.660	 89.153	  7.904       
-71.980	 91.068	 11.173       
-74.183	 94.188	 11.196       
-75.896	 95.986	 14.130       
-70.602	108.602	 15.680       
-68.631	105.457	 14.877       
-70.034	102.095	 13.812       
-68.483	 98.668	 14.091       
-68.960	 95.960	 11.492       
-67.478	 92.484	 11.347       
-67.674	 89.019	  9.871       
-67.527	 85.584	 11.436       
-65.205	 83.082	  9.687       
-66.397	 79.751	 11.115       
-65.552	 76.050	 10.922       
-62.514	 75.868	  8.643       
-59.462	 73.604	  8.687       
-56.524	 73.857	  8.525       
-54.875	 77.281	  8.912       
-54.275	 79.732	  7.327       
-57.140	 81.909	  6.157       
-56.654	 85.450	  4.783       
-58.889	 88.340	  5.815       
-58.978	 91.899	  4.467       
-61.558	 94.676	  4.169       
-62.429	 96.419	  0.898       
-59.580	 94.471	 -0.696       
-57.007	 96.009	  1.615       
-57.913	 99.678	  1.213       
-59.619	 99.522	  4.622       
-56.746	 98.773	  6.990       
-57.383	101.332	  9.728       
-59.673	100.383	 12.593       
-59.466	 96.667	 11.864       
-59.186	 93.912	 14.451       
-58.688	 90.388	 13.132       
-58.601	 88.057	 16.125       
-56.493	 84.886	 16.321       
-58.442	 81.756	 15.451       
-59.808	 79.526	 18.189       
-59.743	 75.791	 17.586       
-62.717	 73.819	 18.850       
-63.680	 70.265	 17.928       
-61.136	 70.203	 15.071       
-62.440	 73.375	 13.422       
-61.045	 76.878	 13.536       
-63.108	 80.012	 13.975       
-61.984	 83.606	 13.841       
-63.637	 86.966	 13.559       
-62.638	 90.350	 12.247       
-64.068	 93.729	 13.143       
-63.763	 97.090	 11.468       
-64.813	100.485	 12.729       
-65.684	103.332	 10.387       
-67.476	106.670	 10.864       
-71.272	106.253	 10.844       
-71.452	108.970	  8.204       
-69.531	106.427	  6.086       
-71.740	103.312	  6.328       
-73.995	102.122	  4.819       
-73.597	104.995	  2.342       
-70.161	103.606	  1.398       
-69.468	 99.911	  0.713       
-67.934	 97.698	  3.396       
-67.132	 94.066	  2.648       
-64.697	 91.523	  4.084       
-62.574	 89.443	  1.716       
-61.827	 85.978	  3.001       
-59.843	 83.207	  1.356       
-59.088	 79.690	  2.530       
-56.390	 78.394	  0.196       
-56.468	 74.757	  1.375       
-60.068	 74.425	  0.163       
-59.506	 76.902	 -2.650       
-62.327	 79.053	 -1.295       
-62.738	 82.817	 -1.884       
-65.584	 85.002	 -0.663       
-66.319	 88.734	 -0.669       
-68.989	 89.247	  1.956       
-70.677	 92.636	  1.789       
-71.906	 93.932	  5.151       
-75.556	 94.925	  4.736       
-77.586	 96.751	  7.405       
BRIEF 2B2X M 210              
-28.054	 69.085	 29.398       
-28.625	 72.720	 30.339       
-31.960	 74.314	 31.164       
-32.607	 78.054	 30.828       
-35.097	 79.793	 33.075       
-36.126	 83.375	 32.359       
-37.335	 85.833	 34.957       
-39.743	 87.413	 34.839       
-41.997	 85.527	 32.399       
-43.909	 88.697	 31.594       
-43.476	 92.325	 32.528       
-45.175	 95.658	 31.955       
-43.292	 98.959	 31.939       
-43.533	102.590	 30.824       
-41.617	104.086	 27.914       
-38.324	105.456	 29.170       
-38.158	102.809	 31.886       
-35.042	100.710	 32.185       
-35.965	 97.037	 31.888       
-33.852	 94.035	 32.821       
-34.597	 90.420	 31.834       
-32.637	 87.667	 33.540       
-31.671	 84.229	 32.235       
-30.297	 81.733	 34.735       
-28.762	 78.469	 33.544       
-28.990	 75.157	 35.428       
-25.192	 75.051	 35.074       
-22.454	 77.352	 33.809       
-22.104	 78.457	 30.169       
-19.603	 81.080	 29.018       
-21.898	 82.798	 26.533       
-25.559	 83.512	 26.011       
-27.677	 84.541	 23.062       
-30.973	 86.370	 22.714       
-33.725	 86.670	 20.141       
-36.699	 89.008	 19.815       
-39.990	 87.562	 18.533       
-43.137	 89.481	 17.688       
-46.680	 88.105	 17.273       
-46.895	 86.020	 14.114       
-43.307	 86.538	 12.991       
-40.076	 84.583	 13.007       
-37.544	 85.138	 15.830       
-34.822	 87.689	 15.089       
-31.165	 87.460	 16.116       
-30.937	 90.130	 18.814       
-27.857	 89.669	 21.010       
-25.004	 87.196	 20.460       
-21.861	 86.146	 22.323       
-23.340	 87.709	 25.474       
-23.208	 91.399	 24.596       
-22.883	 91.941	 20.851       
-25.918	 93.515	 19.189       
-27.018	 92.048	 15.857       
-27.210	 94.426	 12.881       
-30.204	 96.733	 13.006       
-30.717	 96.335	 16.746       
-31.073	 99.802	 18.311       
-28.423	100.943	 20.779       
-30.896	101.095	 23.675       
-30.369	 97.325	 23.928       
-27.399	 95.738	 25.675       
-26.451	 92.383	 27.151       
-24.298	 91.125	 30.019       
-23.596	 88.141	 32.244       
-21.280	 85.252	 33.061       
-21.514	 81.799	 34.599       
-25.181	 81.098	 35.212       
-26.697	 84.588	 35.280       
-27.082	 86.423	 32.002       
-29.134	 89.532	 31.357       
-30.635	 91.543	 28.508       
-31.205	 95.234	 29.220       
-33.250	 97.941	 27.524       
-31.990	101.346	 28.693       
-35.057	103.276	 27.507       
-38.154	101.181	 26.801       
-39.827	102.164	 23.522       
-43.383	101.224	 22.470       
-42.139	 99.125	 19.554       
-40.071	 97.026	 21.988       
-43.056	 94.899	 23.074       
-42.314	 91.274	 22.166       
-41.238	 87.976	 23.663       
-37.473	 87.772	 24.241       
-35.727	 84.394	 24.369       
-32.299	 83.624	 25.753       
-30.501	 80.589	 24.323       
-27.361	 78.589	 25.069       
-25.094	 76.560	 22.787       
-22.816	 75.006	 25.423       
-25.013	 72.015	 26.138       
-26.839	 69.438	 24.042       
-29.511	 69.651	 23.073       
-29.235	 73.381	 22.419       
-32.107	 75.082	 24.217       
-34.016	 78.335	 24.575       
-35.459	 79.890	 27.718       
-39.289	 79.854	 27.883       
-39.221	 83.509	 26.943       
-40.097	 86.826	 28.561       
-43.133	 88.658	 27.202       
-42.743	 92.412	 27.621       
-45.626	 94.846	 27.302       
-45.681	 98.656	 27.222       
-47.779	100.724	 29.588       
-50.222	103.418	 28.448       
-53.199	105.411	 29.713       
-56.218	103.339	 30.754       
-58.905	103.151	 28.063       
-62.424	101.747	 28.234       
-63.349	 99.081	 25.663       
-65.778	 99.868	 22.856       
-68.318	 97.052	 23.065       
-70.417	 96.134	 20.032       
-72.881	 93.240	 20.118       
-74.082	 91.399	 17.022       
-77.161	 89.185	 16.400       
-76.738	 85.910	 14.450       
-76.587	 86.427	 10.700       
-79.766	 85.169	  9.041       
-77.374	 83.398	  6.658       
-76.028	 81.267	  9.522       
-79.427	 80.415	 11.037       
-80.613	 78.725	  7.851       
-78.075	 76.036	  8.696       
-79.320	 75.393	 12.224       
-76.698	 77.316	 14.177       
-76.609	 80.738	 15.813       
-73.569	 82.739	 16.893       
-73.923	 85.988	 18.788       
-70.712	 88.030	 18.629       
-69.433	 90.773	 20.894       
-66.325	 92.904	 20.289       
-64.392	 94.669	 23.062       
-61.968	 96.959	 21.282       
-59.022	 99.128	 22.249       
-58.973	 98.879	 26.025       
-56.128	 98.902	 28.586       
-55.029	 97.202	 30.833       
-55.519	 93.840	 29.150       
-57.192	 92.318	 32.194       
-60.893	 92.069	 31.383       
-63.973	 89.997	 32.138       
-66.984	 89.252	 29.947       
-70.181	 87.422	 30.834       
-73.061	 86.405	 28.586       
-76.619	 86.707	 29.813       
-79.706	 85.379	 28.012       
-82.857	 86.868	 29.537       
-81.139	 88.064	 32.708       
-79.453	 84.731	 33.473       
-75.743	 83.883	 33.518       
-74.752	 81.728	 30.544       
-71.428	 80.241	 29.451       
-72.167	 76.843	 27.920       
-70.862	 77.634	 24.445       
-68.743	 80.756	 24.793       
-65.457	 80.970	 22.904       
-63.048	 83.835	 23.461       
-59.995	 85.202	 21.680       
-57.702	 88.112	 22.590       
-55.356	 90.056	 20.342       
-51.801	 90.708	 21.475       
-50.840	 94.285	 22.347       
-51.638	 96.597	 19.422       
-48.542	 97.808	 17.581       
-50.045	101.194	 16.699       
-51.693	102.379	 19.935       
-50.648	 99.804	 22.583       
-54.213	 98.716	 23.362       
-55.836	 95.302	 23.592       
-58.916	 93.901	 21.899       
-61.127	 90.909	 22.601       
-63.778	 88.857	 20.842       
-66.370	 86.690	 22.585       
-68.605	 84.332	 20.623       
-71.599	 82.526	 22.141       
-72.777	 79.712	 19.883       
-76.170	 78.035	 20.292       
-78.306	 75.978	 17.930       
-81.073	 77.776	 16.042       
-83.684	 76.183	 18.308       
-82.133	 77.417	 21.547       
-81.544	 80.901	 20.152       
-85.245	 81.140	 19.334       
-86.381	 79.886	 22.736       
-85.058	 83.064	 24.374       
-85.432	 86.718	 23.489       
-82.985	 89.014	 25.266       
-79.281	 88.575	 24.594       
-76.925	 90.779	 26.553       
-73.164	 91.083	 26.668       
-71.589	 92.468	 29.830       
-67.997	 93.643	 30.173       
-66.204	 94.506	 33.414       
-63.023	 96.594	 33.146       
-61.077	 98.676	 35.668       
-62.195	101.821	 33.825       
-65.529	101.798	 35.679       
-67.337	100.022	 38.515       
-70.432	 99.847	 36.349       
-69.914	 97.121	 33.691       
-70.446	 98.144	 30.089       
-73.647	 96.519	 28.911       
-74.634	 95.955	 25.307       
-77.592	 93.872	 24.129       
-80.452	 93.275	 21.706       
-83.876	 91.635	 21.547       
-85.009	 89.251	 18.782       
