BRIEF 2DD8 S 192              
 98.401	-26.566	 -4.505  0.042
 95.461	-26.984	 -2.136 -0.924
 93.735	-23.685	 -1.379  1.432
 93.992	-22.099	  2.110  0.192
 90.340	-22.654	  3.009  0.693
 91.284	-24.081	  6.377 -0.134
 93.158	-20.840	  7.025 -1.373
 89.909	-18.970	  6.407  0.614
 87.190	-21.102	  8.023  0.641
 89.405	-22.066	 10.954  0.802
 91.027	-18.653	 11.347  0.340
 91.457	-17.932	 15.051 -1.618
 90.060	-14.416	 14.947 -1.943
 87.232	-12.902	 12.935  0.677
 86.445	 -9.201	 12.311  1.043
 83.203	 -7.249	 12.872  0.486
 80.778	 -6.933	  9.962  0.929
 81.390	 -3.216	  9.349  0.084
 85.112	 -4.018	  9.203  0.633
 84.688	 -7.220	  7.198  1.008
 87.895	 -8.629	  5.787  0.802
 88.531	-10.158	  2.371  1.604
 91.047	-12.738	  1.251 -1.418
 91.484	-13.659	 -2.401  0.145
 92.062	-17.264	 -3.437  1.103
 94.066	-18.070	 -6.551  0.654
 96.461	-20.391	 -8.384  1.015
 95.265	-23.419	 -6.433  1.474
 93.020	-26.480	 -6.415  0.678
 89.897	-26.261	 -4.264  1.086
 88.127	-29.324	 -2.899  1.415
 84.749	-27.970	 -1.866  0.939
 83.398	-31.235	 -0.465  0.736
 85.615	-30.500	  2.563  0.231
 82.872	-28.071	  3.541  0.704
 79.932	-29.123	  1.371  0.404
 79.087	-32.100	  3.616  0.939
 80.178	-30.852	  7.043 -1.006
 77.309	-30.880	  9.542  0.465
 79.412	-27.952	 10.747  0.502
 77.454	-25.214	  8.938  0.875
 73.949	-24.120	  9.885  0.281
 73.786	-22.032	  6.720  0.535
 75.174	-23.029	  3.334  0.830
 73.251	-21.298	  0.551  0.101
 74.794	-20.802	 -2.896  1.474
 73.619	-18.592	 -5.748 -0.096
 73.796	-19.592	 -9.391  1.211
 76.373	-22.221	 -8.509  0.545
 74.710	-25.160	 -6.760  1.412
 76.871	-26.354	 -3.854  0.777
 77.221	-29.912	 -5.193  0.376
 78.473	-29.094	 -8.709  0.780
 81.036	-26.764	 -7.135  0.763
 84.132	-28.952	 -7.426  0.161
 83.339	-29.761	-11.069  0.779
 84.277	-26.218	-12.162  0.869
 87.017	-23.631	-12.705  1.474
 87.389	-19.924	-11.860  0.791
 89.981	-17.187	-12.291 -0.402
 89.733	-16.224	 -8.634  0.859
 87.703	-16.894	 -5.509  0.936
 87.211	-14.195	 -2.901  1.068
 86.333	-15.019	  0.698  0.216
 84.780	-12.418	  2.990  1.605
 84.825	-13.036	  6.745 -0.241
 82.873	-11.395	  9.557  0.678
 80.664	-11.919	 12.590  0.954
 76.957	-11.173	 12.844  0.805
 74.101	-11.895	 15.217  0.746
 72.078	-15.044	 14.557 -0.567
 69.026	-13.055	 13.523  0.367
 71.197	-11.073	 11.119  0.878
 72.562	-13.990	  9.100 -0.385
 69.419	-13.726	  6.967 -0.155
 70.540	-10.277	  5.803  0.903
 73.612	-11.827	  4.175  0.568
 71.844	-12.604	  0.923  0.253
 71.162	-10.592	 -2.230 -0.131
 68.168	 -8.266	 -2.165  0.260
 68.015	 -7.815	  1.601  0.365
 67.590	 -4.662	  3.684  1.114
 68.403	 -3.699	  7.246  1.395
 71.160	 -2.155	  9.339 -1.161
 73.440	 -5.031	  8.299  1.021
 72.708	 -5.283	  4.546  0.781
 72.445	 -1.514	  4.107  0.239
 75.270	 -0.211	  6.309  0.553
 77.747	 -3.044	  6.856  1.638
 77.996	 -5.599	  4.079  1.492
 75.841	 -6.022	  0.997  1.334
 75.712	 -8.596	 -1.772  1.082
 74.972	 -7.687	 -5.395  0.985
 71.733	 -8.740	 -7.075  0.202
 73.468	-10.938	 -9.657  0.050
 75.494	-12.560	 -6.883  0.674
 77.660	-15.487	 -7.942  0.393
 78.820	-17.306	 -4.818  1.343
 78.011	-19.068	 -1.550  1.477
 77.328	-17.871	  1.983  0.986
 78.423	-20.115	  4.853  0.908
 77.689	-19.511	  8.514  0.255
 78.074	-21.456	 11.747  0.145
 77.211	-20.834	 15.393  0.703
 80.203	-19.827	 17.535  0.443
 78.669	-19.212	 20.965  0.227
 81.358	-21.097	 22.877 -1.457
 83.939	-19.069	 20.991 -1.644
 82.723	-15.496	 20.628  0.919
 80.198	-15.483	 23.473 -0.614
 80.966	-14.864	 27.130  0.684
 79.252	-15.578	 30.439  0.061
 79.177	-11.905	 31.382  1.040
 78.783	-10.788	 27.760 -0.825
 81.098	 -9.899	 24.872 -0.517
 80.520	 -6.525	 23.246 -2.006
 83.676	 -6.350	 21.128  0.244
 81.879	 -7.109	 17.867 -0.071
 80.083	 -4.114	 16.393 -0.205
 78.022	 -3.024	 13.371 -0.972
 77.299	  0.381	 11.772 -1.967
 73.744	  1.560	 12.432  0.006
 73.990	  5.146	 11.198 -0.641
 75.198	  6.277	  7.789 -0.827
 74.437	  8.870	  5.147 -1.031
 73.265	  6.681	  2.292  0.247
 73.741	  2.926	  2.084 -0.953
 76.487	  0.753	  0.645  0.090
 76.854	 -0.582	 -2.874 -0.375
 77.556	 -4.314	 -3.253 -0.075
 80.963	 -5.185	 -1.775 -0.525
 81.561	 -1.688	 -0.416 -1.867
 83.240	 -1.381	  2.989  0.030
 83.123	  1.506	  5.476 -0.814
 85.315	  1.773	  8.583  0.116
 85.017	  5.560	  8.946  0.577
 84.032	  5.932	 12.594  0.166
 83.152	  9.630	 12.521 -0.669
 80.631	 11.159	 14.969  0.559
 77.310	 11.010	 13.127 -0.230
 74.842	 13.867	 12.744  0.066
 71.425	 13.918	 11.047 -0.314
 72.390	 16.959	  8.955 -2.406
 75.858	 15.754	  7.985 -1.142
 77.175	 18.397	 10.369 -2.555
 80.579	 17.511	 11.905 -0.199
 80.098	 17.312	 15.674 -0.446
 81.646	 15.965	 18.873 -0.535
 79.724	 14.387	 21.771 -0.829
 78.460	 15.072	 24.390 -0.717
 77.121	 17.436	 21.691 -0.055
 73.378	 17.240	 20.966 -1.391
 72.105	 15.125	 18.046 -1.100
 75.583	 13.639	 17.761  0.003
 75.896	  9.846	 18.040 -0.632
 78.725	  7.400	 17.345 -1.103
 77.899	  5.382	 14.156 -1.295
 78.869	  1.979	 15.543 -0.094
 76.672	 -0.001	 17.951 -2.287
 77.829	 -3.020	 20.009 -2.169
 76.585	 -6.597	 19.672  0.795
 75.887	 -8.233	 23.035 -0.167
 77.091	-11.827	 22.919  0.946
 76.262	-14.047	 25.897 -0.638
 76.488	-17.797	 26.356 -1.370
 72.975	-17.842	 27.815 -2.439
 70.715	-16.015	 25.358 -2.103
 68.525	-17.388	 22.584 -0.511
 70.281	-18.710	 19.496 -1.320
 69.192	-15.641	 17.524 -1.951
 71.159	-13.363	 19.824 -0.895
 74.174	-15.647	 19.580 -2.028
 77.361	-14.977	 17.543  0.071
 77.783	-16.396	 14.028 -1.095
 80.934	-16.529	 11.933 -0.004
 80.205	-15.978	  8.252 -2.434
 82.306	-16.651	  5.160 -1.681
 81.070	-15.337	  1.812 -0.993
 82.615	-17.143	 -1.151 -0.396
 82.502	-15.031	 -4.294 -0.184
 83.413	-16.736	 -7.570 -0.887
 85.087	-14.546	-10.163 -0.170
 84.896	-15.335	-13.874  0.001
 87.273	-13.102	-15.802 -1.131
 88.630	-13.790	-19.290  0.804
 92.032	-14.908	-17.980  0.418
 91.897	-18.736	-17.702 -2.414
 91.088	-20.446	-14.405 -1.625
 93.621	-20.969	-11.632 -0.138
 91.223	-22.355	 -9.022  0.014
 89.486	-25.593	-10.042  0.171
 88.541	-28.866	 -8.356 -1.788
BRIEF 2DD8 H 220              
 62.772	-20.657	 37.660       
 59.038	-20.626	 36.758       
 56.998	-18.082	 34.792       
 53.933	-16.166	 35.899       
 51.607	-14.767	 33.246       
 48.805	-12.232	 33.409       
 45.139	-13.198	 33.616       
 42.766	-14.078	 30.765       
 41.517	-11.267	 28.548       
 38.639	-10.543	 26.168       
 38.873	 -7.947	 23.360       
 36.769	 -6.454	 20.571       
 38.070	 -7.004	 17.048       
 40.436	 -4.288	 15.905       
 41.591	 -3.388	 19.395       
 44.822	 -4.521	 21.023       
 45.967	 -6.592	 23.988       
 49.083	 -6.714	 26.150       
 50.102	 -9.764	 28.159       
 52.763	 -9.869	 30.867       
 55.256	-12.539	 31.932       
 57.176	-12.328	 35.208       
 60.122	-14.487	 36.212       
 59.513	-16.263	 39.515       
 63.006	-15.129	 40.441       
 62.417	-11.422	 39.926       
 64.614	-10.995	 36.847       
 65.247	-12.694	 33.520       
 68.996	-12.554	 34.135       
 70.879	-13.157	 30.895       
 68.451	-15.419	 29.071       
 65.820	-14.887	 26.389       
 62.036	-14.965	 26.685       
 59.901	-16.133	 23.753       
 56.190	-15.765	 22.959       
 54.234	-18.690	 21.575       
 50.533	-18.893	 20.758       
 48.073	-21.686	 20.085       
 44.570	-21.226	 18.689       
 41.940	-23.825	 19.794       
 42.669	-27.335	 18.521       
 45.547	-25.870	 16.530       
 49.314	-26.191	 16.659       
 52.009	-23.999	 18.205       
 53.341	-20.832	 16.582       
 56.284	-18.587	 17.451       
 55.379	-14.915	 17.566       
 58.621	-13.375	 18.704       
 60.964	-12.849	 21.610       
 63.240	-10.502	 23.494       
 66.483	-10.598	 25.473       
 65.768	 -8.274	 28.436       
 69.446	 -7.711	 29.244       
 70.006	 -6.545	 25.657       
 66.754	 -4.636	 25.409       
 66.355	 -5.909	 21.846       
 63.345	 -7.862	 20.572       
 62.577	 -9.925	 17.461       
 59.422	-10.853	 15.579       
 58.101	-13.482	 13.189       
 57.397	-12.506	  9.568       
 53.664	-13.067	 10.067       
 53.346	-10.704	 13.030       
 55.840	 -8.134	 11.797       
 54.100	 -4.812	 12.345       
 51.345	 -6.021	 14.691       
 53.467	 -7.178	 17.626       
 55.584	 -5.307	 20.128       
 57.624	 -7.150	 22.731       
 59.059	 -5.093	 25.584       
 60.319	 -5.056	 29.146       
 59.716	 -2.767	 32.101       
 62.509	 -0.470	 33.257       
 63.535	 -2.786	 36.095       
 63.786	 -5.431	 33.348       
 61.839	 -7.880	 35.564       
 58.703	 -8.128	 33.421       
 58.256	 -8.833	 29.712       
 55.199	 -7.722	 27.747       
 53.626	 -8.825	 24.490       
 51.272	 -6.367	 22.814       
 49.339	 -7.482	 19.739       
 47.395	 -4.933	 17.677       
 44.520	 -4.930	 15.188       
 43.034	 -7.963	 16.917       
 40.895	-10.388	 14.926       
 38.956	-13.547	 15.781       
 41.714	-15.576	 14.146       
 43.877	-14.190	 16.958       
 41.747	-15.831	 19.650       
 44.167	-18.179	 21.360       
 46.305	-19.138	 24.324       
 49.487	-17.115	 24.658       
 52.563	-18.537	 26.328       
 55.871	-16.978	 27.262       
 58.837	-19.315	 27.509       
 62.537	-19.271	 28.266       
 64.728	-19.945	 25.251       
 67.030	-22.926	 25.334       
 70.635	-22.258	 24.370       
 70.272	-24.591	 21.370       
 67.298	-22.997	 19.626       
 64.361	-24.289	 21.628       
 62.161	-23.453	 24.596       
 62.891	-24.559	 28.140       
 60.530	-23.194	 30.783       
 56.933	-22.410	 29.842       
 54.460	-20.112	 31.567       
 50.964	-21.357	 32.470       
 49.634	-19.468	 29.462       
 47.216	-16.573	 29.028       
 43.881	-17.177	 27.359       
 42.864	-14.334	 25.057       
 39.467	-14.236	 23.333       
 38.686	-11.835	 20.481       
 34.988	-11.310	 19.756       
 32.291	 -8.649	 19.420       
 30.118	-10.530	 21.882       
 29.700	 -8.905	 25.280       
 31.467	-10.498	 28.226       
 29.226	-11.783	 30.978       
 30.022	-12.700	 34.546       
 28.789	-16.012	 35.910       
 25.868	-16.866	 38.163       
 26.908	-19.284	 40.901       
 24.559	-21.814	 42.493       
 25.046	-24.420	 45.194       
 24.759	-28.138	 44.439       
 23.675	-29.286	 47.883       
 24.833	-32.669	 49.152       
 22.001	-35.190	 49.157       
 20.471	-35.638	 52.598       
 20.196	-39.243	 51.403       
 23.657	-39.685	 52.923       
 23.839	-38.644	 56.588       
 26.134	-40.970	 58.549       
 28.510	-43.128	 56.521       
 30.092	-43.428	 53.095       
 30.992	-40.336	 51.123       
 29.049	-37.358	 49.834       
 29.048	-35.173	 46.740       
 28.312	-31.433	 46.711       
 29.250	-28.649	 44.343       
 28.787	-25.434	 42.429       
 26.926	-24.573	 39.244       
 28.716	-21.847	 37.273       
 25.987	-20.699	 34.941       
 25.870	-18.481	 31.866       
 29.226	-16.782	 31.479       
 31.352	-15.578	 28.597       
 34.017	-15.957	 27.608       
 36.159	-18.823	 28.821       
 37.768	-19.502	 31.150       
 36.839	-19.832	 34.804       
 38.818	-21.579	 37.499       
 37.376	-23.167	 40.596       
 39.060	-24.061	 43.875       
 37.539	-25.113	 47.213       
 37.974	-23.652	 50.695       
 40.620	-21.458	 49.103       
 42.779	-24.320	 47.887       
 42.973	-25.971	 51.310       
 40.576	-28.635	 50.046       
 42.016	-30.480	 47.078       
 41.267	-34.174	 47.574       
 38.154	-35.421	 45.791       
 37.727	-32.246	 43.794       
 36.597	-32.419	 40.197       
 35.903	-29.561	 37.830       
 34.194	-30.533	 34.570       
 34.883	-28.794	 31.254       
 32.327	-26.122	 30.432       
 29.509	-26.816	 28.029       
 28.967	-24.166	 25.353       
 25.221	-23.610	 25.081       
 23.256	-22.565	 22.004       
 22.741	-19.172	 23.666       
 26.458	-18.549	 23.277       
 27.206	-18.758	 26.988       
 29.184	-21.317	 28.935       
 28.327	-23.251	 32.088       
 30.388	-25.677	 34.121       
 30.161	-27.550	 37.386       
 32.665	-28.326	 40.108       
 32.126	-31.139	 42.572       
 34.022	-32.500	 45.538       
 33.455	-35.811	 47.304       
 33.727	-35.712	 51.051       
 33.111	-38.093	 53.937       
 29.462	-37.792	 54.967       
 30.440	-37.099	 58.586       
 32.400	-33.945	 57.826       
 29.210	-32.449	 56.384       
 28.254	-31.680	 59.956       
 31.730	-30.712	 61.101       
 33.109	-28.542	 58.321       
 32.180	-25.708	 55.967       
 32.478	-25.947	 52.206       
 33.023	-22.984	 49.878       
 33.758	-23.003	 46.172       
 35.927	-20.146	 44.931       
 34.939	-19.165	 41.420       
 37.178	-16.918	 39.392       
 36.251	-15.466	 36.000       
 39.010	-13.028	 35.103       
 37.411	-11.775	 31.881       
 34.608	-10.030	 33.778       
 36.751	 -9.195	 36.790       
 34.417	-11.312	 38.903       
 35.109	-13.605	 41.820       
 32.534	-15.532	 43.812       
 32.864	-17.491	 47.046       
 29.751	-19.626	 47.249       
 28.981	-21.452	 50.453       
 27.451	-24.874	 49.884       
 25.319	-26.113	 52.752       
 23.287	-29.286	 53.350       
 19.805	-28.720	 51.960       
 17.317	-28.690	 54.833       
 13.771	-28.678	 53.493       
BRIEF 2DD8 L 212              
 60.061	-20.447	  4.926       
 61.353	-23.659	  6.495       
 58.838	-26.435	  7.146       
 58.662	-29.525	  9.353       
 56.618	-32.662	  8.790       
 55.022	-34.977	 11.339       
 52.391	-37.671	 10.904       
 49.050	-36.583	 12.410       
 48.557	-39.871	 14.289       
 50.371	-42.855	 15.777       
 48.698	-45.774	 17.578       
 50.455	-48.144	 19.952       
 49.485	-50.888	 22.389       
 50.608	-50.518	 26.012       
 54.198	-51.390	 26.902       
 55.259	-51.220	 23.257       
 57.409	-48.433	 21.816       
 56.017	-45.591	 19.713       
 58.076	-43.709	 17.138       
 57.367	-40.194	 15.863       
 59.264	-38.844	 12.875       
 59.954	-35.217	 12.039       
 60.844	-34.414	  8.452       
 62.836	-31.417	  7.325       
 65.461	-30.408	  4.796       
 68.801	-31.524	  6.221       
 67.222	-31.423	  9.677       
 70.342	-33.204	 10.902       
 72.228	-29.924	 10.708       
 69.613	-28.485	 13.075       
 69.039	-29.010	 16.790       
 65.670	-30.742	 17.188       
 63.369	-30.159	 20.168       
 60.352	-32.259	 21.175       
 57.389	-31.111	 23.232       
 54.689	-33.100	 24.967       
 51.342	-31.425	 25.505       
 48.514	-33.199	 27.291       
 44.826	-32.164	 27.050       
 44.325	-28.592	 28.243       
 47.883	-28.275	 29.614       
 50.952	-26.306	 28.584       
 53.723	-27.769	 26.409       
 56.565	-29.634	 28.119       
 60.108	-30.164	 26.762       
 60.705	-33.922	 26.643       
 63.734	-33.938	 24.384       
 66.099	-31.122	 23.485       
 69.153	-30.872	 21.266       
 68.274	-34.070	 19.379       
 68.592	-36.645	 22.161       
 68.973	-35.242	 25.634       
 66.397	-35.513	 28.376       
 65.767	-32.596	 30.675       
 66.025	-33.547	 34.349       
 62.690	-35.108	 35.279       
 61.777	-36.846	 32.037       
 61.713	-40.684	 32.001       
 64.486	-42.488	 30.142       
 61.631	-43.923	 28.086       
 61.814	-40.770	 25.962       
 64.685	-40.537	 23.497       
 65.335	-38.762	 20.227       
 67.605	-39.046	 17.223       
 68.414	-36.793	 14.284       
 70.223	-37.460	 11.009       
 69.668	-36.642	  7.343       
 66.152	-35.303	  6.850       
 64.526	-37.184	  9.708       
 64.532	-36.726	 13.471       
 62.727	-39.261	 15.613       
 61.131	-39.326	 19.028       
 61.046	-42.775	 20.559       
 58.925	-43.710	 23.552       
 59.626	-47.146	 24.972       
 57.092	-49.024	 27.114       
 54.245	-46.580	 26.474       
 51.744	-45.848	 29.249       
 48.182	-44.553	 28.986       
 49.667	-41.444	 30.555       
 51.768	-40.876	 27.442       
 48.763	-39.897	 25.380       
 49.213	-36.354	 24.146       
 50.235	-34.269	 21.174       
 53.950	-34.347	 20.368       
 55.552	-31.435	 18.575       
 59.012	-31.238	 17.072       
 60.700	-27.871	 16.753       
 63.827	-26.229	 15.341       
 65.322	-22.797	 14.651       
 66.239	-21.675	 11.147       
 68.165	-18.511	 10.230       
 65.373	-17.482	  7.834       
 62.219	-18.705	  9.580       
 63.145	-18.319	 13.235       
 61.567	-21.013	 15.443       
 59.536	-23.564	 13.482       
 57.109	-26.100	 14.932       
 55.876	-29.250	 13.232       
 52.137	-29.717	 12.674       
 52.182	-32.098	 15.663       
 51.467	-35.783	 16.256       
 48.662	-37.255	 18.359       
 49.695	-40.424	 20.189       
 46.996	-42.932	 21.072       
 47.414	-45.971	 23.297       
 45.248	-48.901	 22.266       
 43.792	-51.709	 24.338       
 43.045	-49.708	 27.480       
 40.637	-51.412	 29.931       
 36.920	-50.653	 29.953       
 35.659	-48.454	 32.759       
 31.950	-48.003	 33.560       
 30.710	-44.427	 34.079       
 29.773	-42.933	 37.422       
 26.695	-40.759	 37.215       
 25.778	-37.983	 39.622       
 22.522	-36.038	 39.218       
 21.718	-32.829	 41.114       
 18.215	-31.308	 41.222       
 17.899	-27.543	 40.606       
 18.867	-25.141	 43.371       
 15.901	-23.134	 44.656       
 18.134	-20.062	 44.699       
 18.049	-20.361	 40.931       
 14.252	-20.127	 40.823       
 14.827	-16.512	 41.815       
 15.779	-15.865	 38.178       
 12.850	-17.977	 36.993       
 15.292	-20.650	 35.899       
 15.847	-24.231	 37.045       
 18.790	-26.340	 35.878       
 19.369	-30.069	 36.451       
 23.001	-31.113	 36.200       
 24.174	-34.594	 35.218       
 27.890	-35.222	 35.717       
 29.458	-38.265	 34.098       
 32.895	-39.491	 35.088       
 35.519	-42.245	 35.216       
 34.487	-44.049	 32.048       
 36.330	-45.634	 29.157       
 36.308	-45.536	 26.210       
 35.459	-41.844	 25.855       
 32.088	-42.096	 24.134       
 28.648	-41.754	 25.654       
 25.143	-40.695	 24.658       
 22.894	-38.804	 27.059       
 19.102	-38.800	 27.188       
 16.668	-37.128	 29.573       
 13.161	-38.109	 30.617       
 10.325	-36.233	 32.311       
  7.792	-38.300	 34.271       
  8.629	-40.995	 31.757       
  8.595	-39.652	 28.198       
 11.614	-38.374	 26.192       
 12.681	-34.739	 26.667       
 13.023	-32.879	 23.373       
 14.465	-29.555	 24.541       
 16.760	-27.641	 26.847       
 19.428	-30.338	 26.667       
 23.063	-29.286	 26.361       
 25.711	-32.005	 26.641       
 29.512	-31.730	 26.373       
 31.862	-33.951	 24.397       
 33.896	-36.359	 26.540       
 37.319	-35.245	 27.759       
 40.372	-36.933	 29.278       
 40.779	-36.937	 33.061       
 44.184	-36.927	 34.765       
 43.525	-40.587	 35.567       
 43.211	-41.459	 31.890       
 39.476	-42.066	 32.122       
 36.876	-39.642	 30.751       
 34.330	-37.153	 32.028       
 31.380	-35.383	 30.453       
 28.284	-33.545	 31.566       
 24.808	-32.690	 30.357       
 22.588	-29.794	 31.389       
 18.804	-29.607	 31.214       
 17.432	-26.091	 31.543       
 13.774	-25.517	 32.364       
 11.445	-23.201	 34.277       
 10.631	-23.434	 37.962       
  7.064	-24.290	 36.938       
  8.005	-27.131	 34.584       
 10.297	-28.494	 37.281       
  7.636	-28.334	 40.004       
  4.927	-29.643	 37.701       
  6.381	-33.103	 36.911       
  6.706	-36.093	 39.249       
 10.334	-36.620	 38.308       
 13.160	-36.063	 35.855       
 15.794	-38.552	 34.818       
 19.244	-38.543	 33.303       
 20.043	-41.670	 31.251       
 23.692	-42.271	 30.371       
 24.504	-44.920	 27.768       
 28.049	-46.268	 27.575       
 29.173	-49.303	 25.606       
 25.718	-50.845	 25.246       
 24.749	-50.387	 28.882       
 22.742	-47.610	 30.526       
 22.822	-45.933	 33.909       
 19.880	-43.791	 34.968       
 19.499	-41.337	 37.820       
 16.202	-39.722	 38.793       
 15.361	-36.609	 40.878       
 11.980	-35.323	 42.033       
 10.679	-31.863	 43.142       
  9.124	-33.126	 46.360       
 12.143	-35.379	 46.927       
 13.966	-32.308	 48.281       
