BRIEF 2EIZ C 129              
-15.417	 15.390	 -3.832  1.155
-15.485	 12.790	 -6.603 -0.513
-14.036	  9.556	 -5.240 -0.534
-11.846	  7.242	 -7.262 -1.231
-13.150	  3.657	 -7.259  0.829
-10.462	  1.953	 -5.181  1.459
-10.156	  5.057	 -3.005  0.040
-13.827	  4.728	 -2.054  0.828
-13.645	  0.944	 -1.706  1.137
-10.899	  1.327	  0.898 -0.717
-12.716	  4.142	  2.693 -0.757
-15.961	  2.163	  2.911  0.862
-14.045	 -0.880	  4.124 -1.024
-12.380	  1.206	  6.834 -2.375
-15.872	  2.480	  7.662 -2.319
-17.079	 -1.089	  8.209  0.904
-19.341	 -1.631	  5.212 -0.935
-17.753	 -4.856	  3.968 -0.390
-20.293	 -7.563	  4.764 -0.417
-22.360	 -5.194	  6.911 -0.343
-25.592	 -7.084	  7.640 -0.556
-24.791	 -9.475	  4.790 -0.052
-23.874	 -6.990	  2.060 -0.848
-20.404	 -7.416	  0.557  0.109
-18.281	 -4.305	 -0.030  0.172
-18.942	 -4.421	 -3.767 -0.134
-22.625	 -3.704	 -3.182  0.435
-21.865	 -0.394	 -1.493  1.086
-19.366	  0.743	 -4.114  0.261
-21.801	 -0.152	 -6.894  1.476
-24.630	  1.714	 -5.135  0.971
-22.478	  4.835	 -4.760  0.744
-21.539	  4.619	 -8.442 -0.657
-25.094	  4.495	 -9.729 -0.130
-26.659	  6.801	 -7.142  1.125
-24.142	  9.660	 -7.369  1.488
-21.251	  8.477	 -9.542 -1.077
-18.937	  8.764	 -6.523 -0.398
-19.745	 12.465	 -6.001  0.463
-20.226	 13.484	 -2.363  1.330
-21.808	 16.832	 -3.270 -2.369
-24.513	 15.300	 -5.455  0.976
-28.005	 16.622	 -4.760 -0.355
-31.245	 15.800	 -6.547  0.698
-34.568	 17.482	 -5.832 -1.015
-37.370	 14.921	 -6.035  0.373
-40.869	 15.635	 -7.335 -0.927
-42.510	 15.290	 -3.914  0.448
-40.406	 18.206	 -2.701 -0.271
-37.772	 16.172	 -0.856  1.159
-34.100	 16.100	 -1.828 -0.055
-31.478	 13.331	 -2.127  0.975
-28.084	 14.184	 -0.632  0.841
-24.560	 12.869	 -0.926  1.481
-22.660	  9.916	 -2.301  1.047
-25.526	  7.565	 -1.435  1.142
-28.310	 10.027	 -2.282  1.488
-30.033	  9.861	  1.103  1.439
-33.526	 11.429	  0.984  1.255
-34.753	 14.249	  3.240  0.839
-38.326	 12.976	  3.511 -0.545
-37.268	 10.328	  6.018 -0.613
-33.554	 10.386	  6.810  1.177
-32.154	 13.892	  7.299  1.483
-33.360	 17.429	  7.894 -0.208
-32.722	 20.089	  5.271 -0.243
-35.248	 22.331	  7.006 -2.014
-37.190	 22.657	  3.767 -1.880
-39.097	 19.368	  3.673 -1.052
-42.504	 19.432	  5.480 -1.001
-42.508	 15.676	  6.112 -1.911
-38.918	 15.270	  7.344 -0.214
-38.751	 12.505	  9.962 -1.289
-34.975	 12.958	 10.236  1.122
-34.472	  9.316	 11.231 -0.809
-30.689	  9.652	 11.090  1.483
-30.933	 12.701	 13.370 -0.620
-28.658	 14.826	 11.189 -0.146
-28.821	 17.945	  9.025 -0.602
-28.699	 16.899	  5.370  1.460
-25.690	 19.190	  4.959 -0.291
-23.609	 16.621	  6.854 -0.841
-24.128	 14.240	  3.945  0.670
-22.369	 16.601	  1.526 -0.077
-18.933	 16.456	  3.170 -0.180
-15.824	 14.855	  1.676  0.256
-15.795	 12.954	  4.996  0.497
-18.182	 10.050	  4.347  1.069
-18.622	  9.227	  8.056 -1.018
-22.086	 10.763	  8.316 -0.345
-23.332	  9.150	  5.105  0.665
-22.030	  5.744	  6.151  0.328
-23.568	  5.947	  9.635 -2.374
-26.923	  6.886	  8.132  1.476
-26.684	  4.227	  5.411  1.006
-26.061	  1.595	  8.083  0.305
-29.241	  2.607	  9.912 -0.662
-31.163	  2.627	  6.618  0.918
-29.981	 -0.835	  5.606 -0.507
-30.820	 -2.069	  9.109 -1.004
-34.482	 -1.699	  8.210 -0.141
-36.385	 -4.656	  6.787 -0.350
-35.867	 -3.465	  3.217 -0.259
-32.075	 -3.561	  3.442  1.122
-30.301	 -2.170	  0.394  0.679
-33.548	 -2.139	 -1.580 -1.120
-33.936	  1.346	 -0.109  0.970
-31.636	  2.473	 -2.932  1.212
-33.335	  2.438	 -6.338  0.066
-30.018	  2.483	 -8.202  0.472
-28.755	 -0.580	 -6.328  0.945
-32.030	 -2.412	 -6.839 -2.233
-31.910	 -1.713	-10.577 -1.089
-28.194	 -1.670	-11.437 -0.715
-26.371	 -3.728	 -8.789  1.475
-28.679	 -6.373	 -7.376 -1.075
-28.348	 -9.546	 -9.432 -0.137
-24.948	 -8.718	-10.916 -0.503
-21.338	 -9.533	-10.099 -0.741
-21.005	 -6.586	 -7.721  0.566
-17.673	 -7.778	 -6.353 -0.069
-16.272	 -6.662	 -9.697 -0.965
-16.483	 -3.139	 -8.299  0.052
-13.654	 -3.756	 -5.825 -0.204
-11.635	 -6.049	 -8.090 -0.998
 -8.103	 -4.791	 -8.656 -0.656
 -8.180	 -2.821	 -5.411  1.479
 -5.699	 -3.392	 -2.588 -1.690
 -7.845	 -3.906	  0.519 -0.199
BRIEF 2EIZ A 107              
-23.879	-15.672	 15.709       
-20.659	-13.699	 16.011       
-19.032	-14.529	 19.351       
-17.502	-11.601	 21.237       
-14.749	-12.321	 23.768       
-13.435	 -9.736	 26.226       
-10.260	 -9.897	 28.306       
 -9.412	 -9.763	 31.072       
-12.542	-10.836	 32.965       
-11.499	 -8.599	 35.859       
 -9.108	 -5.643	 35.639       
 -7.605	 -4.141	 38.793       
 -6.655	 -0.482	 38.346       
 -5.176	  2.057	 40.761       
 -6.694	  5.537	 40.459       
 -4.533	  7.407	 37.962       
 -3.389	  4.293	 36.069       
 -3.800	  3.594	 32.364       
 -6.405	  0.889	 31.710       
 -6.508	 -1.331	 28.618       
 -9.519	 -3.533	 27.866       
 -9.590	 -6.015	 24.992       
-12.459	 -7.276	 22.845       
-12.188	 -9.755	 19.986       
-14.728	-10.944	 17.421       
-14.973	-14.528	 16.136       
-15.014	-13.047	 12.620       
-14.396	 -9.664	 11.000       
-16.880	 -6.949	 11.984       
-15.136	 -3.952	 10.421       
-15.583	 -0.977	 12.763       
-19.011	 -2.116	 13.947       
-18.056	 -2.362	 17.596       
-19.544	 -0.312	 20.430       
-18.357	  0.107	 24.023       
-20.651	  0.329	 27.056       
-20.025	  1.203	 30.709       
-22.358	 -0.246	 33.326       
-22.399	  0.755	 36.976       
-24.276	 -1.201	 39.694       
-28.046	 -1.038	 39.362       
-27.699	  1.190	 36.301       
-28.291	  0.643	 32.593       
-25.317	  0.320	 30.243       
-24.145	  3.720	 28.976       
-22.676	  4.037	 25.470       
-19.156	  5.512	 25.563       
-17.683	  4.795	 22.138       
-19.458	  3.891	 18.914       
-18.227	  2.422	 15.655       
-14.950	  1.436	 17.334       
-13.498	  4.917	 17.734       
-16.172	  7.622	 17.389       
-16.583	  9.677	 20.557       
-19.888	 10.659	 22.159       
-20.558	 14.168	 23.449       
-20.251	 14.387	 27.216       
-17.965	 11.364	 27.549       
-14.582	 12.165	 29.199       
-11.595	 12.443	 26.872       
 -9.706	  9.771	 28.821       
-11.894	  7.147	 27.097       
-10.610	  6.105	 23.682       
-11.492	  3.216	 21.400       
 -9.296	  1.619	 18.743       
 -8.983	 -1.475	 16.574       
-10.721	 -2.992	 13.559       
-11.619	 -6.327	 12.009       
-11.433	 -8.777	 14.914       
 -9.353	 -7.008	 17.576       
-10.585	 -3.926	 19.421       
 -9.352	 -1.975	 22.444       
-10.814	  0.483	 24.955       
 -8.184	  2.601	 26.683       
 -8.688	  4.782	 29.748       
 -5.540	  6.966	 29.716       
 -5.743	  7.844	 33.412       
 -8.515	  6.058	 35.278       
-10.506	  8.007	 37.847       
-12.369	  6.426	 40.761       
-15.782	  6.920	 39.145       
-14.673	  4.749	 36.213       
-14.969	  1.515	 38.150       
-17.733	 -0.520	 36.522       
-18.272	 -3.410	 34.114       
-17.477	 -2.626	 30.475       
-19.092	 -4.444	 27.564       
-18.353	 -4.440	 23.856       
-21.121	 -5.141	 21.336       
-20.969	 -5.802	 17.585       
-23.641	 -4.565	 15.156       
-22.222	 -6.010	 11.946       
-24.453	 -9.083	 12.087       
-27.851	-10.015	 13.492       
-28.297	-11.119	 16.199       
-26.236	 -8.347	 17.793       
-23.974	 -9.800	 20.468       
-22.121	 -8.553	 23.538       
-18.762	 -9.604	 24.905       
-18.871	-11.224	 28.349       
-17.699	 -8.023	 30.015       
-14.621	 -6.800	 31.893       
-15.089	 -5.808	 35.521       
-12.803	 -2.859	 36.198       
-12.253	 -2.438	 39.931       
-10.013	 -0.483	 42.296       
 -6.549	 -1.676	 43.306       
BRIEF 2EIZ B 113              
-33.137	 15.105	 26.777       
-34.756	 11.798	 25.844       
-36.178	  9.437	 28.441       
-37.200	  5.795	 28.204       
-39.164	  4.020	 30.918       
-39.956	  0.320	 31.177       
-43.130	 -0.806	 32.933       
-44.915	 -4.076	 33.556       
-45.194	 -7.077	 35.925       
-42.100	 -7.839	 37.969       
-43.287	-11.268	 39.049       
-44.842	-14.145	 37.128       
-45.200	-17.923	 36.953       
-43.731	-20.400	 34.426       
-45.526	-20.871	 31.087       
-47.145	-17.423	 31.331       
-46.572	-14.588	 28.851       
-44.264	-11.724	 29.832       
-45.549	 -8.313	 28.749       
-43.517	 -5.121	 29.076       
-43.889	 -1.650	 27.620       
-41.380	  1.179	 27.203       
-42.694	  4.731	 27.120       
-40.646	  7.452	 25.486       
-40.540	 11.179	 26.139       
-38.530	 13.810	 24.307       
-38.508	 11.812	 21.071       
-41.087	 10.370	 18.661       
-41.582	  6.599	 18.740       
-42.610	  6.752	 15.089       
-39.333	  8.513	 14.257       
-36.653	  5.933	 15.099       
-35.708	  2.264	 15.661       
-36.308	  0.719	 19.115       
-34.715	 -2.210	 20.976       
-35.003	 -4.601	 23.917       
-32.068	 -6.114	 25.804       
-31.969	 -8.275	 28.930       
-29.504	 -9.183	 31.648       
-29.983	-12.317	 33.752       
-28.919	-11.815	 37.398       
-25.153	-12.014	 37.785       
-24.780	-12.409	 34.023       
-24.054	-10.301	 30.953       
-26.237	 -8.772	 28.247       
-28.313	-10.538	 25.600       
-29.890	 -8.579	 22.745       
-33.580	 -9.516	 22.387       
-34.504	 -7.672	 19.198       
-35.566	 -4.396	 17.604       
-38.226	 -2.828	 15.397       
-37.352	 -0.336	 12.647       
-39.267	  2.618	 11.183       
-41.084	  0.446	  8.620       
-42.264	 -1.828	 11.416       
-39.975	 -4.683	 10.422       
-38.695	 -6.738	 13.336       
-35.535	 -8.691	 14.128       
-35.519	-11.237	 16.936       
-32.669	-13.132	 18.521       
-32.884	-16.808	 17.406       
-32.000	-17.770	 20.985       
-35.567	-16.903	 22.010       
-37.020	-19.501	 19.620       
-39.812	-17.444	 18.034       
-41.320	-16.715	 21.456       
-40.843	-12.950	 21.165       
-42.989	-10.106	 19.827       
-42.047	 -6.414	 19.608       
-44.693	 -3.874	 18.626       
-45.267	 -0.130	 18.455       
-48.128	  1.971	 19.850       
-47.738	  5.284	 17.990       
-50.798	  6.724	 19.738       
-49.116	  6.518	 23.159       
-45.494	  7.038	 22.037       
-44.345	  3.666	 23.347       
-43.355	  0.182	 22.223       
-43.769	 -3.221	 23.816       
-42.156	 -6.599	 24.273       
-44.026	 -9.897	 24.559       
-42.313	-13.145	 25.546       
-44.409	-16.327	 25.670       
-43.888	-19.556	 27.627       
-41.470	-18.154	 30.197       
-39.291	-20.254	 32.487       
-36.608	-19.513	 35.082       
-34.187	-18.927	 32.201       
-36.103	-15.733	 31.436       
-35.599	-14.144	 34.847       
-33.624	-10.968	 34.199       
-33.561	 -7.180	 34.168       
-35.154	 -6.100	 30.892       
-33.969	 -2.917	 29.185       
-35.409	 -0.892	 26.339       
-33.174	  1.426	 24.360       
-33.072	  3.478	 21.205       
-31.449	  1.400	 18.459       
-28.392	  3.661	 18.156       
-27.744	  3.004	 21.838       
-27.670	  6.674	 22.928       
-30.544	  6.245	 25.365       
-31.586	  3.323	 27.530       
-34.381	  2.832	 30.002       
-33.361	  2.081	 33.596       
-34.433	 -1.542	 33.309       
-37.131	 -3.550	 35.072       
-36.551	 -6.776	 36.982       
-38.815	 -9.601	 35.851       
-38.634	-12.703	 38.026       
-40.243	-15.948	 36.915       
-40.904	-17.740	 40.204       
-42.089	-21.305	 39.670       
