BRIEF 2HMI B 430              
 14.941	103.872	 -1.628  0.562
 11.335	104.951	 -2.197  0.529
  8.468	102.467	 -1.839  0.534
  7.729	100.046	 -4.691 -0.001
  4.172	101.415	 -4.790  0.407
  3.000	102.301	 -8.288 -0.579
  2.988	105.858	 -9.647  0.453
 -0.510	107.307	 -9.304  0.193
 -1.320	109.399	-12.384  0.562
 -1.159	113.137	-11.790  0.527
 -2.163	115.739	-14.320 -0.371
 -3.469	119.272	-13.957  0.560
 -6.537	121.220	-14.952  0.395
 -6.775	121.933	-18.710  0.491
 -5.061	125.031	-20.081  0.482
 -2.961	125.557	-16.955  0.525
  0.804	125.954	-17.529  0.518
  1.432	125.173	-13.888  0.560
  3.260	127.447	-11.442  0.562
  5.820	129.926	-12.650 -1.589
  6.133	132.237	 -9.635  0.018
  9.386	134.050	 -8.890  0.395
 11.340	133.761	 -5.628  0.567
 11.387	136.529	 -3.010  0.542
 14.547	137.573	 -1.120  0.493
 15.424	135.609	  1.971  0.561
 17.492	136.356	  5.009  0.375
 20.901	134.753	  5.319  0.348
 19.432	133.078	  8.382  0.511
 16.742	131.482	  6.203  0.565
 19.135	130.645	  3.343  0.406
 21.531	128.590	  5.421 -0.247
 18.669	126.510	  6.758  0.528
 16.837	126.251	  3.429  0.409
 20.193	125.007	  2.176 -2.300
 21.565	122.377	  4.572 -0.634
 18.065	121.019	  4.719  0.528
 17.623	120.693	  0.951  0.469
 21.090	119.353	  0.165 -3.280
 20.597	116.347	  2.431 -0.597
 17.369	115.878	  0.540 -0.113
 19.500	115.540	 -2.570  0.457
 21.538	112.703	 -1.132 -0.273
 18.398	111.003	  0.209  0.239
 17.064	111.197	 -3.344  0.560
 13.708	112.714	 -2.557  0.565
 14.966	115.665	 -4.658  0.488
 17.209	115.995	 -7.724 -0.086
 18.848	118.958	 -9.469 -1.102
 17.563	120.559	-12.681  0.158
 18.591	123.517	-14.824  0.560
 16.991	126.320	-16.920  0.562
 15.220	123.749	-19.129  0.403
 12.393	123.665	-16.525  0.529
 10.514	126.959	-16.913  0.562
  8.362	126.277	-13.880  0.559
  8.966	127.444	-10.356  0.529
  7.468	127.782	 -6.925  0.531
  8.855	129.568	 -3.868  0.562
 10.414	128.226	 -0.715 -1.342
 11.265	129.807	  2.594  0.560
 12.522	128.570	  5.914  0.362
 10.594	129.134	  9.080  0.569
 12.126	128.559	 12.508 -0.061
  9.797	126.399	 14.554  0.565
 10.346	126.219	 18.331  0.565
 10.870	122.449	 18.392 -0.441
 13.688	119.965	 19.010 -0.054
 13.931	118.914	 15.381 -0.221
 15.217	121.699	 13.143 -0.191
 14.153	124.392	 10.647  0.542
 11.177	123.698	  8.494  0.567
 11.171	123.854	  4.751  0.565
  8.090	125.552	  3.205  0.183
  7.401	125.419	 -0.516  0.274
  4.596	127.806	 -1.292  0.567
  2.483	125.650	 -3.656  0.481
 -0.828	127.580	 -3.518  0.517
 -0.643	127.979	 -7.282  0.402
  0.268	124.391	 -8.207  0.485
 -2.593	123.538	 -5.946  0.569
 -5.322	125.351	 -7.862  0.509
 -3.639	124.237	-11.073 -0.000
 -3.668	120.555	-10.007  0.531
 -6.518	118.219	-10.947  0.518
 -9.483	117.350	 -8.819  0.371
 -8.470	114.473	 -6.609  0.481
-11.334	112.246	 -5.522 -0.387
 -8.766	110.521	 -3.305  0.566
 -9.418	113.335	 -0.830  0.402
-13.065	113.924	 -1.820  0.567
-13.797	110.700	  0.036  0.561
-10.468	109.933	  1.659  0.560
-10.645	112.914	  3.920  0.529
-14.120	113.351	  5.430  0.562
-14.401	115.899	  8.229  0.523
-15.669	114.455	 11.558  0.562
-18.052	116.835	 13.349 -0.102
-17.098	115.772	 16.885  0.560
-13.576	117.050	 16.160  0.333
-14.510	120.567	 17.260 -0.008
-16.343	119.247	 20.295 -0.509
-13.497	118.136	 22.593 -0.239
-11.591	119.361	 25.645 -0.245
 -8.414	119.741	 23.615  0.499
 -6.752	118.895	 20.324  0.193
 -3.146	118.662	 19.284  0.376
 -1.317	119.437	 16.082  0.402
  1.213	117.049	 14.594  0.560
  3.444	117.859	 11.656  0.567
  3.595	114.568	  9.836  0.444
  5.118	115.784	  6.665  0.482
  7.931	113.225	  6.512  0.468
  5.340	110.520	  5.845  0.528
  5.185	111.853	  2.287  0.559
  8.848	110.915	  1.410  0.481
  8.178	107.199	  1.671  0.570
  6.123	107.455	 -1.484  0.178
  7.248	108.374	 -4.988  0.493
  5.653	111.070	 -7.183  0.561
  4.454	110.788	-10.794 -0.975
  7.588	110.590	-12.929 -3.284
  5.944	112.828	-15.554 -3.284
  4.987	115.566	-13.073  0.481
  8.127	116.528	-11.074  0.517
  8.710	119.498	-13.414  0.452
  5.863	121.233	-11.488  0.559
  7.492	121.157	 -8.038  0.569
 10.738	123.047	 -8.770  0.528
 11.953	125.788	 -6.418  0.560
 15.029	128.011	 -6.343  0.569
 17.364	128.618	 -3.400  0.529
 19.063	132.001	 -3.751  0.493
 22.131	133.533	 -2.174  0.570
 23.263	136.665	 -0.398 -3.284
 24.231	139.468	 -2.721  0.569
 23.747	137.003	 -5.541  0.569
 27.207	135.402	 -5.210 -0.283
 26.150	132.682	 -7.556  0.219
 23.067	132.156	 -9.716  0.562
 20.004	130.266	 -8.573  0.560
 20.151	126.620	 -7.425 -0.946
 16.912	124.888	 -8.476  0.567
 15.760	121.596	 -6.995  0.476
 12.957	119.325	 -8.215  0.469
 10.805	116.866	 -6.235  0.476
 10.868	113.098	 -6.797  0.569
  8.765	111.958	 -3.931  0.569
  5.525	113.500	 -2.789  0.561
  6.186	117.219	 -1.975  0.493
  5.234	118.437	  1.457  0.518
  2.152	120.565	  1.252  0.482
  0.783	119.731	 -2.164  0.542
 -2.977	119.077	 -2.314  0.452
 -2.235	115.839	 -4.205  0.560
  0.136	114.409	 -1.572  0.570
 -2.406	113.762	  1.208  0.423
 -4.959	112.656	 -1.362  0.105
 -2.707	109.859	 -2.633  0.529
 -1.028	108.753	  0.585  0.560
 -4.491	108.298	  2.249  0.567
 -4.672	104.482	  1.953 -3.284
 -1.291	104.298	  3.643  0.319
 -2.081	106.885	  6.344  0.525
 -5.308	105.036	  7.146  0.220
 -3.791	101.576	  7.639 -1.089
 -1.054	103.159	  9.770  0.529
 -3.467	104.924	 12.166  0.561
 -5.865	101.968	 11.930 -1.097
 -4.321	100.244	 14.979  0.493
 -4.162	103.366	 17.175  0.243
 -7.679	104.475	 16.442  0.216
 -8.929	100.914	 16.949 -3.284
 -7.142	100.663	 20.280 -3.284
 -8.705	103.855	 21.685  0.408
-11.612	104.642	 19.280  0.281
-12.587	107.402	 21.701 -3.279
-10.109	109.582	 19.767 -3.277
-10.977	111.474	 16.609 -0.819
 -8.164	112.069	 14.136  0.529
 -8.198	114.543	 11.291 -0.113
 -5.738	114.885	  8.393  0.469
 -5.059	118.266	  6.802  0.559
 -2.263	118.677	  4.276 -0.243
  0.834	118.200	  6.535  0.567
 -0.880	118.220	  9.946  0.567
 -2.567	115.573	 12.044  0.561
 -5.322	116.885	 14.324  0.559
 -5.815	114.724	 17.489  0.444
 -8.586	115.661	 19.869  0.170
 -9.773	114.129	 23.128  0.570
-11.899	115.022	 26.110  0.567
 -9.284	113.562	 28.377  0.485
 -7.218	115.398	 30.952 -0.041
 -4.427	117.608	 29.650  0.241
 -1.791	115.246	 31.057 -3.278
 -3.676	112.159	 29.853  0.173
 -4.080	113.721	 26.417  0.478
 -0.395	114.569	 26.090  0.567
  0.541	110.958	 26.898 -3.284
 -2.021	109.584	 24.457  0.222
 -0.568	111.877	 21.827 -0.527
  2.943	110.659	 22.588  0.017
  1.672	107.065	 22.153 -0.380
  0.303	107.798	 18.708  0.560
  3.562	109.675	 18.110  0.517
  5.451	106.470	 19.047 -3.284
  3.340	104.269	 16.820  0.293
  4.041	106.581	 13.884  0.561
  7.675	105.634	 14.421 -0.396
  7.481	101.843	 14.253 -3.284
  5.192	102.091	 11.269  0.542
  6.104	103.748	  8.018  0.560
  8.992	105.584	  9.668 -1.272
  6.606	108.509	 10.136 -0.789
  8.832	110.966	 12.047  0.531
  7.051	113.940	 13.616  0.562
  8.641	117.165	 14.836  0.468
  9.482	116.899	 18.498 -0.363
  8.281	119.850	 20.565  0.565
 10.615	121.683	 22.917  0.568
  9.585	122.334	 26.548  0.518
 11.100	124.825	 29.112  0.452
 10.505	126.918	 32.332  0.457
 10.490	130.896	 32.297  0.562
  7.304	131.791	 30.237  0.562
  5.617	128.362	 29.678  0.481
  4.411	128.595	 26.011 -0.205
  4.184	124.803	 25.612  0.542
  1.287	124.629	 28.089  0.481
 -0.804	126.400	 25.476  0.482
  0.399	124.445	 22.474  0.476
 -2.611	122.328	 23.240  0.566
 -5.700	123.459	 21.325  0.561
 -8.821	123.584	 23.537  0.568
-11.921	124.407	 21.463  0.562
-14.479	123.488	 24.143  0.518
-14.355	127.116	 25.261  0.111
-13.803	128.553	 21.763  0.542
-14.678	132.273	 21.667  0.453
-18.357	132.332	 20.640  0.527
-18.933	135.867	 19.330  0.420
-21.813	137.912	 20.790 -0.486
-20.282	141.158	 22.124  0.194
-21.636	143.925	 19.878 -3.284
-23.907	146.249	 21.822  0.561
-24.533	149.904	 22.794  0.562
-26.128	151.490	 25.913 -3.224
-26.218	154.763	 27.891  0.165
-28.528	157.435	 29.408 -2.193
-28.517	161.064	 28.117 -0.674
-27.537	160.670	 24.447  0.232
-26.537	163.535	 22.143  0.454
-27.551	163.999	 18.511  0.486
-24.134	162.766	 17.432  0.569
-24.750	159.648	 19.499  0.469
-28.303	158.839	 18.346  0.488
-27.302	159.716	 14.808  0.517
-24.355	157.333	 14.823  0.394
-26.532	154.632	 16.445  0.408
-29.166	154.784	 13.680  0.527
-26.394	154.783	 11.100  0.404
-25.264	151.474	 12.594  0.509
-28.611	149.695	 12.816  0.485
-29.480	150.580	  9.215  0.488
-26.583	148.343	  8.107  0.387
-27.194	145.736	 10.794  0.528
-30.660	145.289	  9.246  0.426
-28.794	143.127	  6.679  0.469
-27.737	140.588	  9.324  0.569
-30.882	140.915	 11.435  0.393
-34.389	141.262	  9.843 -3.284
-36.406	142.492	 12.825  0.404
-34.999	146.022	 12.833  0.447
-36.875	149.326	 13.099 -1.101
-34.699	152.285	 11.984 -0.208
-37.394	154.883	 11.150 -3.284
-38.151	155.062	 14.902 -0.342
-34.996	156.930	 15.908  0.334
-34.811	158.652	 12.507  0.469
-38.059	160.429	 13.460 -1.111
-36.749	161.250	 16.962  0.332
-34.147	163.217	 15.041 -1.111
-36.004	164.643	 12.030  0.215
-34.605	168.189	 12.214  0.560
-31.493	170.294	 11.547 -2.985
-30.659	170.360	 15.282  0.452
-27.202	171.006	 16.746 -0.454
-25.074	167.931	 16.158  0.561
-23.394	168.434	 19.527  0.531
-25.152	169.826	 22.607 -0.413
-28.486	168.596	 21.270 -0.994
-29.875	165.862	 23.510 -1.107
-33.308	164.712	 22.165 -2.496
-34.186	162.613	 25.218  0.181
-37.083	160.469	 24.062  0.453
-39.133	157.979	 26.034 -3.284
-40.822	156.469	 22.975  0.182
-37.544	155.411	 21.320  0.569
-36.498	153.548	 24.474  0.456
-39.335	151.002	 24.162  0.029
-38.002	150.123	 20.709  0.566
-34.291	150.771	 21.191  0.560
-34.151	147.938	 23.717  0.360
-36.462	146.041	 21.319  0.566
-33.940	145.791	 18.467  0.529
-31.809	144.128	 21.139  0.417
-34.511	141.564	 21.893  0.512
-34.622	140.950	 18.120  0.447
-30.875	140.435	 17.660  0.409
-30.875	138.832	 21.145 -1.110
-29.069	135.592	 20.324 -1.087
-27.686	133.451	 17.497  0.001
-29.093	134.522	 14.112  0.486
-31.312	132.193	 12.085  0.476
-29.248	131.807	  8.913  0.482
-26.369	129.457	  9.722 -0.444
-26.051	127.246	  6.623  0.476
-22.668	125.903	  5.538  0.559
-22.630	124.808	  1.935  0.469
-19.533	122.609	  1.287  0.216
-19.780	123.782	 -2.352 -0.451
-18.734	127.343	 -1.548  0.509
-15.460	128.852	 -0.376 -1.107
-14.931	130.405	  2.986  0.333
-14.044	134.074	  3.469 -0.989
-12.339	135.681	  6.448  0.445
-12.328	139.395	  7.238  0.403
 -9.975	140.975	  9.775 -1.108
-10.014	144.633	 10.917  0.518
 -7.863	146.729	 13.256  0.509
-10.520	147.407	 15.942  0.518
 -8.556	149.041	 18.759 -0.629
 -5.009	148.693	 20.093 -3.284
 -3.763	145.158	 20.279 -2.428
 -7.297	143.890	 19.798  0.518
 -8.181	142.352	 16.396  0.387
-11.606	141.190	 15.193 -0.014
-12.663	138.638	 12.527  0.392
-15.635	136.953	 10.761  0.518
-16.004	133.868	  8.499  0.406
-18.691	133.765	  5.803  0.227
-19.693	131.955	  2.636  0.567
-22.247	134.544	  1.674  0.294
-22.051	138.268	  2.516 -0.624
-23.810	139.533	  5.677 -1.147
-24.670	135.964	  6.576  0.395
-21.627	135.042	  8.655  0.325
-21.298	131.438	  9.824  0.561
-19.104	132.366	 12.758  0.451
-17.426	135.375	 14.342  0.569
-14.550	136.085	 16.746  0.560
-11.587	138.237	 17.726  0.452
 -7.849	137.902	 18.323  0.559
 -7.338	139.798	 21.592  0.445
 -4.324	141.138	 23.524 -1.310
 -1.184	139.055	 23.219 -3.284
  0.255	138.068	 26.621 -1.047
  3.841	139.008	 25.730 -1.100
  5.889	142.163	 25.058 -0.939
  5.846	141.246	 21.332  0.568
  4.401	144.371	 19.755  0.415
  4.031	144.289	 15.980  0.569
  1.010	145.074	 13.856  0.419
  1.898	142.659	 11.069 -0.111
  2.689	140.004	 13.651 -1.289
 -0.631	140.458	 15.525  0.370
 -2.457	140.184	 12.239  0.561
 -0.543	137.141	 10.961 -1.098
 -0.870	135.384	 14.291 -0.663
 -4.597	136.171	 14.052 -0.768
 -5.012	134.855	 10.512  0.485
 -3.076	131.703	 11.441  0.271
 -5.260	131.142	 14.564  0.167
 -8.399	131.997	 12.563 -0.726
 -7.393	129.349	  9.969 -3.284
 -6.739	126.859	 12.732 -3.284
-10.398	127.278	 13.678  0.566
-11.724	127.125	 10.154 -0.466
 -9.866	123.800	  9.790  0.325
-11.091	122.102	 12.996 -0.346
-14.630	122.934	 11.896  0.448
-15.473	122.995	  8.221  0.387
-12.021	121.669	  7.337  0.402
-11.311	124.152	  4.569  0.050
 -9.142	127.275	  4.657 -2.757
-10.988	130.633	  4.112  0.493
 -9.772	133.365	  1.745  0.224
 -8.453	136.273	  3.770  0.560
 -9.281	139.868	  2.981 -3.283
 -6.280	141.438	  4.695  0.561
 -6.369	144.902	  6.386  0.562
 -2.959	145.827	  4.961  0.361
 -1.215	146.812	  1.714  0.065
  0.253	144.038	 -0.554 -0.404
  3.597	145.634	 -0.119  0.015
  3.787	145.665	  3.698  0.414
  2.435	142.136	  4.288  0.386
  4.861	140.847	  1.672 -1.107
  7.895	141.957	  3.602 -3.284
  7.088	140.573	  7.052  0.541
  4.407	137.781	  6.911  0.542
  7.170	135.205	  6.636 -3.218
  9.152	136.332	  9.708 -2.690
  6.150	135.450	 11.911 -0.023
  4.316	132.574	 10.222  0.542
  4.681	129.217	 11.853  0.518
  1.981	126.912	 10.479  0.528
  2.743	124.250	  7.835  0.374
 -0.175	125.053	  5.597 -0.085
 -0.668	128.411	  3.865  0.448
 -3.960	130.244	  3.117  0.492
 -4.994	132.354	  0.184 -0.315
 -5.156	136.044	  0.881  0.542
 -5.785	139.362	 -0.835  0.512
 -5.393	143.007	  0.232  0.399
 -8.365	145.401	  0.829  0.274
 -9.699	148.248	  3.047  0.489
-12.772	148.615	  5.348  0.531
-15.365	151.370	  6.054  0.423
-16.915	152.595	  9.360  0.424
-19.626	150.013	  8.607  0.560
-17.389	147.094	  9.603  0.527
-15.018	149.115	 11.806  0.565
-18.237	150.196	 13.544  0.561
-17.184	147.610	 16.151  0.541
-20.055	145.624	 14.704  0.559
-17.865	143.061	 12.941  0.469
-20.458	140.766	 11.289  0.485
-19.801	141.150	  7.563  0.512
BRIEF 2HMI A 558              
 37.672	123.928	-26.730       
 34.578	121.761	-26.571       
 33.393	121.384	-22.999       
 32.923	117.795	-21.739       
 30.005	118.943	-19.606       
 26.673	117.100	-19.876       
 24.290	118.765	-22.318       
 21.091	120.475	-21.083       
 18.092	119.360	-23.128       
 15.769	121.825	-24.791       
 12.536	121.692	-26.784       
 10.372	124.020	-28.895       
  7.275	125.476	-27.305       
  4.330	123.069	-27.725       
  2.753	124.568	-30.818       
  5.473	125.775	-33.175       
  8.332	124.127	-35.134       
 11.814	124.787	-36.551       
 12.596	128.291	-37.927       
 12.339	128.455	-41.707       
 13.430	131.831	-43.046       
 14.652	132.661	-46.536       
 18.382	133.378	-46.648       
 18.858	136.632	-48.502       
 21.959	136.899	-50.764       
 24.961	138.618	-49.151       
 27.671	140.829	-50.677       
 30.223	139.043	-52.854       
 32.842	140.046	-50.276       
 30.476	139.343	-47.366       
 29.950	135.795	-48.651       
 33.683	135.265	-48.876       
 33.897	136.550	-45.305       
 31.097	134.290	-44.099       
 33.002	131.447	-45.706       
 36.252	132.287	-43.896       
 34.265	132.390	-40.649       
 32.110	129.257	-41.087       
 35.139	127.303	-42.257       
 37.227	128.481	-39.309       
 34.561	127.591	-36.729       
 34.162	124.285	-38.575       
 37.859	123.399	-38.590       
 37.660	124.093	-34.856       
 34.471	122.316	-33.831       
 31.999	125.069	-33.098       
 29.733	124.236	-36.037       
 29.249	121.241	-38.245       
 28.397	120.697	-41.881       
 24.877	119.362	-42.203       
 22.967	117.009	-44.487       
 20.463	117.912	-47.238       
 17.326	117.039	-45.263       
 17.343	119.807	-42.646       
 14.540	122.094	-43.913       
 15.225	124.664	-41.187       
 17.244	127.865	-41.695       
 17.998	131.215	-40.081       
 19.514	134.131	-41.950       
 22.997	135.505	-41.515       
 24.442	138.941	-42.135       
 28.180	139.616	-41.936       
 30.226	142.722	-41.243       
 33.860	142.214	-40.132       
 34.395	146.010	-39.884       
 35.716	145.753	-36.296       
 39.366	145.920	-35.175       
 41.848	143.116	-35.945       
 41.139	139.697	-34.387       
 37.520	140.893	-34.203       
 34.766	140.621	-36.817       
 31.079	139.945	-37.390       
 29.248	137.181	-39.269       
 26.548	136.075	-36.840       
 22.973	134.857	-37.165       
 19.807	136.720	-36.270       
 18.079	133.760	-34.544       
 15.054	136.018	-33.916       
 12.647	133.512	-35.471       
 14.218	130.608	-33.633       
 13.769	132.394	-30.316       
 10.128	132.965	-31.164       
  9.691	129.165	-30.996       
 12.199	127.808	-28.443       
 10.653	126.964	-25.046       
 11.086	129.376	-22.146       
 13.438	128.919	-19.263       
 13.880	130.126	-15.739       
 16.758	132.491	-16.026       
 18.089	131.384	-12.616       
 18.919	134.929	-11.511       
 17.799	137.008	 -8.519       
 19.812	139.996	 -9.783       
 23.336	141.364	-10.277       
 25.791	141.575	 -7.360       
 26.875	144.711	 -5.510       
 30.325	145.735	 -4.179       
 28.729	146.910	 -0.953       
 27.859	143.262	 -0.401       
 31.371	142.030	 -1.035       
 33.599	141.832	  2.025       
 37.309	142.635	  2.514       
 39.955	139.962	  1.939       
 43.765	139.974	  1.876       
 44.232	139.029	 -1.800       
 41.785	139.257	 -4.732       
 41.756	138.476	 -8.453       
 39.470	138.690	-11.458       
 39.560	135.916	-14.026       
 37.587	135.683	-17.216       
 36.793	132.842	-19.553       
 36.987	133.437	-23.243       
 34.656	131.932	-25.818       
 32.282	131.092	-22.952       
 29.199	130.692	-25.133       
 31.347	129.024	-27.819       
 32.552	126.544	-25.266       
 29.418	124.887	-23.922       
 27.729	122.499	-26.346       
 24.097	122.684	-27.347       
 21.600	119.858	-27.081       
 22.686	117.742	-30.072       
 18.959	116.913	-30.361       
 18.087	120.611	-30.748       
 21.130	121.486	-32.959       
 19.225	120.779	-36.165       
 17.234	123.962	-35.423       
 20.136	126.457	-35.347       
 20.975	125.373	-38.895       
 21.808	128.140	-41.292       
 22.934	128.707	-44.841       
 25.783	130.805	-46.138       
 24.606	132.330	-49.457       
 26.783	131.418	-52.399       
 28.635	133.428	-55.020       
 26.807	133.034	-58.367       
 29.611	130.585	-59.469       
 28.475	127.421	-57.594       
 24.790	126.598	-57.908       
 24.131	125.193	-54.385       
 25.452	126.843	-51.241       
 27.068	125.466	-48.092       
 24.992	124.188	-45.129       
 26.013	124.483	-41.455       
 24.608	123.977	-37.954       
 25.746	125.109	-34.545       
 27.355	122.504	-32.400       
 27.861	125.022	-29.642       
 25.836	127.734	-27.879       
 24.933	130.425	-30.464       
 24.635	134.061	-29.304       
 21.341	135.884	-29.791       
 19.444	132.799	-28.679       
 17.367	132.948	-25.459       
 18.736	129.601	-24.439       
 22.416	130.398	-24.358       
 22.264	132.727	-21.272       
 20.751	130.395	-18.647       
 22.594	127.365	-20.058       
 26.151	128.697	-19.819       
 25.201	129.891	-16.353       
 24.084	126.591	-14.899       
 27.010	125.013	-16.709       
 29.525	127.482	-15.302       
 28.246	126.800	-11.810       
 28.370	122.983	-12.038       
 31.979	123.211	-13.152       
 32.973	125.442	-10.258       
 30.870	123.604	 -7.657       
 33.387	120.823	 -7.054       
 36.326	123.227	 -6.800       
 34.303	125.302	 -4.331       
 33.315	122.300	 -2.180       
 36.991	121.198	 -1.920       
 38.189	124.549	 -0.539       
 35.514	126.761	  1.112       
 37.922	129.579	  1.903       
 38.173	131.134	 -1.542       
 35.167	133.321	 -2.268       
 33.979	133.142	 -5.866       
 31.296	135.421	 -7.386       
 30.387	134.000	-10.761       
 28.683	136.439	-13.079       
 28.058	135.298	-16.629       
 31.639	134.618	-17.735       
 33.353	136.897	-15.218       
 34.927	135.209	-12.156       
 35.643	137.471	 -9.179       
 37.723	135.752	 -6.491       
 38.969	136.615	 -3.018       
 40.510	134.778	 -0.051       
 42.430	135.662	  3.110       
 45.815	134.339	  2.003       
 49.241	135.752	  1.151       
 49.420	136.719	 -2.529       
 51.600	133.658	 -2.920       
 49.130	131.143	 -1.524       
 46.461	133.035	 -3.457       
 48.274	132.736	 -6.785       
 48.489	129.009	 -6.228       
 44.747	128.728	 -5.755       
 44.049	131.050	 -8.692       
 46.165	128.761	-10.873       
 44.820	125.442	 -9.532       
 41.509	127.028	-10.496       
 42.551	128.014	-14.048       
 43.717	124.445	-14.511       
 40.359	123.028	-13.411       
 38.451	125.598	-15.470       
 40.425	125.009	-18.691       
 40.380	121.243	-18.250       
 36.574	121.532	-18.334       
 36.816	123.667	-21.440       
 36.793	127.128	-19.980       
 40.040	128.900	-20.898       
 41.509	131.737	-18.841       
 42.889	134.593	-20.985       
 45.733	136.654	-19.511       
 43.166	139.462	-19.185       
 43.041	138.165	-15.620       
 43.356	141.231	-13.432       
 46.657	140.987	-11.529       
 47.015	144.575	-10.250       
 46.054	144.248	 -6.601       
 44.977	147.840	 -5.863       
 42.535	148.089	 -8.742       
 40.099	145.602	-10.255       
 37.650	146.315	-13.068       
 34.651	144.147	-12.185       
 30.972	144.506	-13.139       
 31.855	148.078	-14.037       
 32.809	148.974	-10.471       
 36.328	149.924	 -9.434       
 37.545	147.650	 -6.635       
 40.337	149.071	 -4.469       
 42.235	147.725	 -1.425       
 39.705	149.597	  0.746       
 37.074	151.399	 -1.415       
 35.043	151.130	 -4.596       
 33.826	153.544	 -7.272       
 32.571	153.937	-10.862       
 34.680	156.583	-12.641       
 32.876	156.208	-16.023       
 30.229	158.745	-14.920       
 30.675	160.751	-18.145       
 27.579	162.812	-18.998       
 26.379	164.684	-22.104       
 25.808	168.317	-21.045       
 25.125	169.795	-24.494       
 23.095	166.972	-26.033       
 20.642	167.061	-23.074       
 18.119	169.018	-25.237       
 16.080	166.216	-26.942       
 13.376	164.122	-25.240       
 15.276	160.894	-25.789       
 18.311	162.617	-24.264       
 16.232	163.635	-21.243       
 15.738	159.935	-20.581       
 19.530	159.495	-20.960       
 20.606	161.818	-18.154       
 17.739	160.696	-15.913       
 18.944	157.137	-16.146       
 22.612	158.024	-15.742       
 21.788	159.964	-12.576       
 19.684	157.179	-11.000       
 22.700	154.893	-11.352       
 25.111	157.508	 -9.984       
 22.941	157.420	 -6.816       
 24.933	154.287	 -5.785       
 27.387	156.496	 -3.845       
 26.480	160.013	 -4.937       
 24.162	161.226	 -2.120       
 20.589	162.462	 -2.423       
 19.543	163.600	 -5.880       
 16.088	164.621	 -7.015       
 16.132	163.339	-10.592       
 12.466	164.413	-10.737       
 13.844	167.730	-11.914       
 14.465	166.290	-15.346       
 11.918	163.457	-14.962       
  8.961	165.904	-15.029       
 10.295	167.121	-18.376       
 10.177	163.595	-19.787       
  6.585	163.254	-18.471       
  3.750	164.261	-20.768       
  6.164	164.294	-23.704       
  5.255	161.847	-26.473       
  7.099	162.888	-29.616       
 10.274	160.808	-29.189       
 12.401	163.281	-31.143       
 11.763	167.024	-30.512       
 13.163	169.000	-27.565       
 11.703	170.296	-24.299       
 12.271	173.887	-23.108       
 11.558	173.030	-19.446       
 15.368	172.752	-19.240       
 15.190	176.192	-17.575       
 14.083	174.703	-14.206       
 16.824	172.071	-14.473       
 19.308	174.929	-14.915       
 18.503	175.509	-11.257       
 17.748	171.968	-10.094       
 20.025	169.773	-12.240       
 22.703	172.341	-11.395       
 22.997	170.779	 -7.945       
 22.985	167.201	 -9.241       
 25.845	168.146	-11.566       
 27.856	169.501	 -8.658       
 27.181	166.260	 -6.798       
 28.201	164.171	 -9.807       
 31.347	166.326	 -9.778       
 32.053	165.665	 -6.094       
 34.239	162.483	 -6.008       
 32.483	159.872	 -3.863       
 33.001	156.219	 -3.006       
 31.731	153.444	 -0.773       
 33.511	151.073	  1.584       
 33.161	147.283	  1.862       
 30.767	145.358	  4.093       
 31.769	143.794	  7.378       
 29.989	141.263	  9.652       
 31.323	142.329	 13.059       
 29.544	145.677	 12.693       
 25.935	146.483	 11.881       
 23.930	147.952	  9.002       
 22.269	151.329	  9.466       
 20.105	153.316	  7.063       
 18.931	156.946	  7.422       
 16.408	158.902	  5.309       
 16.239	162.502	  4.117       
 13.419	164.694	  2.741       
 14.023	166.857	 -0.351       
 11.254	167.340	 -2.937       
  7.466	166.840	 -2.575       
  7.867	163.094	 -2.830       
 11.625	162.746	 -3.216       
 13.284	160.799	 -0.398       
 16.822	159.670	  0.082       
 18.450	157.081	  2.330       
 22.094	156.389	  2.997       
 23.175	152.983	  4.258       
 26.371	152.829	  6.286       
 28.030	151.018	  9.192       
 30.369	153.685	 10.479       
 29.258	157.359	 10.506       
 31.137	158.891	  7.535       
 32.042	155.514	  5.980       
 29.166	155.311	  3.509       
 28.242	151.955	  1.991       
 25.489	152.360	 -0.590       
 23.032	155.215	 -1.302       
 19.721	155.596	 -3.106       
 16.321	157.295	 -3.182       
 12.550	156.701	 -3.005       
  9.866	158.625	 -4.948       
  6.452	156.974	 -5.398       
  2.897	157.888	 -4.505       
  1.497	154.455	 -3.589       
 -1.886	155.962	 -4.347       
 -3.754	159.091	 -5.396       
 -3.995	160.104	 -1.756       
 -0.947	159.494	  0.418       
  0.774	161.399	  3.193       
  4.267	162.027	  4.540       
  4.114	159.185	  7.143       
  2.906	156.778	  4.471       
  5.757	157.731	  2.171       
  8.425	157.201	  4.878       
  6.875	153.842	  5.683       
  7.012	152.938	  1.980       
 10.676	153.913	  1.735       
 11.734	152.146	  4.968       
 10.232	148.902	  3.699       
 11.727	149.545	  0.269       
 15.108	149.772	  1.945       
 14.255	146.652	  3.967       
 13.839	144.348	  0.919       
 16.916	145.798	 -0.773       
 19.104	145.190	  2.269       
 17.679	141.721	  2.819       
 19.402	141.092	 -0.509       
 22.702	142.996	 -0.644       
 23.563	141.604	  2.823       
 20.624	139.429	  3.726       
 19.760	141.301	  6.932       
 17.352	144.017	  8.121       
 19.393	147.189	  8.979       
 18.531	149.654	 11.733       
 16.554	152.800	 10.811       
 17.317	156.452	 11.555       
 13.986	157.892	 10.474       
 13.476	161.681	 10.461       
 10.415	161.687	 12.671       
  9.648	162.007	 16.369       
  8.280	159.071	 18.365       
  4.971	160.781	 19.209       
  4.088	161.330	 15.540       
  4.666	157.754	 14.441       
  2.691	156.748	 17.545       
 -0.462	158.768	 16.945       
 -0.184	158.097	 13.231       
 -0.355	154.318	 13.351       
 -2.724	153.987	 16.324       
 -5.577	155.947	 14.731       
 -4.857	154.376	 11.347       
 -7.350	151.482	 11.367       
 -4.980	149.509	  9.114       
 -2.070	147.152	  9.772       
  1.171	149.051	  9.449       
  4.549	148.631	 11.085       
  8.208	149.585	 10.899       
 11.268	147.592	 12.121       
 13.661	148.815	 14.835       
 13.992	152.549	 14.235       
 15.295	155.450	 16.314       
 14.416	159.168	 16.254       
 16.660	161.515	 14.289       
 16.033	165.216	 13.556       
 17.437	167.259	 10.706       
 15.583	167.754	  7.387       
 11.919	168.858	  6.892       
 10.694	166.805	  9.856       
  8.064	164.363	  8.606       
  4.804	164.859	 10.492       
  1.039	164.873	  9.994       
 -0.592	168.230	  9.321       
 -4.196	168.244	 10.392       
 -6.038	165.983	 12.759       
 -9.753	165.287	 12.863       
-11.320	165.722	 16.299       
-12.374	162.681	 18.288       
-15.663	163.980	 19.651       
-17.728	166.840	 18.160       
-16.847	170.223	 19.606       
-19.743	171.936	 21.322       
-19.896	175.633	 20.511       
-19.260	175.431	 16.799       
-21.493	175.375	 13.768       
-22.671	172.016	 12.439       
-22.871	172.194	  8.626       
-25.029	169.571	  6.986       
-23.166	169.227	  3.688       
-24.358	167.515	  0.502       
-23.832	167.208	 -3.231       
-25.233	165.465	 -6.318       
-25.417	165.438	-10.105       
-26.833	163.523	-13.059       
-24.703	161.027	-15.055       
-25.912	162.411	-18.372       
-26.298	166.091	-17.435       
-22.529	166.547	-17.264       
-23.220	169.127	-14.518       
-24.464	169.138	-10.939       
-24.612	171.056	 -7.679       
-22.933	171.275	 -4.270       
-24.252	173.003	 -1.170       
-25.417	172.751	  2.408       
-27.443	173.977	  5.386       
-26.532	174.826	  9.001       
-28.158	174.030	 12.365       
-28.837	177.761	 12.490       
-30.964	177.698	  9.343       
-28.239	179.143	  7.074       
-28.098	177.693	  3.566       
-26.082	177.752	  0.307       
-26.053	176.054	 -3.092       
-23.682	176.328	 -6.054       
-23.766	174.607	 -9.460       
-20.701	173.083	-11.135       
-19.876	171.399	-14.452       
-17.506	168.566	-15.490       
-18.011	166.584	-12.294       
-19.840	163.456	-11.235       
-21.989	162.238	 -8.328       
-18.950	161.204	 -6.270       
-16.987	164.319	 -7.302       
-19.755	166.616	 -6.036       
-19.879	165.190	 -2.488       
-16.135	165.651	 -2.073       
-16.569	169.247	 -3.373       
-19.484	170.078	 -1.084       
-17.048	169.473	  1.767       
-14.977	172.373	  0.411       
-17.898	174.811	  0.410       
-18.587	174.220	  4.115       
-14.850	174.402	  4.827       
-14.310	177.753	  3.120       
-17.423	179.140	  4.850       
-16.474	177.656	  8.233       
-15.434	179.407	 11.392       
-12.507	178.650	 13.709       
-14.174	175.327	 14.567       
-16.819	173.195	 12.814       
-18.679	169.884	 12.992       
-19.078	169.000	  9.306       
-21.510	166.221	  8.420       
-21.481	164.272	  5.115       
-23.372	161.320	  3.673       
-20.934	160.224	  0.966       
-18.695	157.834	  2.863       
-16.437	158.114	 -0.211       
-15.590	161.662	  0.734       
-15.226	160.646	  4.376       
-12.570	158.056	  3.814       
-10.396	160.156	  1.514       
-10.148	162.592	  4.436       
 -9.770	160.184	  7.394       
 -6.629	158.871	  5.691       
 -5.028	162.138	  6.801       
 -3.876	163.287	  3.297       
 -0.830	165.489	  3.040       
 -0.820	166.090	 -0.699       
 -2.412	164.759	 -3.868       
 -2.407	165.246	 -7.598       
 -6.118	165.978	 -7.078       
 -6.455	169.776	 -6.771       
 -9.884	169.576	 -5.066       
 -8.719	167.311	 -2.225       
 -5.468	169.288	 -2.147       
 -7.552	172.352	 -1.357       
 -9.574	170.599	  1.363       
 -6.296	169.539	  2.934       
 -4.693	173.014	  2.817       
 -7.814	174.404	  4.533       
 -8.180	171.649	  7.163       
 -4.635	172.608	  7.991       
 -5.486	176.218	  8.930       
 -8.849	175.356	 10.496       
 -8.457	175.113	 14.301       
-10.879	172.298	 15.152       
-12.519	170.081	 12.537       
-14.880	167.216	 13.292       
-16.554	164.755	 10.872       
-19.432	162.252	 10.993       
-21.233	159.983	  8.519       
-24.981	159.686	  7.947       
-27.039	157.438	  5.626       
-28.744	159.310	  2.744       
-31.999	157.363	  2.039       
-33.182	157.428	  5.688       
-33.257	161.213	  5.990       
-31.645	161.580	  9.421       
-31.610	165.057	 10.919       
-30.907	167.873	  8.486       
-30.274	165.225	  5.809       
-33.947	165.251	  4.696       
-33.719	169.042	  4.380       
-30.587	169.319	  2.226       
-32.060	166.541	  0.037       
-35.006	168.679	 -1.050       
-32.611	171.650	 -1.024       
-30.120	170.260	 -3.558       
-32.955	168.848	 -5.576       
-36.640	169.697	 -5.687       
-37.195	166.188	 -6.993       
-34.427	167.153	 -9.404       
-31.695	169.808	 -9.664       
-31.321	172.607	-12.205       
BRIEF 2HMI C 214              
 20.904	133.646	 39.299       
 19.085	136.741	 40.505       
 20.168	138.310	 43.767       
 17.070	138.112	 45.894       
 17.026	140.374	 48.923       
 14.450	140.497	 51.670       
 15.357	143.788	 53.274       
 13.467	143.430	 56.561       
 14.950	140.385	 58.300       
 12.785	139.877	 61.385       
  9.872	142.137	 62.315       
  7.661	142.151	 65.411       
  3.869	142.505	 65.463       
  0.911	141.435	 67.465       
 -2.370	139.640	 67.200       
 -4.707	141.615	 64.994       
 -1.785	143.563	 63.491       
 -1.187	144.060	 59.788       
  2.157	143.093	 58.241       
  3.796	143.661	 54.880       
  7.017	141.916	 53.861       
  9.374	143.423	 51.243       
 11.170	141.229	 48.676       
 13.468	142.812	 46.088       
 14.903	141.228	 42.954       
 17.822	142.092	 40.644       
 15.823	142.319	 37.423       
 12.217	142.402	 36.194       
 11.052	138.890	 37.044       
  7.703	139.561	 35.449       
  5.981	138.531	 38.687       
  7.684	135.157	 38.679       
  7.786	135.143	 42.428       
  6.357	132.807	 44.996       
  5.923	132.847	 48.782       
  6.937	129.986	 51.074       
  6.029	129.912	 54.754       
  8.323	127.888	 57.038       
  6.813	127.236	 60.444       
  9.132	127.125	 63.507       
  8.452	123.361	 63.716       
 10.325	122.844	 60.427       
  7.625	122.258	 57.836       
  7.543	124.579	 54.841       
  4.199	125.167	 53.199       
  3.256	126.850	 49.936       
  1.342	130.097	 50.285       
  1.069	131.700	 46.860       
  2.219	131.853	 43.236       
  2.541	134.619	 40.607       
  3.185	136.989	 43.492       
 -0.584	137.263	 43.544       
 -2.459	134.037	 43.006       
 -3.652	132.396	 46.234       
 -2.699	128.755	 46.737       
 -5.661	126.396	 47.305       
 -6.252	126.165	 51.051       
 -4.450	129.326	 52.153       
 -6.749	131.870	 53.953       
 -7.761	135.174	 52.240       
 -5.771	137.255	 54.736       
 -2.812	136.219	 52.631       
 -2.854	138.650	 49.666       
 -0.382	138.841	 46.783       
  1.255	142.064	 45.606       
  4.224	143.322	 43.590       
  5.659	144.318	 40.192       
  8.913	144.824	 38.300       
 11.730	143.893	 40.642       
 10.033	144.863	 43.895       
  7.237	142.756	 45.356       
  5.365	142.396	 48.603       
  3.396	139.933	 50.738       
  0.715	141.108	 53.210       
 -1.369	139.467	 55.923       
 -4.599	141.285	 56.798       
 -5.039	140.517	 60.507       
 -2.170	138.459	 62.017       
 -3.288	135.321	 63.825       
 -1.177	133.147	 66.258       
 -0.339	130.710	 63.442       
  1.157	133.183	 60.973       
  4.190	133.820	 63.228       
  6.954	132.102	 61.285       
  9.549	132.729	 58.595       
  8.394	133.839	 55.108       
 10.768	132.940	 52.266       
 10.513	134.856	 48.983       
 11.249	132.990	 45.721       
 11.717	133.804	 42.007       
 11.625	131.750	 38.781       
 12.779	133.672	 35.720       
 16.432	132.666	 35.348       
 16.642	128.961	 36.214       
 19.054	129.261	 39.054       
 16.114	129.369	 41.484       
 17.012	131.664	 44.326       
 15.414	132.323	 47.687       
 16.048	135.651	 49.318       
 16.491	135.099	 53.070       
 12.947	135.004	 54.403       
 11.400	137.482	 56.805       
 10.848	136.407	 60.416       
  7.460	137.435	 61.872       
  7.740	137.228	 65.684       
  5.479	138.037	 68.636       
  5.875	141.562	 70.010       
  6.051	141.564	 73.815       
  6.599	144.222	 76.464       
 10.348	143.908	 76.908       
 11.832	142.829	 80.250       
 15.338	142.566	 81.735       
 17.286	139.283	 81.690       
 17.204	137.150	 84.843       
 20.956	136.505	 85.120       
 22.505	133.658	 87.096       
 26.203	132.644	 87.114       
 27.371	129.196	 88.148       
 30.928	128.360	 89.313       
 32.745	125.265	 87.889       
 32.164	122.131	 90.005       
 34.897	119.958	 91.489       
 32.989	117.071	 89.920       
 34.602	118.308	 86.700       
 37.635	120.371	 87.783       
 39.270	117.094	 88.824       
 39.662	116.333	 85.123       
 41.277	119.648	 84.226       
 37.888	120.902	 83.096       
 36.783	124.235	 84.493       
 33.585	125.133	 82.734       
 31.795	128.287	 83.791       
 28.304	129.191	 82.597       
 26.162	132.289	 83.024       
 22.527	131.764	 82.156       
 20.583	134.710	 80.842       
 16.894	133.714	 80.952       
 13.621	135.435	 79.977       
 14.257	138.779	 78.273       
 12.898	140.808	 75.355       
 13.825	141.197	 72.714       
 16.653	139.007	 71.447       
 18.914	142.095	 71.265       
 21.225	141.253	 74.196       
 24.968	141.495	 74.814       
 27.189	139.521	 77.069       
 30.690	140.072	 78.281       
 32.874	137.473	 79.932       
 35.326	139.669	 81.767       
 37.840	138.225	 84.183       
 40.029	140.609	 86.216       
 41.019	143.014	 83.437       
 37.757	142.991	 81.407       
 39.297	140.746	 78.773       
 36.730	138.651	 76.899       
 38.784	135.508	 77.611       
 39.150	133.360	 74.502       
 36.749	130.477	 74.971       
 33.384	132.116	 74.444       
 30.727	129.628	 73.367       
 27.129	130.805	 73.600       
 23.660	130.049	 72.218       
 20.183	131.476	 72.600       
 16.743	129.951	 72.168       
 13.887	130.952	 69.916       
 10.855	132.802	 71.174       
  9.175	130.604	 73.801       
  5.552	130.706	 72.582       
  4.532	130.983	 76.241       
  6.044	134.272	 77.438       
  7.204	135.622	 74.082       
 10.721	136.198	 75.397       
 14.118	134.656	 74.703       
 16.993	133.227	 76.749       
 20.662	132.723	 76.083       
 23.567	131.108	 77.866       
 27.277	131.513	 77.514       
 29.880	129.035	 78.677       
 33.402	130.367	 79.242       
 35.910	127.598	 78.638       
 39.072	127.796	 80.747       
 41.506	125.064	 81.692       
 42.044	124.106	 85.306       
 45.388	125.910	 84.904       
 43.707	129.216	 84.167       
 40.902	128.575	 86.669       
 43.352	128.528	 89.532       
 45.470	131.372	 88.127       
 42.575	133.833	 87.951       
 40.548	135.069	 90.976       
 37.009	136.269	 90.310       
 34.949	135.629	 87.202       
 32.369	138.138	 86.084       
 29.309	137.949	 83.817       
 28.163	141.226	 82.277       
 24.708	141.362	 80.703       
 23.837	144.586	 78.874       
 20.202	145.107	 77.879       
 17.626	147.868	 77.194       
 16.811	147.666	 80.918       
 17.775	151.043	 82.327       
 21.188	151.618	 80.802       
 22.483	149.443	 83.580       
 25.078	146.711	 83.066       
 23.664	143.617	 84.786       
 26.706	142.092	 86.414       
 26.956	138.909	 88.464       
 30.205	137.351	 89.581       
 31.910	134.999	 92.000       
 35.372	134.326	 93.438       
 36.664	130.861	 94.415       
 39.722	129.341	 92.722       
 39.161	125.866	 94.244       
 40.000	122.773	 92.150       
BRIEF 2HMI D 220              
 -3.276	114.004	 48.825       
  0.211	113.488	 47.394       
  3.177	113.419	 49.789       
  6.930	112.935	 49.710       
  9.330	111.781	 52.423       
 13.076	111.731	 52.180       
 15.790	109.617	 53.687       
 19.549	109.831	 53.933       
 22.630	108.444	 55.733       
 22.362	110.825	 58.667       
 26.157	111.079	 58.966       
 28.944	111.277	 56.400       
 32.701	111.567	 56.906       
 34.081	114.708	 55.232       
 35.542	114.060	 51.748       
 33.303	111.052	 51.397       
 30.061	111.162	 49.417       
 26.398	110.481	 50.100       
 23.036	109.665	 48.453       
 19.650	111.102	 49.571       
 16.312	109.656	 48.401       
 12.862	111.191	 47.951       
 10.146	108.563	 47.996       
  6.948	110.273	 46.832       
  3.350	109.063	 46.790       
  0.659	110.779	 44.732       
  2.090	112.063	 41.481       
  4.530	110.665	 38.935       
  7.712	111.839	 37.298       
  5.996	110.982	 34.069       
  3.409	113.738	 33.626       
  4.094	116.836	 31.517       
  3.793	119.274	 34.434       
  5.186	117.303	 37.403       
  8.738	117.451	 38.814       
 10.918	116.896	 41.948       
 13.126	119.513	 43.584       
 15.910	119.242	 46.230       
 16.243	122.264	 48.551       
 18.957	122.496	 51.175       
 18.732	124.431	 54.431       
 22.115	125.018	 56.097       
 22.669	125.504	 59.799       
 20.880	128.773	 60.666       
 20.909	129.887	 57.014       
 17.979	130.321	 54.653       
 16.802	128.193	 51.755       
 19.223	127.194	 49.030       
 18.287	125.674	 45.676       
 20.394	122.618	 44.721       
 18.820	121.103	 41.622       
 15.557	120.216	 39.992       
 14.597	116.976	 38.210       
 12.148	117.247	 35.319       
  9.858	114.695	 33.677       
 11.441	114.971	 30.235       
 14.783	113.830	 31.739       
 15.883	117.520	 31.596       
 17.880	117.842	 34.811       
 19.311	121.123	 36.056       
 21.690	121.850	 38.887       
 23.032	124.884	 40.688       
 26.090	126.229	 38.815       
 27.961	126.101	 42.111       
 27.491	122.393	 42.859       
 26.865	120.506	 39.600       
 30.549	119.562	 39.913       
 29.924	117.378	 42.945       
 26.195	116.966	 42.370       
 24.124	114.499	 40.337       
 20.434	113.672	 40.404       
 18.387	110.673	 39.415       
 14.912	109.204	 39.553       
 13.732	105.606	 39.351       
 10.400	106.584	 37.892       
  9.031	102.996	 38.163       
  8.955	103.208	 41.951       
  8.210	106.922	 42.457       
 11.647	107.799	 43.791       
 13.950	110.599	 42.858       
 17.504	110.804	 44.152       
 20.211	113.264	 45.062       
 23.915	112.331	 44.965       
 26.622	114.386	 46.550       
 30.307	113.611	 46.335       
 33.222	114.806	 48.494       
 31.243	116.321	 51.336       
 32.813	119.089	 53.418       
 31.750	120.757	 56.718       
 29.386	123.292	 55.219       
 27.254	120.611	 53.628       
 26.052	119.467	 57.011       
 22.416	120.524	 56.738       
 18.772	119.474	 56.361       
 17.892	118.560	 52.804       
 14.247	118.580	 51.568       
 12.580	117.332	 48.375       
  9.584	118.972	 46.820       
  7.069	118.203	 44.155       
  7.336	120.923	 41.606       
  4.734	121.247	 38.890       
  4.270	123.556	 35.935       
  0.703	124.202	 36.947       
  0.044	126.246	 33.820       
  1.344	128.792	 31.284       
  2.269	131.318	 33.987       
  2.587	129.264	 37.174       
  5.369	127.073	 38.474       
  6.058	126.831	 42.192       
  6.908	124.047	 44.634       
  3.565	122.806	 45.836       
  4.371	120.124	 48.336       
  7.453	119.432	 50.371       
  8.118	117.373	 53.461       
 10.333	117.822	 56.491       
 13.809	117.166	 55.191       
 16.589	114.871	 56.435       
 19.594	115.867	 58.474       
 22.983	114.974	 57.081       
 25.900	115.584	 59.403       
 29.530	115.847	 58.322       
 32.013	115.071	 61.125       
 35.187	113.073	 61.677       
 33.889	112.378	 65.173       
 32.474	109.059	 66.407       
 29.929	107.837	 68.992       
 30.563	109.711	 72.243       
 28.620	109.803	 75.519       
 27.986	113.068	 77.338       
 29.961	114.520	 80.200       
 27.162	115.662	 82.502       
 28.186	118.118	 85.253       
 25.732	119.661	 87.748       
 25.408	123.457	 88.039       
 24.947	124.021	 91.760       
 24.593	127.779	 92.742       
 27.650	127.400	 94.976       
 29.688	130.473	 96.028       
 26.566	132.655	 96.139       
 24.027	130.940	 98.360       
 20.338	130.793	 97.399       
 19.211	134.378	 97.937       
 15.892	135.185	 96.287       
 12.841	133.041	 96.777       
 13.570	131.864	 93.200       
 16.654	129.815	 92.350       
 17.989	128.708	 89.009       
 19.585	125.265	 88.754       
 21.596	124.043	 85.788       
 23.093	121.117	 83.957       
 26.050	121.061	 81.630       
 25.971	118.266	 79.049       
 29.381	118.582	 77.445       
 31.125	116.572	 74.752       
 28.580	114.293	 72.999       
 28.688	113.603	 69.268       
 25.435	112.434	 67.627       
 23.443	115.699	 67.920       
 20.224	114.035	 69.202       
 20.385	114.193	 73.057       
 17.477	114.659	 75.449       
 17.376	116.350	 78.886       
 14.590	116.631	 81.477       
 14.211	117.807	 85.094       
 13.119	115.556	 87.942       
 12.104	112.605	 85.848       
  9.491	114.827	 84.182       
  7.969	116.502	 87.220       
  9.495	119.840	 86.181       
  8.179	121.617	 83.097       
  6.850	124.944	 84.356       
 10.002	127.017	 83.769       
 12.784	125.128	 81.984       
 15.199	126.290	 79.270       
 17.308	124.027	 77.093       
 19.666	125.687	 74.683       
 20.925	124.273	 71.366       
 24.407	122.816	 71.349       
 27.504	124.198	 69.688       
 30.270	122.294	 67.884       
 32.981	122.426	 70.544       
 35.988	120.468	 69.352       
 33.890	118.634	 66.763       
 31.643	117.534	 69.628       
 28.491	118.983	 71.174       
 28.374	121.018	 74.407       
 24.678	121.430	 75.449       
 23.399	123.162	 78.601       
 20.049	123.525	 80.329       
 18.674	125.227	 83.440       
 15.512	125.484	 85.569       
 14.000	127.858	 88.099       
 12.387	126.642	 91.280       
 10.629	128.712	 93.941       
 13.184	128.903	 96.749       
 11.790	126.452	 99.321       
 11.540	123.635	 96.784       
 15.169	122.875	 95.782       
 16.670	123.542	 99.181       
 14.222	120.911	100.577       
 13.185	118.379	 97.888       
 15.678	117.149	 95.307       
 15.878	118.469	 91.775       
 17.558	116.427	 89.086       
 18.634	116.751	 85.494       
 18.554	113.479	 83.621       
 20.370	113.167	 80.333       
 19.881	110.568	 77.642       
 21.978	110.030	 74.574       
 20.561	107.162	 72.469       
 23.646	106.867	 70.274       
 25.870	105.960	 73.232       
 22.987	104.289	 75.067       
 24.050	106.046	 78.236       
 21.224	107.164	 80.479       
 22.452	109.208	 83.399       
 21.016	111.126	 86.358       
 22.669	113.977	 88.233       
 21.153	115.398	 91.399       
 21.775	118.687	 93.253       
