BRIEF 2OZ4 A 265              
-50.705	-31.160	-11.324 -0.147
-49.670	-28.379	 -8.923 -0.388
-52.250	-25.578	 -8.571  0.435
-51.618	-21.845	 -9.090 -0.214
-52.616	-21.241	 -5.440 -1.072
-49.611	-20.769	 -3.100 -0.572
-49.395	-22.764	  0.171 -0.337
-50.916	-21.265	  3.328 -1.678
-48.305	-20.630	  6.030 -1.037
-49.233	-20.089	  9.675 -0.404
-46.633	-18.752	 12.099 -2.783
-46.346	-16.080	 14.801 -0.370
-45.057	-12.653	 13.704 -1.853
-42.470	-12.680	 16.527 -1.150
-40.567	-15.317	 18.523  0.557
-38.499	-14.951	 21.714 -0.613
-34.908	-16.220	 21.959 -0.345
-34.472	-19.653	 23.614  0.906
-38.148	-20.521	 23.046 -1.000
-39.928	-23.029	 20.816 -0.356
-42.273	-21.856	 18.047 -0.006
-44.888	-23.726	 16.008 -0.491
-45.238	-23.440	 12.231  0.823
-47.833	-25.161	 10.035 -0.845
-47.897	-25.126	  6.225  1.742
-50.701	-26.546	  4.067 -1.408
-51.940	-26.855	  0.477  0.751
-54.954	-28.501	 -1.204 -0.722
-55.582	-29.536	 -4.817 -0.686
-52.293	-31.222	 -5.746  1.245
-51.605	-34.744	 -7.020 -0.579
-49.936	-37.153	 -6.811  1.394
-49.301	-35.964	 -3.237  0.846
-46.839	-38.808	 -2.544  0.869
-44.513	-37.391	 -5.239 -0.875
-44.714	-33.875	 -3.729  0.713
-41.719	-32.572	 -1.766 -1.262
-42.358	-30.043	  1.009  0.886
-39.386	-27.912	  2.076 -0.519
-39.960	-25.962	  5.296  1.589
-37.259	-23.641	  6.666 -1.270
-36.699	-20.572	  8.867  0.314
-33.837	-18.625	  7.293  0.348
-30.969	-21.117	  6.981  0.087
-32.390	-23.685	  9.434 -2.775
-34.143	-26.510	  7.540 -1.816
-37.182	-27.552	  9.603 -0.111
-38.443	-31.126	 10.033 -2.585
-42.249	-31.083	  9.683 -1.412
-44.465	-34.052	 10.525 -2.538
-46.690	-34.154	  7.433 -1.382
-50.337	-35.272	  7.477 -1.396
-51.642	-36.347	  4.060 -1.260
-55.007	-36.426	  2.331 -0.806
-55.642	-37.863	 -1.132 -0.381
-55.347	-34.375	 -2.622  0.078
-53.470	-32.385	  0.059 -0.722
-50.843	-32.141	  2.808  0.522
-50.567	-30.487	  6.233  0.504
-47.005	-29.924	  7.493  0.619
-46.659	-29.018	 11.190  0.580
-43.190	-28.356	 12.642 -0.488
-41.661	-27.023	 15.860  1.101
-38.797	-24.537	 15.615 -1.440
-36.326	-23.669	 18.381 -0.515
-34.428	-20.368	 18.191  0.497
-31.280	-19.090	 19.934 -0.830
-29.175	-15.894	 20.040 -1.432
-27.724	-16.948	 16.657 -1.033
-31.212	-16.540	 15.133  1.163
-31.891	-13.075	 16.611  0.242
-33.152	-10.555	 14.039  1.559
-35.591	-10.735	 11.131 -0.934
-35.512	-14.278	  9.731  1.460
-37.519	-15.511	  6.739  0.129
-39.937	-18.406	  7.211  1.722
-40.512	-20.118	  3.863 -0.473
-42.593	-23.068	  2.668  1.499
-41.671	-24.407	 -0.777 -2.656
-43.613	-27.150	 -2.554 -0.597
-42.205	-28.755	 -5.705  1.514
-44.253	-31.283	 -7.690 -1.011
-42.152	-32.375	-10.659  0.455
-41.628	-29.427	-12.999  0.908
-43.872	-26.931	-11.187 -1.299
-43.277	-25.244	 -7.839 -0.755
-45.117	-22.929	 -5.444 -1.260
-43.580	-21.270	 -2.382  0.111
-44.854	-18.969	  0.379 -0.736
-42.668	-16.468	  2.251 -1.153
-43.318	-14.891	  5.651  0.329
-41.143	-12.717	  7.896 -1.309
-40.552	-13.657	 11.536  0.971
-38.652	-11.436	 13.989 -0.625
-36.579	-13.244	 16.627  1.345
-36.190	-10.840	 19.565 -0.176
-34.175	-10.948	 22.787  0.441
-36.064	 -9.321	 25.661  0.508
-34.755	-10.146	 29.167  0.513
-37.020	 -9.633	 32.183  1.494
-36.682	 -6.212	 33.868 -0.243
-34.079	 -6.058	 36.653  0.724
-35.680	 -4.621	 39.788 -0.535
-32.630	 -3.870	 41.940 -0.627
-32.531	 -2.830	 45.612  0.510
-29.547	 -1.079	 47.236 -0.824
-29.824	 -3.483	 50.167 -0.016
-32.272	 -6.422	 50.428 -0.658
-32.788	 -6.054	 54.204 -0.370
-32.626	 -2.567	 55.754  1.041
-33.262	 -0.936	 59.148 -0.668
-36.197	  1.389	 59.882  0.078
-35.865	  5.039	 58.802  0.804
-33.179	  4.288	 56.195 -0.839
-33.036	  5.878	 52.731 -1.031
-33.843	  2.989	 50.369  0.835
-33.895	  3.534	 46.589  0.058
-35.567	  1.066	 44.206  0.850
-34.435	  0.981	 40.561 -0.647
-35.615	 -1.006	 37.526  1.744
-33.531	 -1.265	 34.334 -1.229
-34.599	 -3.093	 31.152  1.155
-33.961	 -3.373	 27.387 -0.479
-32.716	 -0.017	 25.938  1.361
-35.610	  0.325	 23.448 -0.594
-38.151	 -0.952	 26.014  0.830
-40.172	  1.346	 28.299  0.232
-40.572	  0.576	 32.020  1.726
-42.923	  1.438	 34.902 -0.275
-42.213	  0.922	 38.627  0.797
-45.403	  0.303	 40.647  0.140
-47.431	  2.333	 38.120  0.942
-44.837	  5.134	 38.042 -1.321
-44.552	  6.771	 35.596  0.250
-48.151	  6.414	 34.388 -0.430
-47.842	  5.583	 30.675 -0.834
-44.354	  4.063	 30.199 -0.873
-41.456	  6.357	 29.198 -0.003
-37.762	  5.412	 28.900 -1.290
-36.021	  2.124	 29.797 -1.338
-35.474	  2.743	 33.550  0.209
-37.280	  4.256	 36.556 -0.863
-36.445	  5.198	 40.169 -1.313
-38.303	  5.424	 43.489  1.310
-37.030	  6.933	 46.764 -0.424
-38.584	  5.875	 50.084  1.125
-38.116	  6.474	 53.801 -1.249
-38.184	  2.888	 55.129 -0.473
-40.977	  2.190	 57.640  0.774
-42.403	 -0.933	 59.352 -0.607
-45.241	 -0.964	 56.783 -1.070
-42.610	 -1.367	 54.031 -0.257
-41.528	 -4.761	 55.414  1.451
-42.526	 -7.335	 52.795 -0.075
-43.592	 -4.567	 50.400  1.408
-43.360	 -5.773	 46.796 -0.702
-41.820	 -3.530	 44.136  1.420
-43.134	 -4.632	 40.746  0.744
-41.682	 -3.425	 37.449  1.744
-43.550	 -3.732	 34.142 -0.120
-41.681	 -3.302	 30.850  1.573
-42.943	 -3.102	 27.261 -0.133
-40.884	 -3.718	 24.110  1.716
-42.031	 -2.871	 20.571 -0.956
-41.149	 -5.774	 18.249  0.959
-42.266	 -5.898	 14.596 -0.048
-45.223	 -3.577	 15.243  1.553
-46.589	 -5.151	 18.433 -0.237
-46.136	 -4.550	 22.170 -0.295
-44.552	 -7.405	 24.145  0.573
-45.012	 -7.266	 27.929 -0.256
-42.845	 -8.522	 30.801  0.307
-42.626	 -7.833	 34.532  0.333
-40.537	 -8.539	 37.629  0.642
-41.255	 -8.311	 41.370 -1.418
-38.979	 -8.050	 44.434  0.820
-39.925	 -7.652	 48.119 -0.317
-38.146	 -5.311	 50.531  1.645
-37.279	 -6.555	 54.013 -0.125
-37.373	 -3.902	 56.743  0.535
-36.237	 -4.553	 60.309 -0.683
-37.859	 -2.209	 62.837  0.331
-37.186	 -1.905	 66.566  0.512
-39.487	 -3.186	 69.298  1.744
-42.777	 -1.414	 70.021 -0.572
-45.199	 -1.742	 72.918  0.837
-48.262	 -0.206	 71.271 -1.070
-51.158	  0.671	 73.581 -0.922
-53.780	 -1.183	 71.500 -0.732
-52.016	 -4.531	 72.027 -0.491
-50.558	 -3.633	 75.444 -0.682
-52.628	 -1.212	 77.566  0.150
-51.001	  0.446	 80.589 -1.185
-53.881	  0.246	 83.077 -0.006
-55.946	 -2.658	 84.437 -0.689
-58.642	 -2.692	 87.115 -0.186
-59.818	 -6.127	 88.271  0.270
-61.990	 -7.332	 91.149 -0.911
-60.213	 -9.442	 93.778 -0.688
-60.608	-13.241	 93.470  1.157
-61.700	-12.985	 89.800 -0.324
-60.373	-14.817	 86.735 -0.212
-58.506	-12.466	 84.390  0.652
-55.997	-12.674	 81.526  0.131
-53.477	 -9.833	 81.286  1.138
-52.750	 -8.958	 77.656 -0.844
-49.622	 -7.421	 76.110  1.725
-48.038	 -8.138	 72.709 -0.604
-44.940	 -6.394	 71.353  1.283
-44.393	 -5.498	 67.689 -1.086
-41.149	 -5.760	 65.763  1.550
-39.120	 -7.416	 63.044  0.386
-37.725	 -9.704	 64.308  1.736
-40.438	-10.696	 66.808 -1.340
-39.448	 -9.138	 70.141  1.485
-39.182	-11.151	 73.366 -0.747
-41.421	 -9.846	 76.163  0.922
-41.192	 -9.734	 79.971  0.228
-43.180	 -7.740	 82.563  1.732
-41.839	 -7.498	 86.124 -0.834
-42.569	 -5.477	 89.282  0.785
-40.757	 -5.229	 92.635  0.270
-37.674	 -6.673	 90.931  0.912
-38.694	-10.086	 89.605 -1.260
-42.464	-10.506	 90.034 -0.563
-43.680	-11.735	 86.624 -0.538
-47.010	-10.701	 85.096 -0.625
-48.354	-13.871	 83.435 -0.448
-49.214	-12.565	 79.950 -0.158
-51.654	-14.835	 78.089  0.373
-52.372	-17.000	 81.144  0.264
-55.714	-16.908	 82.958 -0.707
-54.997	-16.281	 86.647  1.225
-56.944	-15.718	 89.857 -0.540
-56.543	-12.027	 90.724  0.994
-55.117	-11.434	 94.210 -0.613
-53.627	 -8.492	 96.139 -1.087
-50.148	 -9.852	 95.293 -0.719
-50.662	 -8.933	 91.611  1.433
-51.420	 -5.285	 92.487  0.120
-48.749	 -2.728	 91.529  1.715
-46.885	 -1.110	 88.636 -0.513
-45.075	 -3.500	 86.286  1.730
-42.246	 -2.587	 83.920  0.454
-42.809	 -4.365	 80.592  1.744
-39.661	 -4.659	 78.472 -0.111
-39.605	 -5.666	 74.783  1.738
-36.293	 -6.946	 73.401  0.200
-34.864	 -7.724	 69.947  1.650
-31.741	 -7.218	 67.808 -0.193
-33.111	 -3.834	 66.669  0.903
-33.428	 -2.250	 70.130  1.744
-35.267	 -2.129	 73.445 -0.273
-38.528	 -0.544	 74.671  0.027
-40.395	 -0.227	 77.985 -0.326
-43.981	  0.453	 79.070  0.193
-45.462	  0.795	 82.561 -0.320
-48.532	 -1.376	 83.181  0.795
-50.468	 -0.746	 86.401 -1.379
-52.677	 -3.462	 87.893  1.051
-55.313	 -2.221	 90.368 -0.207
-57.148	 -4.753	 92.549  1.566
-60.631	 -3.678	 93.665 -0.176
-61.499	 -5.183	 97.053  0.417
-64.949	 -6.838	 97.260  1.553
BRIEF 2OZ4 L 214              
-66.287	  1.130	 80.870       
-65.371	  4.300	 78.959       
-68.403	  5.727	 77.153       
-67.939	  7.709	 73.923       
-70.752	  9.993	 72.744       
-70.548	 11.388	 69.191       
-72.341	 14.413	 67.751       
-74.156	 15.138	 65.572       
-75.811	 11.928	 64.345       
-76.322	 13.271	 60.811       
-74.010	 15.797	 59.158       
-75.445	 17.163	 55.892       
-72.926	 19.384	 54.078       
-72.018	 20.678	 50.593       
-68.713	 19.781	 48.864       
-65.812	 22.144	 49.620       
-66.970	 22.976	 53.160       
-64.997	 22.384	 56.363       
-66.854	 19.720	 58.381       
-66.102	 18.599	 61.970       
-67.045	 15.493	 63.995       
-67.268	 15.650	 67.811       
-66.516	 12.784	 70.244       
-66.781	 13.279	 74.034       
-65.403	 10.765	 76.560       
-66.982	  9.941	 79.936       
-63.549	  9.795	 81.608       
-60.264	 11.549	 80.796       
-58.336	  9.289	 78.400       
-55.305	 11.384	 77.361       
-54.915	 11.025	 73.593       
-55.964	  7.364	 73.314       
-58.557	  8.046	 70.600       
-58.824	  6.755	 67.014       
-61.134	  7.616	 64.110       
-62.670	  5.205	 61.583       
-64.501	  5.673	 58.285       
-67.119	  3.134	 57.203       
-68.618	  3.308	 53.726       
-71.772	  1.267	 53.120       
-71.286	 -2.523	 52.719       
-67.625	 -1.997	 53.715       
-65.219	 -2.632	 56.581       
-64.160	  0.201	 58.922       
-61.077	  2.153	 57.822       
-58.651	  3.765	 60.286       
-58.231	  7.464	 59.426       
-56.590	  9.119	 62.432       
-54.527	  7.515	 65.186       
-54.055	  8.719	 68.783       
-55.981	 11.998	 68.502       
-53.935	 13.601	 65.699       
-51.277	 11.192	 64.301       
-51.897	 10.531	 60.594       
-52.075	  7.112	 58.910       
-50.177	  6.363	 55.688       
-52.386	  6.217	 52.577       
-55.096	  8.500	 54.011       
-55.941	 11.809	 52.245       
-54.484	 14.998	 53.760       
-57.935	 16.590	 54.272       
-58.508	 14.214	 57.215       
-56.986	 15.644	 60.410       
-57.612	 15.178	 64.138       
-57.169	 17.053	 67.417       
-58.020	 17.131	 71.130       
-56.908	 15.661	 74.451       
-58.573	 14.401	 77.643       
-62.350	 14.223	 77.199       
-63.175	 16.194	 74.016       
-61.880	 15.130	 70.582       
-62.440	 16.326	 67.003       
-62.076	 14.915	 63.491       
-62.018	 17.507	 60.703       
-62.267	 17.377	 56.906       
-60.558	 20.391	 55.285       
-62.423	 20.190	 51.978       
-65.231	 17.622	 51.860       
-65.614	 15.567	 48.676       
-68.517	 13.484	 47.339       
-66.794	 10.153	 48.118       
-66.509	 11.074	 51.827       
-70.110	  9.892	 52.344       
-69.830	  7.328	 55.134       
-70.298	  6.623	 58.818       
-67.567	  7.941	 61.091       
-66.730	  6.430	 64.477       
-64.368	  7.416	 67.267       
-62.740	  4.646	 69.322       
-60.843	  4.809	 72.624       
-57.916	  2.523	 73.482       
-57.116	  3.845	 76.968       
-58.507	  0.873	 78.897       
-60.147	 -2.379	 77.772       
-62.743	 -3.113	 76.578       
-62.346	 -0.996	 73.455       
-65.439	  1.130	 72.943       
-66.763	  2.984	 69.896       
-68.885	  6.117	 69.560       
-72.557	  6.151	 68.551       
-71.495	  7.335	 65.082       
-71.886	 10.317	 62.772       
-73.274	 10.097	 59.239       
-71.871	 12.417	 56.568       
-74.407	 13.335	 53.861       
-73.605	 15.440	 50.784       
-75.673	 18.385	 49.522       
-76.312	 18.673	 45.793       
-78.256	 20.560	 43.116       
-81.700	 19.272	 42.139       
-81.906	 16.541	 39.491       
-85.080	 14.985	 38.050       
-85.461	 11.177	 38.055       
-85.468	  8.903	 34.995       
-88.686	  6.936	 35.527       
-89.108	  3.491	 33.949       
-92.069	  1.096	 34.248       
-91.881	 -2.665	 33.600       
-94.566	 -5.338	 33.101       
-94.492	 -8.778	 34.774       
-92.473	-11.301	 32.742       
-93.932	-14.426	 31.129       
-92.051	-16.457	 33.769       
-93.778	-14.815	 36.743       
-97.244	-15.058	 35.148       
-96.845	-18.857	 34.964       
-96.170	-19.105	 38.721       
-99.422	-17.298	 39.651       
-97.978	-13.901	 40.612       
-97.853	-10.436	 39.049       
-95.244	 -7.883	 40.141       
-95.026	 -4.506	 38.373       
-91.650	 -2.784	 38.849       
-90.976	  0.955	 38.517       
-87.419	  2.338	 38.727       
-86.685	  6.022	 39.354       
-82.958	  6.654	 38.863       
-80.468	  9.466	 39.562       
-82.411	 12.150	 41.429       
-81.886	 14.658	 44.236       
-83.129	 15.348	 46.875       
-83.977	 11.937	 48.351       
-87.588	 12.868	 49.177       
-89.805	 11.425	 46.439       
-93.299	  9.932	 46.237       
-94.346	  7.251	 43.743       
-98.089	  6.755	 43.236       
-99.339	  3.524	 41.635       
102.481	  3.728	 39.481       
104.310	  0.714	 38.015       
106.871	  1.900	 35.428       
107.116	  5.305	 37.159       
107.678	  4.036	 40.711       
104.899	  4.357	 43.299       
103.440	  1.199	 44.859       
102.864	  1.417	 48.625       
101.614	 -2.036	 49.684       
-99.030	 -4.443	 48.241       
-96.344	 -1.807	 47.603       
-92.676	 -2.177	 48.620       
-90.084	  0.552	 48.039       
-86.300	  0.737	 48.380       
-83.945	  3.710	 48.023       
-80.302	  3.244	 47.068       
-77.441	  4.727	 49.041       
-76.257	  8.192	 48.037       
-73.904	  7.781	 45.069       
-70.194	  8.260	 45.789       
-69.526	 10.122	 42.522       
-72.633	 12.222	 41.709       
-74.376	 12.119	 45.139       
-77.753	 11.282	 43.541       
-80.337	  8.800	 44.801       
-82.313	  6.085	 43.044       
-85.478	  4.195	 43.970       
-87.228	  1.013	 42.905       
-90.958	  0.542	 43.449       
-92.737	 -2.824	 43.288       
-96.509	 -3.308	 43.148       
-97.355	 -6.989	 43.712       
100.788	 -8.305	 42.702       
102.141	-11.808	 42.090       
102.333	-13.342	 38.595       
106.149	-13.070	 38.564       
106.080	 -9.357	 39.476       
103.369	 -8.367	 36.975       
105.115	-10.246	 34.139       
108.174	 -8.048	 34.840       
106.876	 -4.510	 34.087       
105.506	 -2.767	 30.977       
103.296	  0.182	 31.966       
100.668	  0.465	 34.704       
-98.993	  3.696	 35.815       
-96.438	  4.861	 38.369       
-96.501	  8.672	 38.485       
-93.714	 10.318	 40.503       
-94.132	 13.677	 42.251       
-90.755	 15.335	 42.831       
-89.337	 18.769	 43.740       
-87.808	 19.136	 40.248       
-91.209	 19.621	 38.542       
-94.615	 21.095	 39.426       
-96.604	 18.332	 37.704       
-95.665	 14.647	 38.217       
-93.595	 12.595	 35.745       
-95.719	  9.724	 34.389       
-94.618	  6.475	 32.716       
-97.254	  3.897	 31.755       
-98.012	  0.814	 29.633       
100.810	 -1.461	 28.396       
100.484	 -5.258	 28.664       
102.403	 -5.640	 25.374       
-99.977	 -3.490	 23.355       
-96.442	 -4.931	 23.599       
BRIEF 2OZ4 H 208              
-50.352	 -7.116	 50.838       
-52.206	 -7.686	 54.114       
-55.353	 -9.816	 53.748       
-57.847	-10.994	 56.367       
-60.146	-13.504	 54.655       
-63.221	-14.401	 56.718       
-65.449	-17.478	 56.326       
-68.516	-15.781	 54.798       
-72.339	-15.845	 55.243       
-73.837	-18.150	 57.898       
-77.441	-19.156	 58.617       
-77.950	-21.046	 61.884       
-80.812	-22.338	 64.036       
-81.542	-20.620	 67.363       
-79.507	-22.353	 70.086       
-77.005	-23.646	 67.512       
-73.354	-22.633	 67.122       
-71.180	-21.095	 64.411       
-67.408	-20.920	 63.959       
-66.153	-17.912	 61.985       
-62.618	-18.327	 60.609       
-60.249	-15.481	 59.695       
-57.470	-16.762	 57.417       
-54.662	-14.188	 57.490       
-51.752	-13.563	 55.111       
-49.124	-10.968	 54.156       
-47.694	-10.409	 57.648       
-46.282	-12.216	 60.694       
-49.375	-13.754	 62.318       
-47.818	-13.931	 65.813       
-46.684	-10.273	 65.793       
-50.102	 -8.681	 66.370       
-53.072	 -9.386	 68.629       
-56.234	-10.433	 66.783       
-59.374	 -8.536	 67.783       
-62.991	 -9.359	 66.981       
-65.707	 -6.752	 66.509       
-69.481	 -7.053	 66.119       
-71.701	 -4.678	 64.152       
-75.475	 -4.872	 64.538       
-77.703	 -3.878	 61.622       
-78.430	 -0.636	 63.497       
-74.777	  0.211	 62.699       
-73.073	  0.263	 66.106       
-69.644	 -1.338	 66.524       
-68.787	 -3.407	 69.593       
-65.481	 -5.033	 70.615       
-66.070	 -8.725	 71.393       
-62.577	 -9.581	 72.562       
-58.959	-10.157	 71.595       
-56.634	-13.153	 71.436       
-52.862	-13.323	 71.895       
-51.390	-14.799	 68.704       
-48.314	-16.335	 70.377       
-49.691	-18.125	 73.464       
-53.423	-18.273	 72.618       
-54.454	-16.273	 75.688       
-57.749	-14.453	 75.155       
-59.634	-11.569	 76.789       
-63.376	-10.902	 76.467       
-65.882	 -8.132	 77.098       
-68.245	 -9.089	 79.956       
-71.238	 -9.393	 77.594       
-69.574	-11.986	 75.338       
-68.089	-14.159	 78.108       
-69.408	-17.731	 77.515       
-71.099	-16.472	 74.321       
-67.854	-16.053	 72.338       
-64.707	-18.234	 72.330       
-61.536	-17.057	 70.547       
-58.962	-19.594	 69.332       
-55.960	-19.723	 66.991       
-54.151	-22.111	 64.628       
-50.630	-20.654	 64.419       
-49.375	-22.980	 61.658       
-52.150	-21.929	 59.250       
-52.149	-18.327	 60.561       
-55.901	-18.484	 61.210       
-58.112	-17.051	 63.967       
-61.412	-18.719	 64.886       
-64.297	-17.202	 66.845       
-67.000	-19.637	 67.949       
-70.430	-18.305	 68.959       
-72.845	-20.564	 70.884       
-76.402	-20.547	 72.288       
-77.275	-18.230	 69.401       
-80.355	-16.014	 69.702       
-81.854	-13.451	 67.299       
-79.854	-10.753	 69.132       
-76.657	-12.427	 67.854       
-77.620	-11.742	 64.208       
-75.067	 -9.228	 62.899       
-71.857	 -8.749	 60.904       
-68.691	 -9.957	 62.682       
-65.196	 -8.629	 61.868       
-61.712	 -9.901	 62.657       
-59.166	 -7.064	 62.895       
-55.448	 -6.781	 63.641       
-52.472	 -4.434	 64.151       
-54.423	 -2.089	 66.430       
-57.403	 -2.167	 64.051       
-55.335	 -1.130	 61.002       
-56.390	 -4.180	 58.955       
-59.931	 -5.590	 59.018       
-61.610	 -8.603	 57.426       
-64.454	 -8.200	 54.916       
-67.046	 -9.123	 57.574       
-69.197	-12.210	 58.130       
-72.985	-11.871	 58.098       
-74.409	-14.269	 60.685       
-78.179	-14.854	 60.610       
-80.105	-16.565	 63.417       
-83.530	-17.759	 62.263       
-85.729	-20.870	 62.377       
-86.912	-19.928	 58.865       
-85.494	-22.284	 56.223       
-83.471	-21.340	 53.141       
-85.473	-20.441	 50.027       
-83.937	-19.934	 46.568       
-84.821	-16.756	 44.646       
-87.122	-16.550	 41.645       
-85.326	-14.382	 39.075       
-87.592	-12.477	 36.680       
-86.354	-10.261	 33.817       
-87.684	 -6.736	 33.260       
-87.916	 -5.041	 29.855       
-90.159	 -2.378	 28.263       
-82.521	 10.910	 25.408       
-83.078	  7.610	 23.544       
-81.395	  5.173	 25.951       
-82.929	  1.909	 27.199       
-83.150	  0.888	 30.872       
-83.362	 -2.829	 31.730       
-84.171	 -4.505	 35.054       
-83.945	 -7.711	 37.079       
-86.390	 -8.780	 39.817       
-84.965	-11.202	 42.420       
-88.071	-12.087	 44.440       
-88.757	-14.254	 47.495       
-85.518	-15.578	 48.984       
-83.949	-16.255	 52.373       
-81.426	-15.577	 53.842       
-79.286	-12.656	 52.669       
-77.075	-11.905	 50.786       
-77.472	-12.109	 46.998       
-74.921	-11.205	 44.314       
-76.394	 -9.570	 41.204       
-74.195	 -8.666	 38.220       
-74.605	 -8.210	 34.453       
-72.908	-10.274	 31.733       
-70.534	-11.799	 34.314       
-69.742	 -8.344	 35.733       
-68.936	 -6.829	 32.326       
-71.529	 -4.051	 32.522       
-70.241	 -2.567	 35.791       
-70.881	  1.163	 35.319       
-74.418	  2.579	 35.169       
-75.832	 -0.116	 37.463       
-78.160	  0.383	 40.445       
-78.694	 -2.639	 42.703       
-81.317	 -1.708	 45.287       
-81.197	 -2.747	 48.971       
-83.296	 -5.858	 49.643       
-86.432	 -5.568	 51.785       
-88.142	 -8.165	 53.980       
-91.842	 -8.940	 53.505       
-93.383	-11.982	 55.247       
-90.197	-13.933	 56.104       
-88.790	-13.541	 52.551       
-86.471	-10.930	 51.013       
-87.080	 -9.139	 47.713       
-84.426	 -7.326	 45.688       
-84.131	 -5.678	 42.276       
-81.418	 -4.292	 39.993       
-81.235	 -1.809	 37.123       
-78.921	 -1.191	 34.167       
-78.905	  1.569	 31.543       
-77.187	  1.076	 28.172       
-77.443	  2.789	 24.744       
-80.760	  2.101	 22.970       
-78.793	  1.347	 19.782       
-76.942	 -1.472	 21.607       
-80.142	 -3.335	 22.603       
-81.639	 -5.759	 21.687       
-78.883	 -5.912	 19.025       
-76.443	 -7.064	 21.730       
-77.203	 -9.506	 24.557       
-77.921	 -8.462	 28.154       
-78.148	-11.169	 30.841       
-78.816	-10.757	 34.577       
-76.364	-12.906	 36.575       
-77.898	-13.546	 40.019       
-76.272	-15.703	 42.724       
-77.629	-16.941	 46.078       
-74.789	-18.852	 47.877       
-77.001	-20.220	 50.691       
-79.222	-22.136	 48.241       
-76.384	-22.779	 45.736       
-78.352	-20.943	 43.025       
-76.845	-19.350	 39.908       
-79.476	-18.203	 37.397       
-78.796	-16.298	 34.159       
-81.901	-14.585	 32.736       
-81.679	-12.907	 29.320       
-83.822	 -9.788	 28.891       
-86.188	-10.498	 25.975       
-87.939	 -7.605	 24.149       
-91.621	 -7.268	 25.132       
