BRIEF 2Q8A A 316              
 26.972	-11.385	 61.472  0.020
 26.454	-13.232	 58.171  1.150
 25.968	-10.843	 55.205  0.803
 24.821	-13.748	 52.999  0.087
 21.583	-14.812	 54.757 -0.680
 18.906	-13.389	 52.415 -0.873
 21.201	-13.860	 49.420 -0.056
 21.694	-17.545	 50.331  0.901
 18.031	-18.371	 51.050  0.128
 17.276	-19.651	 47.527  0.948
 20.065	-22.266	 47.871  0.246
 18.341	-23.983	 50.805  1.200
 16.884	-26.448	 48.284  0.476
 15.320	-28.646	 50.972  0.559
 13.375	-25.556	 52.061 -1.104
 12.615	-23.773	 48.753  0.052
 12.094	-26.805	 46.477  1.323
 11.239	-29.487	 49.069  0.552
 11.175	-32.499	 46.705  1.269
 13.377	-34.556	 44.343  1.208
 15.162	-32.862	 41.445  0.792
 16.597	-35.717	 39.379  0.349
 13.297	-37.500	 39.962  1.228
 10.509	-35.447	 41.544  1.308
  7.710	-37.603	 42.952  1.011
  7.339	-36.016	 46.387  1.209
  3.573	-36.236	 46.704  0.459
  0.892	-38.852	 46.217  0.247
 -2.593	-38.083	 44.899  0.579
 -5.597	-40.290	 44.376 -0.427
 -7.090	-40.822	 40.933  1.154
-10.122	-43.143	 40.664 -0.513
 -9.363	-44.937	 43.953 -0.636
 -5.560	-45.305	 43.657 -0.668
 -2.631	-43.258	 45.010 -1.557
 -0.274	-42.070	 42.295  0.984
  3.131	-40.509	 42.734  1.307
  3.657	-37.119	 41.108  0.652
  6.055	-34.138	 40.995  0.819
  5.618	-31.656	 43.839  0.127
  8.776	-29.506	 43.793  1.213
  8.223	-25.767	 44.295  0.675
 11.128	-24.654	 42.086  1.182
 11.536	-24.964	 38.316  1.242
 14.220	-27.402	 37.177  1.018
 16.088	-25.631	 34.385 -0.369
 17.592	-27.734	 31.643  1.214
 15.834	-30.936	 32.705  1.135
 14.206	-33.350	 30.322 -0.451
 13.796	-37.090	 29.826  1.235
 16.163	-39.088	 27.578 -1.154
 14.459	-42.057	 25.908  0.687
 17.173	-44.647	 25.346 -0.095
 17.794	-46.511	 22.075  0.932
 15.234	-44.215	 20.441  0.961
 14.855	-41.303	 18.010 -2.183
 11.476	-40.258	 19.438  0.744
 11.808	-37.307	 21.827  0.807
  9.981	-37.007	 25.158  1.210
  7.986	-33.866	 24.251  1.220
  6.281	-35.936	 21.543 -0.800
  2.645	-36.747	 22.456  0.439
  2.132	-40.130	 24.173  0.919
  1.054	-43.002	 21.925  0.556
 -2.714	-43.065	 21.323  0.403
 -4.995	-45.050	 18.989 -1.921
 -3.125	-47.075	 16.360 -0.761
  0.283	-45.776	 17.567 -0.904
  2.752	-48.035	 19.396 -2.329
  4.225	-47.152	 22.817 -1.677
  7.785	-46.439	 21.563  0.120
  6.499	-44.132	 18.807 -0.116
  5.151	-41.710	 21.400  1.062
  6.821	-39.563	 24.026  1.214
  5.601	-38.254	 27.376  0.773
  3.379	-35.284	 26.414  0.905
 -0.396	-34.724	 26.207  0.334
 -1.901	-36.112	 22.944  0.993
 -3.351	-33.688	 20.341 -1.538
 -7.067	-33.496	 21.119  0.864
 -9.454	-30.579	 20.466 -1.321
 -9.686	-28.029	 21.999 -0.297
 -5.886	-28.263	 22.064 -1.617
 -4.449	-27.768	 25.544  0.382
 -0.883	-28.869	 24.806  0.886
  1.347	-27.726	 23.380  0.760
  0.234	-24.166	 24.039  0.267
  2.437	-21.173	 23.281 -0.120
  2.946	-18.239	 25.661  0.084
  0.789	-15.855	 23.625 -1.919
 -1.954	-18.484	 23.268 -1.195
 -1.865	-19.056	 27.048  0.559
 -1.976	-15.331	 27.779  0.108
 -4.965	-15.068	 25.416 -2.486
 -6.657	-18.150	 26.890 -1.924
 -6.427	-16.723	 30.433  0.077
 -6.823	-13.069	 29.393 -0.678
 -9.790	-12.323	 31.688 -2.428
 -7.953	-13.660	 34.757 -0.118
 -5.793	-10.754	 36.007 -2.436
 -3.705	-13.034	 38.224 -2.175
 -3.048	-15.876	 35.729 -0.393
 -2.633	-13.597	 32.676 -1.580
  0.180	-11.678	 34.430 -0.569
  2.099	-14.761	 35.611 -0.084
  5.671	-15.371	 34.438  0.320
  5.827	-17.989	 31.635  0.473
  6.965	-20.824	 33.940  0.680
  4.242	-20.397	 36.569  0.108
  1.750	-19.764	 33.767  0.623
  2.706	-23.128	 32.203  1.294
  2.499	-24.911	 35.561  0.867
 -0.920	-23.354	 36.259 -0.042
 -2.215	-24.310	 32.788  0.569
 -1.063	-27.933	 33.173  1.195
 -2.602	-27.913	 36.670 -0.071
 -5.961	-27.085	 35.059  0.527
 -6.154	-30.459	 33.329  0.415
 -8.422	-32.928	 35.097 -0.218
 -6.875	-36.445	 35.288  0.623
 -8.903	-39.371	 33.898 -0.172
-12.243	-37.566	 34.472 -0.501
-11.691	-37.471	 38.239 -0.435
-12.875	-33.979	 39.268 -1.554
-12.242	-34.708	 42.978  0.079
 -8.557	-35.434	 42.283  0.302
 -5.639	-33.363	 43.601 -0.078
 -3.479	-34.981	 40.925  1.175
 -2.006	-32.388	 38.586  1.092
  0.194	-33.215	 35.610  0.873
  3.720	-31.757	 35.395  1.236
  4.846	-29.730	 32.416  0.593
  7.857	-28.641	 30.401  0.807
  8.211	-25.081	 29.191  0.522
 10.424	-24.551	 26.141  1.325
 11.801	-20.980	 26.163 -0.466
 13.055	-21.248	 22.576 -2.198
  9.646	-21.707	 20.902 -0.115
  7.735	-20.334	 23.953 -0.174
  5.635	-23.504	 24.312  0.487
  4.148	-25.130	 27.352  1.294
  4.067	-28.933	 27.028 -0.200
  1.830	-30.759	 29.511  0.888
  3.238	-34.174	 30.429  0.933
  0.841	-37.094	 30.443  0.685
  3.546	-39.403	 31.789  0.456
  4.826	-38.131	 35.161  0.730
  7.351	-41.003	 35.407  0.769
 10.923	-39.758	 35.014  1.108
 13.118	-42.855	 35.237  0.503
 12.596	-46.408	 34.073  0.740
 15.929	-48.216	 33.795 -0.371
 16.206	-51.981	 34.083  0.853
 17.690	-54.985	 32.294 -0.638
 14.182	-56.287	 33.162 -0.071
 12.070	-53.141	 33.666  0.749
 12.266	-52.107	 30.023  1.294
 12.827	-53.499	 26.539  0.462
 15.548	-52.147	 24.244 -0.394
 14.812	-53.330	 20.696 -0.759
 14.020	-52.186	 17.139 -1.815
 11.313	-54.778	 16.432 -0.398
  9.636	-54.563	 19.867 -0.593
  7.595	-51.443	 19.148 -1.755
  4.882	-51.745	 21.824 -0.172
  7.107	-52.744	 24.765  0.544
  8.092	-50.379	 27.604 -0.549
 10.439	-47.359	 27.330  0.361
 13.876	-47.339	 28.868  1.294
 14.282	-43.764	 30.076  0.891
 16.148	-41.459	 32.446 -1.684
 16.097	-37.784	 33.494  0.680
 19.031	-35.709	 32.226 -0.929
 20.336	-32.274	 31.433  1.364
 21.145	-32.857	 27.782  0.447
 22.400	-29.922	 25.668 -2.375
 19.175	-30.296	 23.624 -2.564
 17.220	-29.629	 26.863  0.352
 19.057	-26.367	 27.677 -0.787
 15.901	-24.241	 27.061  0.020
 13.529	-26.628	 28.835  0.401
 12.269	-26.229	 32.351  0.366
 10.624	-29.125	 34.175  0.997
  7.625	-27.903	 36.139  0.689
  5.698	-29.629	 38.900  1.116
  2.143	-28.581	 39.793  1.077
  3.667	-26.840	 42.848  0.255
  5.942	-24.296	 41.113  0.593
  5.685	-21.134	 43.168  0.582
  4.580	-17.648	 42.078 -0.684
  7.760	-16.053	 43.285  0.713
 10.302	-18.677	 42.129  0.380
 12.352	-15.751	 40.727  0.217
 12.878	-14.434	 44.228 -1.225
 13.069	-17.762	 46.064  0.317
 14.484	-20.327	 43.617  1.294
 17.928	-20.736	 42.025  1.228
 18.283	-19.919	 38.351  0.681
 21.623	-18.608	 37.196 -0.485
 24.969	-19.928	 38.253  0.760
 27.052	-17.570	 40.362  0.718
 30.261	-16.304	 38.806 -0.948
 33.167	-15.410	 41.108  0.524
 31.522	-17.433	 43.880  0.456
 32.140	-20.686	 45.687 -0.232
 29.603	-22.158	 48.130  0.810
 30.881	-22.408	 51.700  1.192
 29.691	-22.864	 55.279 -1.538
 29.480	-19.983	 57.720 -0.241
 31.511	-21.015	 60.773  0.183
 32.529	-18.604	 63.570 -1.180
 32.211	-15.376	 61.565  0.886
 33.994	-16.759	 58.492 -0.191
 32.964	-18.473	 55.265  0.948
 34.683	-21.841	 55.320 -0.484
 34.970	-24.474	 52.595 -0.088
 32.330	-27.181	 52.424 -0.417
 33.943	-29.918	 54.591 -1.194
 32.825	-32.839	 52.413 -1.294
 33.043	-32.542	 48.647 -0.807
 33.220	-35.229	 45.908 -2.327
 35.390	-34.062	 43.041 -1.580
 34.893	-34.983	 39.370 -1.857
 36.329	-33.694	 36.085 -2.315
 34.099	-31.345	 34.081 -0.580
 35.370	-29.521	 30.978 -2.562
 32.891	-26.669	 31.386 -0.640
 30.120	-25.354	 33.643 -0.019
 27.389	-27.237	 31.751 -1.413
 29.118	-30.579	 32.390 -1.158
 29.359	-29.779	 36.134  0.803
 25.660	-28.860	 36.339  0.581
 24.868	-32.157	 34.563 -0.191
 26.909	-34.150	 37.114 -0.552
 25.314	-32.318	 40.064 -0.140
 21.853	-32.967	 38.622  1.183
 22.785	-36.678	 38.244 -0.710
 23.529	-36.855	 41.980 -1.022
 20.714	-34.609	 43.172  0.425
 17.700	-35.419	 45.351  1.040
 15.762	-38.253	 43.783  1.120
 12.331	-39.569	 44.727  1.301
 12.966	-42.733	 42.692  0.181
 12.797	-46.222	 44.263  0.785
 11.195	-56.173	 42.132 -1.016
 12.250	-58.745	 39.499 -1.188
  9.876	-57.383	 36.839 -0.561
  8.094	-54.102	 36.085 -0.453
  4.820	-54.989	 37.808 -0.050
  1.834	-52.642	 38.280  0.624
  2.967	-51.696	 41.801 -1.461
  6.535	-51.025	 40.556 -2.059
  5.056	-48.818	 37.816 -0.062
  3.112	-46.783	 40.407 -0.724
  6.340	-46.299	 42.413 -1.222
  8.117	-44.988	 39.285 -1.457
  5.318	-42.448	 38.739  0.382
  3.271	-44.286	 36.107 -1.333
 -0.516	-43.825	 36.210 -1.875
 -1.959	-45.363	 33.033 -0.827
 -1.664	-48.566	 31.000 -1.346
 -3.062	-47.729	 27.525 -0.674
 -5.961	-45.409	 28.518 -1.128
 -6.682	-47.355	 31.729 -0.895
 -5.653	-46.946	 35.381 -0.136
 -2.735	-48.831	 36.925  0.204
 -4.133	-50.455	 40.091  0.048
 10.187	-42.759	 48.150 -2.114
 10.646	-39.117	 49.241 -1.230
 13.899	-37.162	 49.416  0.466
 12.199	-33.854	 50.388 -1.452
 14.980	-31.976	 48.551  0.441
 17.778	-33.810	 50.418 -1.188
 20.677	-34.845	 48.162  0.377
 23.819	-33.785	 46.302 -0.120
 22.193	-30.603	 45.029  1.091
 25.156	-28.224	 44.872  0.927
 28.430	-27.990	 42.995  0.828
 31.412	-25.674	 43.103  0.591
 32.916	-25.543	 39.634  0.487
 36.579	-24.699	 39.324 -0.437
 36.878	-23.167	 35.848 -1.152
 40.677	-23.265	 35.978 -2.247
 41.265	-26.888	 36.925 -1.355
 37.975	-28.083	 35.387 -1.140
 36.828	-29.802	 38.555 -0.879
 33.291	-30.140	 39.776  1.290
 33.086	-30.189	 43.594 -0.712
 29.729	-31.744	 44.533 -0.227
 28.250	-31.735	 48.052 -0.257
 24.992	-32.431	 49.956 -0.658
 24.788	-29.884	 52.784 -1.880
 23.027	-26.573	 52.271  0.097
 25.553	-23.738	 51.775  1.335
 25.196	-20.681	 54.019  0.371
 27.713	-18.269	 52.469  1.155
 29.918	-17.484	 49.476  0.950
 33.653	-17.650	 49.245  0.928
 34.537	-15.045	 46.634  0.385
 37.070	-16.944	 44.541  0.399
 37.553	-15.906	 40.920 -0.394
 38.220	-19.483	 39.784  0.025
 34.757	-20.561	 40.909  0.289
 31.193	-20.697	 39.688 -0.529
 28.587	-21.896	 42.216  1.177
 25.969	-24.187	 40.664  0.592
 22.822	-26.050	 41.696  1.351
 20.958	-29.107	 40.344  0.878
 18.003	-26.687	 39.884  0.718
 20.055	-24.030	 38.141  0.903
 20.224	-23.354	 34.462  1.077
 23.006	-25.476	 32.911  0.560
 24.590	-22.502	 31.079 -1.383
 23.417	-19.119	 32.408  1.061
 25.649	-17.115	 34.721 -1.311
 25.283	-13.848	 36.652  0.700
BRIEF 2Q8A L 214              
-20.454	 -0.406	 22.979       
-17.625	 -0.376	 20.440       
-18.880	 -0.909	 16.902       
-16.685	 -3.120	 14.717       
-17.451	 -2.166	 11.119       
-16.449	 -5.147	  8.961       
-16.107	 -4.694	  5.183       
-16.782	 -6.078	  2.683       
-19.949	 -8.066	  3.555       
-19.564	-10.328	  0.528       
-16.323	-11.136	 -1.235       
-16.199	-13.058	 -4.521       
-12.647	-14.385	 -5.059       
-11.007	-16.902	 -7.393       
 -8.814	-19.748	 -6.124       
 -5.325	-18.345	 -5.589       
 -6.141	-14.657	 -5.280       
 -5.784	-12.338	 -2.282       
 -8.627	-11.905	  0.208       
 -8.412	 -8.646	  2.169       
-10.991	 -8.055	  4.901       
-11.080	 -4.811	  6.891       
-12.567	 -4.178	 10.305       
-12.764	 -0.663	 11.805       
-13.221	 -0.073	 15.544       
-15.362	  2.920	 16.556       
-13.061	  3.347	 19.591       
 -9.404	  2.333	 20.078       
 -9.147	 -1.383	 20.888       
 -5.326	 -1.553	 21.114       
 -4.196	 -4.943	 19.715       
 -7.140	 -6.961	 21.041       
 -8.794	 -8.177	 17.851       
 -9.396	-11.789	 16.877       
-10.384	-13.215	 13.500       
-12.666	-16.254	 13.229       
-13.460	-18.651	 10.433       
-16.918	-20.172	 10.250       
-17.249	-22.901	  7.636       
-20.866	-23.799	  6.771       
-22.549	-25.799	  9.560       
-19.554	-25.453	 11.902       
-18.572	-23.452	 14.979       
-16.248	-20.452	 14.495       
-12.530	-21.302	 14.716       
 -9.862	-18.844	 15.895       
 -7.389	-17.986	 13.131       
 -5.761	-14.781	 14.404       
 -5.636	-13.263	 17.900       
 -4.041	-10.076	 19.304       
 -4.583	 -8.572	 15.817       
 -1.627	-10.380	 14.222       
 -0.825	-13.725	 15.905       
 -1.597	-16.895	 13.951       
 -3.061	-19.641	 16.190       
 -1.384	-23.065	 16.260       
 -2.515	-25.193	 13.303       
 -3.573	-22.160	 11.260       
 -2.033	-22.179	  7.710       
  0.508	-19.523	  6.635       
 -1.933	-18.097	  4.069       
 -3.905	-16.571	  6.966       
 -2.545	-13.322	  8.447       
 -3.827	-10.276	 10.328       
 -2.340	 -6.847	 11.093       
 -3.347	 -3.603	 12.785       
 -3.312	 -1.599	 15.995       
 -5.799	  0.903	 17.451       
 -8.843	  1.198	 15.185       
 -7.892	 -0.266	 11.770       
 -7.521	 -4.030	 11.387       
 -6.801	 -6.152	  8.331       
 -7.364	 -9.869	  7.825       
 -5.733	-11.427	  4.764       
 -5.866	-14.767	  2.996       
 -2.853	-14.341	  0.688       
 -3.900	-17.126	 -1.713       
 -7.462	-18.428	 -1.189       
 -8.059	-22.143	 -1.504       
-11.508	-23.546	 -2.376       
-11.697	-25.032	  1.155       
-11.380	-21.522	  2.681       
-15.012	-20.945	  1.700       
-16.463	-19.499	  4.889       
-17.786	-16.452	  6.707       
-15.026	-14.537	  8.500       
-15.687	-12.400	 11.612       
-13.491	 -9.922	 13.514       
-14.156	 -9.472	 17.214       
-12.785	 -6.864	 19.600       
-11.878	 -8.127	 23.058       
-10.488	 -4.884	 24.466       
-13.579	 -3.746	 26.406       
-17.068	 -5.171	 26.985       
-19.412	 -5.745	 25.251       
-16.984	 -7.752	 23.095       
-18.562	 -6.926	 19.794       
-18.219	 -8.900	 16.594       
-17.859	 -7.382	 13.141       
-20.773	 -8.053	 10.781       
-18.890	-10.819	  8.954       
-17.615	-11.357	  5.415       
-19.034	-14.125	  3.262       
-16.623	-15.613	  0.725       
-17.702	-16.788	 -2.680       
-15.378	-18.892	 -4.799       
-15.453	-17.702	 -8.418       
-15.603	-20.454	-10.986       
-16.311	-20.905	-14.687       
-20.005	-20.490	-15.535       
-22.044	-23.706	-15.533       
-25.521	-24.417	-16.902       
-28.041	-26.034	-14.526       
-29.293	-29.610	-14.962       
-33.064	-29.426	-14.634       
-35.395	-32.224	-13.554       
-39.138	-31.746	-13.093       
-41.056	-34.201	-10.903       
-44.805	-34.929	-10.791       
-46.738	-35.042	 -7.475       
-46.516	-38.520	 -5.910       
-49.555	-40.709	 -5.169       
-48.588	-40.429	 -1.478       
-49.188	-36.649	 -1.539       
-51.783	-36.671	 -4.333       
-54.237	-38.747	 -2.265       
-53.850	-36.553	  0.840       
-55.142	-33.183	 -0.403       
-52.064	-31.456	 -1.840       
-49.977	-31.613	 -5.018       
-46.367	-30.410	 -5.160       
-44.539	-30.148	 -8.473       
-40.811	-29.972	 -7.691       
-38.137	-28.779	-10.127       
-34.386	-29.085	 -9.460       
-31.949	-26.631	-11.035       
-28.684	-28.369	-10.172       
-24.952	-27.498	-10.271       
-25.043	-24.033	-11.894       
-22.892	-20.872	-11.679       
-23.302	-17.945	-11.105       
-26.043	-17.945	 -8.443       
-28.326	-15.577	-10.375       
-31.041	-17.764	-11.877       
-34.646	-17.104	-12.870       
-37.406	-19.720	-12.852       
-40.818	-19.202	-14.458       
-43.511	-21.812	-13.861       
-46.117	-22.370	-16.573       
-49.452	-24.169	-16.256       
-51.223	-24.927	-19.571       
-48.913	-22.324	-21.158       
-49.758	-19.436	-18.827       
-47.133	-18.273	-16.325       
-47.846	-18.861	-12.646       
-46.000	-16.788	-10.046       
-48.310	-17.647	 -7.129       
-47.666	-20.616	 -4.801       
-44.008	-21.087	 -5.790       
-41.216	-21.721	 -3.251       
-37.535	-21.412	 -4.261       
-34.667	-22.797	 -2.151       
-31.005	-22.278	 -3.083       
-28.190	-24.378	 -1.686       
-25.047	-22.728	 -0.360       
-22.017	-23.083	 -2.648       
-20.998	-26.730	 -3.051       
-17.685	-27.386	 -1.260       
-16.307	-29.536	 -4.111       
-17.363	-27.939	 -7.428       
-18.303	-24.427	 -6.142       
-21.600	-24.491	 -8.056       
-25.065	-23.680	 -6.732       
-28.229	-25.748	 -6.872       
-31.834	-24.708	 -6.288       
-35.264	-26.321	 -5.949       
-38.438	-24.707	 -7.230       
-41.659	-26.200	 -5.880       
-45.075	-25.239	 -7.213       
-47.636	-26.380	 -4.639       
-51.286	-26.769	 -5.635       
-54.339	-28.413	 -4.086       
-55.310	-31.869	 -5.411       
-58.408	-30.310	 -7.046       
-56.627	-27.423	 -8.837       
-53.852	-29.755	-10.050       
-56.241	-32.198	-11.759       
-57.888	-29.076	-13.248       
-54.875	-28.493	-15.554       
-52.472	-30.460	-17.792       
-49.092	-29.092	-18.972       
-46.783	-28.266	-16.036       
-43.447	-26.634	-16.897       
-40.486	-24.978	-15.151       
-38.224	-22.681	-17.202       
-34.650	-21.957	-16.079       
-33.223	-18.645	-17.278       
-29.502	-18.438	-16.563       
-26.729	-16.439	-18.269       
-25.314	-19.671	-19.797       
-27.963	-19.771	-22.564       
-29.954	-17.258	-24.633       
-33.120	-19.369	-24.392       
-34.480	-20.908	-21.142       
-34.052	-24.578	-20.194       
-37.660	-25.815	-20.348       
-38.601	-29.028	-18.544       
-42.232	-30.074	-18.887       
-44.639	-32.944	-18.271       
-48.283	-33.455	-19.193       
-50.510	-35.027	-16.523       
-52.267	-36.741	-19.478       
-49.063	-38.437	-20.708       
-49.128	-41.143	-18.000       
BRIEF 2Q8A H 199              
 -8.835	-34.637	 27.187       
-10.872	-31.430	 27.002       
-14.385	-31.565	 25.560       
-17.263	-29.107	 25.370       
-20.758	-30.548	 25.450       
-23.737	-28.291	 24.863       
-27.302	-29.351	 25.723       
-29.732	-30.559	 23.034       
-31.914	-28.630	 20.600       
-34.772	-26.870	 22.361       
-38.271	-26.035	 21.147       
-40.323	-23.753	 23.405       
-43.410	-21.526	 23.137       
-43.026	-17.707	 23.209       
-43.048	-16.217	 26.726       
-41.285	-19.292	 28.119       
-37.770	-19.494	 29.549       
-34.925	-21.879	 28.771       
-31.703	-22.829	 30.553       
-28.931	-24.041	 28.235       
-25.872	-25.865	 29.549       
-22.248	-26.180	 28.512       
-20.419	-29.098	 30.182       
-16.630	-28.915	 29.985       
-14.824	-32.223	 30.554       
-11.118	-32.751	 31.329       
-10.605	-29.084	 32.283       
-11.053	-26.818	 35.329       
-13.257	-23.866	 34.377       
-12.296	-21.591	 37.294       
 -9.513	-19.657	 35.479       
-11.278	-19.254	 32.108       
-14.201	-17.009	 31.166       
-17.232	-18.777	 29.733       
-18.713	-16.676	 26.923       
-22.067	-17.102	 25.232       
-22.543	-16.024	 21.643       
-25.771	-15.851	 19.665       
-26.222	-16.542	 15.977       
-29.622	-16.174	 14.315       
-30.369	-18.165	 11.102       
-28.168	-16.769	  8.287       
-27.073	-13.825	 10.493       
-23.794	-12.870	 12.192       
-22.380	-13.624	 15.632       
-23.525	-11.473	 18.590       
-21.708	-11.570	 21.901       
-24.292	-12.101	 24.635       
-21.953	-11.931	 27.604       
-19.386	-13.806	 29.682       
-18.886	-15.096	 33.205       
-15.827	-15.171	 35.394       
-16.429	-18.544	 37.080       
-13.841	-17.797	 39.828       
-15.831	-14.806	 41.071       
-19.333	-15.234	 39.532       
-19.006	-11.868	 37.791       
-20.985	-12.021	 34.584       
-21.339	 -9.144	 32.132       
-23.568	 -8.614	 29.091       
-24.252	 -6.473	 26.062       
-26.940	 -3.929	 27.138       
-29.178	 -5.565	 24.477       
-29.289	 -8.726	 26.642       
-29.706	 -7.142	 30.105       
-32.992	 -8.646	 31.291       
-32.958	-11.365	 28.642       
-29.836	-13.413	 29.305       
-28.476	-14.662	 32.618       
-25.078	-16.378	 32.532       
-23.988	-18.616	 35.426       
-21.111	-21.061	 35.988       
-20.453	-24.010	 38.267       
-16.784	-24.716	 39.033       
-17.824	-27.906	 40.873       
-19.293	-29.567	 37.769       
-17.303	-27.376	 35.332       
-20.494	-26.290	 33.603       
-21.627	-22.904	 32.271       
-25.269	-21.935	 31.839       
-27.251	-19.443	 29.791       
-30.785	-18.775	 30.961       
-33.027	-16.891	 28.550       
-36.275	-15.386	 29.837       
-39.485	-14.080	 28.209       
-38.815	-16.044	 25.000       
-39.431	-14.397	 21.636       
-38.963	-15.311	 17.947       
-35.885	-13.027	 17.961       
-34.454	-15.520	 20.482       
-34.531	-18.246	 17.798       
-30.823	-18.883	 17.239       
-27.808	-21.107	 17.687       
-26.263	-20.388	 21.073       
-22.549	-21.048	 21.404       
-20.758	-21.402	 24.697       
-17.039	-20.806	 24.671       
-14.323	-22.041	 26.997       
-12.437	-18.774	 26.585       
-11.466	-18.746	 22.841       
-12.594	-22.361	 22.290       
-16.145	-22.717	 20.981       
-18.795	-25.347	 21.677       
-20.760	-26.944	 18.843       
-23.786	-24.748	 19.669       
-27.339	-25.375	 20.877       
-30.228	-24.678	 18.494       
-33.132	-22.880	 20.173       
-36.460	-22.687	 18.341       
-39.030	-20.321	 19.884       
-42.426	-21.091	 18.349       
-46.089	-21.712	 19.160       
-45.998	-24.466	 16.507       
-45.933	-28.036	 17.843       
-43.424	-30.810	 17.102       
-44.717	-32.411	 13.896       
-43.171	-35.387	 12.037       
-42.749	-35.026	  8.259       
-44.463	-37.024	  5.542       
-42.072	-38.309	  2.875       
-42.959	-38.042	 -0.815       
-40.867	-39.838	 -3.471       
-39.838	-37.771	 -6.495       
-39.501	-39.996	 -9.563       
-39.231	-39.049	-13.299       
-42.489	-40.716	-14.450       
-43.490	-41.602	-18.029       
-29.908	-38.934	-20.978       
-26.903	-40.779	-19.546       
-27.980	-39.747	-16.018       
-31.158	-39.583	-13.895       
-31.988	-37.407	-10.863       
-34.204	-38.713	 -8.042       
-35.583	-36.955	 -4.966       
-37.528	-36.899	 -1.708       
-40.044	-34.285	 -0.581       
-40.055	-33.633	  3.170       
-43.194	-31.557	  3.816       
-45.098	-30.295	  6.864       
-42.583	-30.958	  9.658       
-41.457	-28.992	 12.729       
-38.938	-28.005	 14.001       
-35.763	-27.940	 11.866       
-33.284	-30.858	 11.710       
-34.198	-33.365	  9.017       
-31.469	-35.786	  7.881       
-32.153	-37.447	  4.525       
-29.614	-40.162	  3.633       
-29.536	-42.190	  0.400       
-28.785	-45.928	  0.272       
-21.764	-37.556	 -2.739       
-23.904	-36.651	 -5.785       
-26.498	-35.469	 -3.242       
-28.056	-32.018	 -2.942       
-29.864	-30.975	  0.217       
-32.103	-27.963	 -0.352       
-32.535	-26.010	  2.934       
-36.026	-25.868	  4.460       
-38.595	-23.127	  3.876       
-41.301	-22.407	  6.444       
-44.418	-23.391	  4.479       
-46.881	-21.604	  6.824       
-46.180	-22.875	 10.358       
-44.502	-26.069	  9.105       
-41.232	-26.733	  7.208       
-40.598	-28.074	  3.697       
-37.258	-29.321	  2.380       
-36.190	-31.509	 -0.553       
-33.172	-33.640	 -1.423       
-31.857	-34.835	 -4.786       
-29.482	-37.610	 -5.878       
-28.116	-38.158	 -9.396       
-27.122	-41.682	-10.443       
-26.218	-43.453	-13.723       
-29.470	-44.213	-15.579       
-28.303	-47.853	-15.709       
-28.248	-48.029	-11.877       
-31.962	-47.095	-11.706       
-34.718	-48.371	-11.805       
-32.865	-51.723	-11.933       
-31.602	-51.199	 -8.350       
-33.558	-50.011	 -5.291       
-32.714	-46.396	 -4.431       
-33.994	-45.330	 -1.005       
-34.161	-42.074	  0.949       
-34.160	-42.274	  4.738       
-35.716	-39.175	  6.283       
-34.718	-38.687	  9.926       
-36.554	-36.299	 12.241       
-35.110	-36.539	 15.805       
-37.545	-34.008	 17.349       
-40.596	-36.200	 16.655       
-38.524	-39.426	 16.899       
-39.457	-40.522	 13.352       
-37.366	-42.170	 10.626       
-39.266	-43.294	  7.511       
-37.824	-44.784	  4.297       
-39.441	-44.172	  0.900       
-38.661	-46.637	 -1.912       
