BRIEF 2QQK A 541              
-16.345	-49.815	-32.521 -0.849
-13.450	-48.873	-34.857  1.810
-13.355	-48.805	-38.687  1.342
-15.934	-47.426	-41.134 -0.502
-16.608	-45.502	-44.349 -2.193
-16.240	-41.703	-44.265 -2.304
-17.421	-38.959	-46.610 -2.029
-14.464	-36.668	-47.164 -1.878
-16.684	-33.618	-47.918 -1.832
-16.088	-32.972	-44.232 -1.116
-12.447	-33.076	-43.204 -0.148
-12.054	-35.554	-40.369  1.580
 -9.526	-37.230	-38.121 -0.687
 -8.802	-40.945	-38.046  1.175
 -6.705	-42.362	-35.250  0.047
 -5.870	-45.745	-33.843  2.156
 -8.595	-46.641	-31.244  1.923
 -7.469	-44.985	-27.947  0.530
 -4.947	-42.464	-29.293  0.634
 -2.749	-41.124	-27.764  1.822
 -3.179	-43.928	-25.189 -0.445
 -1.370	-47.123	-26.181 -0.565
 -3.475	-49.015	-28.754  1.822
 -5.031	-52.395	-27.965  0.888
 -3.021	-55.525	-28.752  0.473
 -4.186	-58.261	-31.136  0.703
 -6.876	-56.352	-33.117 -0.301
 -7.218	-54.855	-36.604  0.145
 -9.136	-51.870	-37.997  2.062
 -9.986	-50.821	-41.505 -1.164
-11.498	-47.593	-42.896  1.079
-12.522	-46.479	-46.387 -1.148
-12.290	-42.735	-47.007  1.722
-14.087	-41.573	-50.153 -0.294
-14.994	-38.458	-52.140  1.437
-18.510	-37.621	-53.502 -0.062
-17.543	-38.248	-57.173 -1.155
-14.529	-39.630	-59.142  0.093
-13.550	-36.031	-60.092 -1.352
-12.032	-35.343	-56.625  0.606
 -9.080	-37.072	-54.885 -0.906
 -8.206	-37.717	-51.217 -0.576
 -5.146	-36.451	-49.335  1.416
 -4.038	-37.890	-45.950  0.914
 -1.775	-35.939	-43.504  0.405
 -0.340	-37.850	-40.529  1.020
  0.384	-36.213	-37.188 -0.211
  4.106	-36.343	-36.407 -0.174
  3.422	-37.986	-33.072 -0.237
  3.398	-41.565	-34.321  0.629
  4.378	-44.681	-32.373  0.536
  4.048	-48.238	-33.573 -0.089
  6.166	-51.244	-32.585  1.229
  9.421	-51.545	-34.478 -0.969
 11.156	-54.738	-35.530 -0.111
 10.679	-54.728	-39.329 -1.647
  6.941	-54.059	-39.328  2.213
  6.415	-57.836	-38.908 -1.190
  3.709	-57.374	-36.249 -0.843
  2.243	-53.880	-35.881  1.842
  1.845	-51.545	-38.838 -0.183
 -0.387	-49.153	-40.759  0.703
 -1.133	-49.953	-44.425  0.787
 -2.628	-47.482	-46.888  1.064
 -3.882	-48.733	-50.231  0.469
 -4.685	-46.799	-53.419  1.466
 -8.398	-47.114	-54.102  1.634
-10.413	-49.612	-52.137 -2.252
-10.290	-53.082	-50.583 -1.221
 -7.188	-54.971	-49.500 -2.256
 -6.099	-55.864	-53.054 -0.041
 -5.529	-52.214	-54.200 -0.794
 -2.002	-50.868	-54.735 -2.208
  0.206	-50.459	-51.635 -0.888
  0.735	-46.729	-51.190  0.477
  2.760	-47.417	-48.010  0.961
  3.363	-49.850	-45.114 -0.047
  4.689	-48.100	-42.019 -0.524
  5.729	-48.535	-38.389  2.208
  8.296	-47.258	-35.851  1.644
  8.405	-43.582	-34.881 -0.194
  8.456	-41.803	-38.291 -1.037
  4.992	-40.890	-39.659 -1.623
  4.132	-41.555	-43.315  1.224
  4.572	-38.731	-45.829 -1.153
  1.483	-36.998	-47.224 -0.659
 -0.353	-39.531	-49.397  0.852
 -2.663	-38.543	-52.282  0.134
 -5.214	-40.793	-53.947  1.873
 -5.021	-41.728	-57.655  0.788
 -8.803	-42.283	-57.564  1.028
-11.465	-40.931	-55.207  1.298
-11.116	-43.614	-52.494 -1.258
 -8.426	-44.685	-50.020  1.014
 -8.342	-47.889	-47.957 -0.963
 -6.594	-47.823	-44.562  1.270
 -5.842	-50.846	-42.341  0.418
 -4.278	-50.681	-38.866  1.713
 -2.953	-54.067	-37.688  0.213
 -2.002	-54.998	-34.109  2.142
 -0.451	-58.071	-32.409  2.201
  2.177	-51.399	-26.794  0.759
  2.789	-47.945	-28.422  1.538
  0.853	-44.656	-28.701  0.250
 -0.331	-45.398	-32.274  1.839
 -1.206	-42.870	-34.981  1.692
 -3.470	-40.010	-35.949 -0.073
 -4.238	-38.588	-39.460  1.246
 -6.271	-35.840	-41.120 -0.231
 -8.145	-36.520	-44.309  0.756
 -9.745	-34.192	-46.839 -0.690
-10.562	-33.918	-50.521 -0.399
 -7.618	-33.024	-52.764 -1.048
 -8.389	-30.896	-55.758 -0.154
 -6.650	-31.428	-59.156 -0.161
 -8.144	-28.498	-61.105 -2.147
 -9.627	-30.763	-63.782  0.243
-13.017	-29.578	-65.060  0.071
-16.584	-30.240	-63.909 -1.009
-17.611	-31.166	-67.458 -0.808
-20.641	-33.182	-66.124 -0.912
-23.869	-32.103	-67.859 -0.239
-27.460	-32.867	-66.824 -0.211
-30.111	-33.240	-69.580  0.423
-33.785	-32.105	-69.621  0.062
-34.340	-31.620	-73.372 -0.288
-36.588	-33.914	-75.475 -1.433
-34.174	-34.052	-78.496 -0.333
-30.700	-33.563	-76.983 -0.421
-27.314	-35.102	-77.871 -0.961
-24.190	-35.978	-75.846 -1.728
-20.537	-36.666	-76.666 -1.384
-16.981	-36.793	-75.305 -0.749
-15.833	-33.135	-75.004 -1.570
-13.659	-31.926	-77.909 -0.657
-15.562	-34.100	-80.411 -0.836
-14.913	-34.692	-83.295 -0.414
-11.161	-34.233	-82.408 -1.098
 -9.322	-36.386	-79.803 -0.211
-10.559	-36.547	-76.166  0.281
 -8.385	-35.070	-73.297  0.313
 -6.378	-37.061	-70.755  0.948
 -7.506	-37.798	-67.172 -1.942
-11.225	-37.168	-67.481  0.451
-13.835	-38.299	-64.940  0.359
-17.191	-37.144	-66.275  1.314
-20.839	-37.984	-65.639  0.488
-23.588	-37.337	-68.170 -0.294
-27.055	-37.802	-66.653  0.379
-30.447	-37.900	-68.403  0.490
-33.488	-37.170	-66.207 -0.012
-37.024	-37.946	-67.437 -1.553
-40.595	-37.015	-66.501  0.912
-43.061	-39.694	-65.166 -1.072
-44.304	-41.648	-68.257  0.158
-41.441	-41.076	-70.700 -1.452
-38.782	-43.555	-71.793 -0.574
-35.233	-42.429	-72.483  0.943
-33.886	-43.678	-75.801 -0.591
-30.114	-43.557	-76.154 -0.126
-28.170	-44.588	-79.250  0.640
-24.614	-44.189	-80.450  0.486
-23.192	-43.048	-83.782 -0.733
-19.508	-43.773	-83.116  0.737
-17.506	-45.239	-80.250 -0.447
-13.718	-45.900	-80.259 -0.097
-11.434	-46.262	-77.178  0.600
 -7.440	-47.723	-69.195  0.943
-10.215	-45.689	-70.911 -1.044
-13.919	-46.571	-70.572 -0.454
-17.583	-45.562	-70.602 -0.792
-20.132	-47.088	-68.280 -0.731
-23.901	-46.736	-68.287 -1.531
-25.982	-46.760	-65.096 -0.419
-29.656	-47.529	-64.442 -1.094
-29.705	-44.479	-62.192 -0.744
-27.074	-42.387	-60.433 -0.250
-23.456	-43.584	-60.974 -1.380
-22.081	-46.012	-58.339  0.204
-25.511	-46.210	-56.708 -1.116
-27.895	-47.463	-59.386 -0.832
-27.111	-50.773	-61.057 -1.076
-24.433	-50.951	-63.750  0.202
-25.754	-51.933	-67.143  0.396
-22.486	-51.989	-69.074 -0.729
-18.856	-50.928	-69.282 -0.816
-17.814	-50.178	-72.852 -1.260
-14.254	-49.627	-74.150  0.077
-13.658	-51.045	-77.649  0.084
-14.550	-50.278	-81.278 -0.143
-17.986	-51.940	-81.028 -0.469
-20.632	-49.258	-80.336 -1.312
-23.118	-49.435	-77.436  0.224
-26.410	-51.015	-78.464 -1.004
-29.559	-48.907	-78.268  1.100
-31.063	-48.450	-74.787 -0.982
-34.678	-47.902	-73.841  0.900
-35.289	-47.144	-70.148  0.423
-38.424	-46.401	-68.097  0.455
-36.547	-45.631	-64.814 -0.419
-36.568	-41.822	-65.027  0.670
-32.751	-41.639	-64.836  0.396
-29.901	-42.902	-67.032  0.381
-26.276	-41.883	-66.622 -0.124
-22.935	-42.342	-68.288 -0.316
-19.496	-42.239	-66.686  0.396
-16.573	-41.412	-68.997  0.261
-13.031	-42.228	-67.831 -0.912
 -9.834	-41.351	-69.708 -0.078
 -6.115	-41.973	-69.079 -0.126
 -2.854	-40.055	-69.707  0.633
 -1.802	-42.176	-72.719  0.071
 -2.725	-41.745	-76.418  0.053
 -6.370	-40.792	-76.991 -0.812
 -8.517	-42.488	-79.631  0.521
-11.430	-41.068	-81.668 -0.856
-13.747	-41.142	-78.638  0.777
-17.530	-41.288	-78.746  0.412
-20.641	-39.449	-79.950  0.040
-24.251	-40.357	-79.043  0.436
-27.823	-39.039	-78.989  0.678
-31.032	-39.324	-76.930 -0.161
-34.827	-38.945	-77.172 -0.781
-37.598	-38.829	-74.576 -0.449
-40.822	-40.454	-75.831  0.204
-44.279	-40.649	-74.232  0.998
-45.778	-44.037	-73.341  0.804
-49.456	-44.565	-72.466  0.143
-50.201	-48.251	-71.929  0.493
-53.914	-49.066	-71.760  0.479
-56.236	-50.409	-69.066  0.379
-56.969	-53.397	-71.251  0.519
-53.305	-54.387	-71.337  0.270
-51.821	-57.830	-70.721 -0.202
-48.218	-58.417	-69.756  0.462
-47.440	-60.890	-72.583  0.635
-45.492	-58.717	-75.065  0.552
-42.321	-60.055	-76.756 -0.548
-39.165	-58.622	-75.170 -1.044
-36.872	-58.400	-78.195 -0.381
-35.224	-61.604	-79.478  0.388
-37.067	-61.656	-82.820 -1.649
-37.412	-57.854	-83.140 -0.056
-33.808	-57.137	-82.133 -0.364
-34.603	-54.773	-79.221 -0.722
-32.546	-57.263	-77.274 -0.558
-29.257	-56.519	-79.036 -0.915
-26.515	-59.033	-79.828 -0.818
-24.362	-57.887	-76.856  0.012
-27.120	-58.864	-74.463 -0.915
-27.053	-62.524	-75.628 -1.116
-24.297	-64.787	-74.313 -0.655
-23.689	-68.466	-73.526 -0.956
-21.776	-70.899	-71.333 -0.687
-19.978	-71.892	-74.549 -0.877
-20.491	-72.241	-78.290 -0.183
-19.679	-74.775	-81.028 -0.864
-16.129	-74.767	-82.467  0.243
-16.790	-73.842	-86.151  1.111
-18.370	-70.504	-85.115  1.463
-21.601	-71.256	-87.002 -0.250
-23.974	-71.682	-84.029  0.316
-23.469	-68.560	-81.938  1.042
-25.644	-67.042	-79.170  0.150
-26.599	-64.288	-81.592 -1.271
-28.355	-66.854	-83.786 -0.460
-30.762	-67.919	-81.018  1.135
-33.470	-65.476	-82.163  0.451
-36.937	-66.945	-82.728 -0.172
-37.437	-67.724	-86.454 -0.379
-33.814	-66.839	-87.411 -0.993
-32.905	-68.172	-90.878 -0.797
-29.299	-69.207	-89.989  0.007
-28.873	-72.264	-87.730  0.549
-29.279	-71.503	-83.964 -0.510
-27.154	-71.587	-80.808 -0.410
-25.304	-74.809	-80.027  1.343
-22.748	-75.115	-77.207  0.519
-19.225	-76.491	-77.491 -0.685
-20.308	-79.780	-75.876 -1.059
-23.797	-81.213	-75.234  0.674
-24.508	-81.655	-71.504 -0.065
-27.122	-80.389	-69.016  0.007
-24.761	-77.813	-67.469  0.828
-24.631	-75.626	-70.586  0.795
-26.780	-72.505	-70.832  1.051
-27.763	-69.676	-73.103  0.405
-28.157	-66.405	-71.249  2.125
-29.968	-63.125	-71.938  1.539
-29.239	-59.867	-70.105  1.568
-32.419	-57.802	-70.292  0.896
-30.490	-54.919	-68.651 -0.281
-33.446	-53.709	-66.544 -0.148
-35.725	-55.357	-64.040  0.945
-38.396	-56.922	-66.222 -0.150
-41.469	-59.068	-65.620 -0.305
-41.079	-62.444	-67.373  1.319
-44.329	-64.266	-68.131  0.955
-43.483	-66.719	-70.947  0.056
-40.693	-68.451	-72.877  0.927
-41.009	-69.704	-76.490  0.440
-38.438	-72.041	-78.017  1.202
-37.450	-73.701	-81.271  1.423
-34.930	-76.156	-82.578  0.582
-32.825	-75.484	-85.670  2.169
-32.079	-76.989	-89.077 -0.180
-28.421	-76.870	-90.179  1.121
-27.933	-74.765	-93.309 -0.646
-24.910	-76.860	-94.272  1.231
-26.429	-80.336	-93.814 -0.226
-30.250	-80.049	-93.398 -0.515
-30.165	-82.060	-90.105  0.025
-32.736	-81.250	-87.378 -0.989
-31.666	-80.524	-83.765  0.951
-33.850	-79.598	-80.770  0.298
-33.974	-79.285	-76.959  0.872
-36.642	-81.532	-75.482 -0.338
-36.687	-79.993	-71.998  0.624
-35.107	-77.180	-70.008  0.764
-34.771	-75.405	-66.709 -0.231
-34.880	-71.699	-65.967  1.370
-32.394	-69.754	-63.829 -0.250
-33.082	-66.069	-63.154  1.116
-31.022	-63.331	-61.454  1.276
-31.195	-59.611	-60.688  0.728
-27.377	-59.131	-60.905  0.754
-25.826	-61.987	-62.914  0.276
-24.128	-63.369	-59.805  0.573
-26.923	-64.667	-57.497 -0.058
-29.119	-67.230	-59.330  0.775
-32.462	-68.967	-58.735  1.146
-33.783	-72.053	-60.531 -2.206
-37.555	-71.668	-61.129 -2.311
-39.579	-74.110	-59.025 -1.207
-42.858	-76.056	-59.189 -1.000
-43.610	-76.641	-55.516 -0.836
-40.681	-78.452	-53.875  1.323
-38.330	-79.275	-56.760 -0.172
-37.007	-77.661	-59.945  0.226
-39.521	-77.113	-62.762  0.361
-38.571	-78.910	-65.939  0.679
-40.289	-77.402	-68.951  0.532
-41.298	-79.615	-71.864  0.977
-39.853	-78.044	-75.024  1.636
-39.797	-79.130	-78.689  0.464
-40.576	-82.358	-80.627 -0.939
-39.149	-81.348	-84.069 -0.073
-36.781	-78.649	-85.347  0.401
-39.291	-76.008	-86.522  0.420
-42.430	-75.841	-84.263 -0.637
-42.559	-73.175	-81.605 -0.406
-43.554	-74.296	-78.152  0.718
-44.594	-71.626	-75.746 -0.438
-44.417	-72.158	-71.980  1.094
-46.300	-69.686	-69.795 -1.974
-44.831	-69.392	-66.321  0.628
-47.562	-70.222	-63.826 -0.237
-45.791	-67.704	-61.571 -1.437
-44.700	-64.462	-63.285  0.088
-41.103	-63.564	-62.416 -1.566
-39.378	-60.202	-61.779 -0.652
-35.812	-60.486	-63.050  1.336
-32.981	-59.073	-65.153  0.851
-30.859	-61.983	-66.408 -0.148
-32.430	-65.187	-67.758  1.824
-30.734	-68.551	-68.377  0.698
-32.170	-71.464	-70.391 -0.840
-30.539	-74.790	-69.414 -2.267
-31.322	-77.722	-71.704  1.828
-31.881	-81.039	-69.930 -1.004
-32.771	-83.412	-72.756  0.565
-32.424	-83.065	-76.538 -0.296
-32.594	-84.874	-79.865  1.656
-29.348	-85.316	-81.830  0.650
-27.966	-82.155	-80.179  0.191
-28.651	-78.911	-78.330  1.646
-29.799	-76.153	-80.630 -0.006
-31.999	-73.230	-79.503  0.846
-33.805	-70.287	-80.857  0.665
-35.742	-68.335	-78.323  0.768
-38.253	-65.667	-77.525  0.755
-39.063	-64.181	-74.154  1.063
-42.344	-62.537	-73.308  1.507
-43.215	-60.125	-70.569 -0.108
-43.438	-56.457	-69.741  2.086
-41.964	-53.730	-67.576 -0.257
-43.097	-52.912	-64.036 -1.343
-43.977	-49.405	-65.216 -0.731
-46.538	-50.740	-67.741 -1.725
-49.292	-50.652	-65.099 -0.366
-51.036	-47.354	-64.258  1.158
-49.338	-45.277	-61.528 -0.150
-46.586	-47.802	-60.893  0.920
-43.309	-45.900	-61.129 -0.615
-40.263	-46.973	-59.178  0.136
-39.961	-44.155	-56.659 -0.073
-36.164	-44.203	-56.360  2.105
-34.626	-46.792	-54.011  1.639
-33.184	-48.731	-56.972  0.051
-31.952	-45.712	-58.931  0.841
-30.573	-43.406	-56.244 -0.482
-33.312	-40.775	-56.636  0.171
-34.184	-41.352	-52.964  0.327
-30.919	-40.327	-51.242  1.022
-29.232	-42.283	-48.408  0.715
-30.391	-39.551	-46.017 -0.534
-34.058	-40.409	-46.766 -0.266
-33.860	-44.089	-45.737  0.309
-34.299	-44.824	-42.013  0.726
-34.287	-48.121	-40.111  1.276
-35.559	-49.016	-36.629  1.091
-32.154	-50.485	-35.724  0.932
-29.099	-51.619	-37.704 -2.254
-26.341	-54.021	-36.576 -2.309
-23.623	-51.552	-37.617  0.268
-24.037	-47.777	-41.367 -0.993
-24.645	-47.447	-45.137  0.984
-28.331	-46.803	-46.024  1.658
-27.492	-47.671	-49.674 -0.263
-27.435	-51.317	-48.515 -0.696
-31.260	-51.277	-48.259  1.387
-31.726	-50.601	-52.017  0.547
-33.572	-52.975	-54.322  0.143
-31.004	-54.772	-56.521 -0.499
-28.397	-51.996	-56.362  0.025
-27.311	-52.991	-52.850 -0.141
-24.647	-55.703	-52.493 -0.253
-25.838	-56.745	-49.011  0.045
-29.213	-55.854	-47.495  0.401
-30.666	-54.301	-44.371  1.523
-30.214	-56.403	-41.252 -0.080
-31.668	-55.298	-37.916  1.344
-29.605	-55.031	-34.704 -0.569
-30.739	-58.381	-33.295 -1.103
-30.955	-60.655	-36.404 -1.389
-33.681	-62.872	-34.881 -1.096
-35.986	-60.130	-33.528 -0.047
-39.619	-60.037	-32.358  0.449
-42.414	-59.742	-34.974 -0.281
-44.098	-56.374	-35.601 -0.069
-41.331	-54.630	-33.643 -0.419
-38.603	-54.072	-36.285  0.222
-39.189	-51.807	-39.307  0.691
-37.626	-50.118	-42.360  1.406
-38.639	-46.670	-43.573  1.600
-38.390	-44.587	-46.716  0.671
-38.826	-40.816	-46.885  0.797
-40.216	-40.197	-50.359  0.868
-39.531	-36.500	-49.713 -0.746
-43.010	-35.468	-50.853 -0.543
-46.654	-36.572	-50.602 -0.930
-47.155	-39.303	-53.245 -0.788
-49.794	-41.850	-54.251 -0.473
-48.328	-45.220	-53.221  0.178
-49.663	-48.313	-55.011  0.728
-47.201	-51.002	-53.907 -0.266
-43.737	-52.117	-52.923  0.348
-41.135	-54.551	-54.251  0.635
-39.444	-56.655	-51.579 -0.152
-36.154	-58.526	-51.976 -0.808
-33.942	-60.525	-49.582 -0.829
-30.247	-59.949	-48.861 -0.021
-26.823	-61.531	-49.412 -0.856
-25.322	-64.354	-45.021 -2.027
-28.433	-65.335	-47.033 -0.336
-31.815	-64.504	-45.463  0.664
-35.177	-62.978	-46.363  0.346
-38.548	-61.790	-45.062  1.017
-41.428	-64.293	-45.493 -0.100
-44.316	-62.094	-44.315  0.209
-44.768	-58.392	-43.526  0.086
-47.147	-55.550	-42.688 -0.189
-47.001	-52.032	-44.120 -0.465
-47.684	-48.600	-42.582 -1.408
-47.690	-45.092	-44.060 -0.532
-47.664	-41.423	-43.030  1.074
-47.724	-37.849	-44.290 -0.945
-46.111	-36.529	-41.079  0.250
-43.632	-38.919	-39.429 -0.491
-45.378	-39.632	-36.108 -2.213
-48.916	-40.537	-37.327 -1.828
-49.261	-44.092	-38.707 -0.646
-52.009	-46.172	-40.329 -0.733
-51.508	-49.826	-41.275 -1.199
-52.965	-51.181	-44.519 -0.471
-56.095	-53.068	-43.483 -2.263
-57.493	-56.335	-44.790 -0.910
-61.245	-55.674	-45.224 -1.275
-61.779	-59.368	-44.285 -0.805
-59.948	-59.655	-40.942 -2.226
-60.095	-55.903	-40.099 -2.307
-56.593	-56.366	-38.674 -2.219
-53.509	-55.022	-40.512 -2.009
-53.062	-57.020	-43.762  0.333
-50.295	-59.649	-43.792 -0.263
-48.417	-59.521	-47.116  0.171
-46.327	-62.362	-48.586 -0.484
-42.550	-61.784	-48.578  1.112
-40.005	-63.767	-50.636  1.121
-39.111	-67.406	-51.258 -1.931
-35.486	-66.543	-52.110 -0.178
-32.778	-64.079	-51.190 -0.296
-32.392	-62.425	-54.632 -2.123
-35.511	-62.913	-56.729 -0.397
-37.714	-59.994	-55.753 -1.127
-41.509	-60.007	-55.422 -0.897
-44.012	-57.198	-56.093 -0.768
-47.010	-56.551	-53.814  0.176
-49.737	-54.144	-54.885 -0.465
-52.322	-52.478	-52.674 -0.709
-55.144	-49.958	-52.988 -0.971
-53.889	-46.413	-53.603 -0.556
-52.995	-44.358	-50.502 -0.862
-51.410	-40.980	-49.724 -2.311
-47.988	-41.045	-48.025  0.650
-44.565	-39.363	-47.919  0.586
-43.131	-41.895	-45.460 -0.097
-43.654	-45.671	-45.817 -0.602
-42.722	-48.478	-43.417  1.215
-42.426	-52.270	-43.694 -0.152
-42.740	-54.529	-40.632 -1.666
-41.388	-58.129	-40.974  0.804
-43.689	-60.735	-39.346 -1.784
-42.146	-64.087	-40.344 -0.204
-38.739	-64.620	-41.977  1.208
-35.955	-67.058	-42.851  0.287
-33.670	-68.981	-40.438 -2.009
-30.601	-66.726	-40.890 -1.052
-32.530	-63.596	-39.869  0.289
-34.237	-60.551	-41.315  1.085
-32.553	-59.693	-44.606  0.868
-34.185	-57.039	-46.756  0.778
-33.688	-54.806	-49.769  1.453
-36.669	-52.672	-50.842 -0.086
-38.315	-50.303	-53.365  1.707
-41.636	-48.411	-53.325  0.180
-44.141	-48.026	-56.197  0.403
-46.516	-45.143	-56.921  1.382
-46.763	-41.707	-58.558  1.618
-47.411	-37.997	-57.917 -0.261
-50.891	-36.650	-57.041 -1.863
BRIEF 2QQK H 219              
 24.357	-24.605	-27.076       
 20.741	-24.550	-28.144       
 19.599	-20.921	-28.505       
 16.267	-19.382	-29.485       
 16.113	-15.640	-30.034       
 12.810	-13.901	-30.660       
 12.569	-10.610	-32.527       
  9.895	 -8.475	-34.154       
  8.216	 -7.275	-30.980       
  7.154	 -3.682	-30.586       
  4.337	 -1.182	-30.705       
  1.468	 -1.834	-33.134       
 -1.870	 -0.076	-33.686       
 -5.055	 -2.072	-32.900       
 -6.205	 -3.812	-36.079       
 -2.653	 -3.794	-37.418       
 -0.257	 -6.613	-38.126       
  3.133	 -7.627	-36.800       
  5.566	-10.417	-37.545       
  7.674	-12.166	-34.895       
 10.730	-14.255	-35.647       
 12.528	-16.978	-33.762       
 16.106	-17.491	-34.927       
 17.311	-20.985	-34.004       
 21.033	-21.434	-33.248       
 22.904	-24.625	-32.388       
 20.414	-27.029	-33.939       
 18.452	-27.519	-37.142       
 14.825	-26.532	-36.450       
 13.442	-29.026	-38.937       
 12.983	-32.268	-37.008       
 11.819	-30.356	-33.964       
  8.524	-28.812	-33.025       
  8.515	-25.071	-32.583       
  5.793	-23.566	-30.324       
  4.762	-20.015	-29.588       
  3.721	-19.296	-26.012       
  2.652	-15.901	-24.738       
  2.198	-14.265	-21.350       
  0.115	-11.115	-20.864       
  1.821	 -8.819	-18.304       
  1.384	-10.169	-14.788       
 -0.728	-13.135	-15.976       
  0.042	-16.744	-16.984       
  1.275	-18.766	-19.928       
 -0.992	-19.342	-22.927       
 -0.010	-21.652	-25.749       
 -0.599	-20.032	-29.138       
  0.557	-22.199	-32.072       
  3.062	-24.762	-33.266       
  4.778	-26.061	-36.392       
  6.753	-29.144	-37.289       
  8.872	-27.803	-40.179       
  9.705	-31.212	-41.744       
  6.034	-32.103	-42.224       
  4.542	-28.598	-42.318       
  2.025	-29.609	-39.665       
  0.652	-26.654	-37.725       
 -2.143	-25.874	-35.263       
 -3.498	-22.966	-33.270       
 -5.229	-22.016	-30.080       
 -8.868	-20.975	-30.647       
 -8.245	-17.476	-29.359       
 -5.843	-16.825	-32.301       
 -6.959	-19.287	-34.984       
 -8.017	-17.159	-37.926       
 -5.747	-14.239	-37.081       
 -2.275	-15.768	-36.725       
 -0.296	-17.890	-39.163       
  2.762	-19.863	-38.100       
  5.527	-20.691	-40.615       
  9.121	-21.923	-40.884       
 12.038	-21.316	-43.252       
 14.534	-24.115	-42.637       
 17.209	-22.681	-44.955       
 17.362	-19.709	-42.564       
 16.641	-22.095	-39.648       
 14.093	-19.509	-38.362       
 10.344	-19.704	-37.545       
  7.732	-16.974	-37.835       
  4.477	-15.783	-36.276       
  2.515	-13.492	-38.548       
 -0.149	-11.812	-36.413       
 -3.200	 -9.965	-37.788       
 -6.304	 -8.044	-36.642       
 -4.565	 -7.476	-33.311       
 -6.305	 -6.191	-30.178       
 -5.421	 -5.207	-26.590       
 -5.649	 -8.789	-25.268       
 -2.831	 -9.718	-27.690       
 -0.517	 -7.467	-25.668       
  2.016	 -9.878	-24.146       
  5.518	-11.320	-24.114       
  5.802	-13.998	-26.878       
  8.214	-16.951	-26.407       
  9.306	-19.641	-28.859       
 10.040	-23.033	-27.390       
 11.476	-26.207	-28.812       
  9.848	-29.624	-28.497       
 11.922	-32.711	-29.130       
  9.498	-35.582	-29.898       
 11.383	-37.943	-32.243       
 11.663	-41.403	-30.557       
 10.600	-40.043	-27.178       
  6.865	-40.428	-26.563       
  7.293	-39.226	-22.964       
  8.598	-35.908	-24.309       
  5.759	-35.302	-26.775       
  4.472	-31.734	-26.491       
  7.020	-31.026	-23.751       
  8.865	-27.765	-24.388       
 12.511	-28.303	-23.408       
 14.131	-24.927	-24.255       
 12.618	-21.458	-24.457       
 13.885	-18.122	-25.792       
 13.869	-15.017	-23.590       
 10.764	-13.582	-25.320       
  9.763	-10.352	-27.084       
  7.132	 -7.837	-25.893       
  4.280	 -6.965	-28.272       
  2.236	 -3.886	-27.243       
 -1.095	 -3.194	-28.900       
 -1.539	  0.549	-28.395       
 -2.575	  3.788	-30.139       
  0.116	  5.751	-28.299       
  3.436	  6.738	-29.834       
  7.036	  5.586	-29.525       
  9.137	  7.734	-27.189       
 12.792	  7.074	-26.298       
 14.010	  7.461	-22.709       
 16.180	 10.110	-21.059       
 18.922	  8.658	-18.827       
 20.184	 10.557	-15.762       
 22.711	  9.495	-13.099       
 21.917	  8.986	 -9.419       
 25.137	 10.216	 -7.814       
 26.287	  9.011	 -4.310       
 31.497	  1.610	  4.391       
 28.760	  1.178	  1.766       
 27.586	  3.391	 -1.120       
 24.556	  3.457	 -3.399       
 24.653	  4.638	 -7.012       
 22.201	  4.200	 -9.897       
 20.615	  5.374	-13.165       
 17.257	  7.074	-13.664       
 15.716	  6.061	-17.000       
 12.826	  8.506	-17.462       
  9.919	  9.031	-19.928       
  9.645	  6.181	-22.474       
  7.146	  4.138	-24.457       
  6.554	  1.293	-25.000       
  8.241	 -1.075	-22.582       
 10.822	 -2.550	-22.166       
 14.179	 -1.039	-21.384       
 17.163	 -3.156	-20.308       
 19.893	 -2.012	-17.962       
 23.257	 -3.657	-17.292       
 26.282	 -2.251	-15.457       
 29.866	 -2.218	-16.705       
 28.552	 -4.097	-19.786       
 27.496	 -7.171	-17.756       
 30.603	 -7.390	-15.534       
 28.924	 -5.738	-12.520       
 25.925	 -7.812	-11.382       
 26.348	 -8.400	 -7.628       
 24.225	 -5.923	 -5.662       
 22.226	 -4.733	 -8.662       
 18.527	 -3.900	 -8.329       
 16.659	 -2.824	-11.445       
 13.071	 -1.848	-10.655       
  9.887	 -2.623	-12.518       
  8.859	  0.373	-14.622       
  5.952	  2.451	-13.352       
  3.455	  4.104	-15.678       
  3.406	  7.862	-15.144       
  0.443	 10.252	-15.293       
  1.995	 11.616	-18.520       
  1.499	  8.212	-20.224       
  5.212	  7.287	-20.316       
  7.303	  4.790	-18.305       
 10.192	  5.232	-15.923       
 12.426	  2.915	-13.942       
 15.590	  3.145	-11.938       
 18.542	  0.840	-11.704       
 20.874	  0.909	 -8.701       
 23.743	 -1.113	 -7.261       
 25.400	 -0.987	 -3.819       
 29.227	 -1.176	 -3.702       
 31.951	 -0.672	 -1.037       
 32.441	  3.086	 -0.416       
 36.235	  2.655	 -0.116       
 36.617	  2.145	 -3.887       
 34.952	  5.404	 -5.044       
 37.250	  7.652	 -7.096       
 39.195	  4.594	 -8.285       
 36.558	  2.325	 -9.845       
 34.465	  3.629	-12.757       
 30.730	  2.824	-12.879       
 28.865	  3.162	-16.186       
 25.318	  1.847	-16.644       
 24.134	  0.381	-19.917       
 20.630	  1.498	-20.941       
 18.930	  0.125	-24.034       
 15.429	  0.753	-25.457       
 15.112	 -1.274	-28.700       
 11.670	  0.106	-29.730       
 13.221	  3.560	-30.324       
 16.840	  2.624	-31.255       
 18.372	  4.249	-28.144       
 21.575	  2.760	-26.733       
 22.937	  5.038	-24.011       
 25.922	  4.648	-21.657       
 26.020	  7.092	-18.720       
 29.058	  7.599	-16.476       
 28.079	  7.760	-12.784       
 30.325	 10.020	-10.682       
 30.012	 11.894	 -7.332       
 34.040	 25.352	 -3.230       
 37.833	 25.686	 -3.571       
BRIEF 2QQK L 211              
-10.088	-28.635	-24.934       
 -8.414	-29.745	-21.709       
 -8.383	-27.250	-18.813       
 -5.630	-27.425	-16.101       
 -6.286	-26.102	-12.612       
 -3.586	-25.495	-10.071       
 -3.799	-25.097	 -6.319       
 -2.978	-23.220	 -4.307       
 -2.513	-20.223	 -6.601       
  0.035	-18.715	 -4.199       
  1.743	-19.753	 -1.042       
  4.602	-18.650	  1.194       
  6.966	-20.856	  3.138       
 10.265	-20.955	  4.964       
 13.544	-22.111	  3.578       
 13.681	-25.730	  4.631       
  9.980	-26.545	  4.293       
  8.504	-29.323	  2.151       
  6.109	-27.727	 -0.295       
  3.513	-29.463	 -2.387       
  1.481	-27.979	 -5.233       
 -1.444	-29.448	 -7.005       
 -2.818	-29.785	-10.537       
 -6.156	-31.077	-11.827       
 -6.779	-31.906	-15.479       
-10.411	-31.624	-16.550       
-10.198	-35.054	-18.163       
 -8.089	-38.178	-18.063       
 -4.653	-37.142	-19.279       
 -2.728	-40.288	-18.180       
  0.816	-39.340	-16.995       
  1.399	-36.718	-19.718       
  1.892	-33.734	-17.477       
  4.935	-31.437	-17.353       
  6.020	-28.777	-14.793       
  7.912	-25.579	-15.551       
  9.580	-23.006	-13.355       
  9.426	-19.305	-14.143       
 11.687	-16.895	-12.251       
 10.912	-13.172	-12.388       
 11.571	-11.603	-15.784       
 12.998	-14.833	-17.182       
 11.710	-17.526	-19.455       
 10.309	-20.661	-17.907       
 12.438	-23.801	-17.520       
 11.270	-27.431	-17.709       
 11.479	-29.309	-14.366       
  9.422	-32.440	-14.769       
  7.967	-34.361	-17.704       
  5.627	-37.310	-17.910       
  4.340	-36.541	-14.403       
  7.395	-37.825	-12.472       
 10.642	-37.638	-14.526       
 13.269	-35.081	-13.624       
 14.790	-33.112	-16.515       
 18.579	-32.788	-16.738       
 20.188	-30.376	-14.328       
 17.160	-30.105	-12.070       
 18.078	-30.715	 -8.414       
 16.778	-33.833	 -6.667       
 14.656	-31.845	 -4.268       
 12.001	-31.618	 -7.007       
  9.648	-34.451	 -7.703       
  6.253	-35.079	 -9.168       
  3.517	-37.620	 -9.083       
  0.067	-38.554	-10.225       
 -1.958	-39.985	-13.043       
 -5.342	-39.636	-14.624       
 -6.452	-36.237	-13.438       
 -4.529	-35.414	-10.183       
 -0.895	-34.355	-10.299       
  1.408	-32.991	 -7.576       
  4.826	-31.285	 -7.650       
  6.851	-31.436	 -4.423       
  9.871	-29.486	 -3.276       
 11.296	-31.442	 -0.320       
 13.353	-28.565	  1.107       
 12.622	-25.144	 -0.320       
 15.615	-22.940	 -1.146       
 15.688	-19.163	 -1.739       
 16.548	-19.864	 -5.369       
 13.111	-21.601	 -5.668       
 11.132	-18.378	 -5.479       
  9.281	-18.498	 -8.820       
  5.899	-19.149	-10.419       
  5.303	-22.859	-11.192       
  3.124	-24.076	-14.089       
  1.703	-27.465	-15.010       
  1.021	-28.276	-18.664       
 -0.929	-31.185	-20.119       
  0.933	-32.820	-23.036       
 -1.890	-35.188	-23.992       
 -4.338	-33.391	-26.318       
 -3.514	-32.026	-29.787       
 -3.424	-28.525	-28.252       
 -1.219	-27.941	-25.175       
 -2.733	-25.991	-22.268       
 -0.988	-24.650	-19.147       
 -2.325	-24.297	-15.652       
 -2.884	-20.803	-14.286       
  0.379	-20.862	-12.251       
  1.287	-21.063	 -8.540       
  3.421	-18.273	 -7.039       
  5.838	-19.466	 -4.313       
  7.056	-16.616	 -2.039       
  9.526	-17.150	  0.841       
  9.090	-16.420	  4.570       
 12.085	-15.245	  6.606       
 13.030	-13.152	  9.639       
 12.549	 -9.414	  9.842       
 15.370	 -7.503	  8.133       
 15.784	 -3.757	  8.371       
 16.129	 -1.522	  5.315       
 19.163	  0.543	  4.371       
 17.973	  3.974	  3.201       
 19.617	  6.267	  0.639       
 18.472	  9.588	 -0.833       
 19.338	 10.899	 -4.308       
 19.324	 14.532	 -5.475       
 18.520	 15.394	 -9.106       
 21.660	 15.560	-11.266       
 22.274	 18.907	-13.056       
 21.811	 17.113	-16.417       
 18.084	 16.707	-15.605       
 17.627	 20.138	-14.028       
 18.258	 21.512	-17.550       
 15.193	 19.702	-18.967       
 12.815	 21.607	-16.622       
 11.418	 18.899	-14.324       
 13.240	 17.477	-11.245       
 13.300	 13.922	 -9.748       
 14.298	 13.114	 -6.159       
 14.614	  9.366	 -5.501       
 14.511	  7.507	 -2.161       
 16.074	  4.024	 -1.930       
 15.143	  1.395	  0.678       
 17.543	 -1.520	  0.294       
 17.207	 -5.172	  1.236       
 14.404	 -5.321	  3.804       
 11.663	 -7.704	  4.850       
  8.726	 -8.007	  5.003       
  7.370	 -5.926	  2.076       
  5.190	 -3.550	  4.117       
  6.840	 -0.138	  4.447       
  5.750	  3.497	  4.484       
  7.784	  6.158	  2.660       
  6.514	  9.673	  3.372       
  8.113	 12.600	  1.565       
  8.456	 15.995	  3.251       
  9.062	 19.309	  1.466       
  9.943	 22.017	  4.046       
  8.601	 19.761	  6.820       
  5.281	 19.380	  4.932       
  3.742	 15.948	  4.234       
  3.408	 15.413	  0.457       
  0.757	 13.902	 -1.810       
  0.532	 11.052	 -4.344       
  2.827	 13.013	 -6.676       
  5.348	 10.357	 -5.545       
  5.644	  6.892	 -7.103       
  6.805	  3.594	 -5.578       
  8.370	  0.568	 -7.228       
  9.293	 -2.708	 -5.499       
 11.464	 -5.630	 -6.582       
 10.526	 -9.280	 -6.360       
 12.169	-11.316	 -3.573       
 15.955	-11.588	 -4.024       
 16.914	-15.157	 -4.954       
 19.702	-15.254	 -2.352       
 18.495	-13.487	  0.788       
 14.741	-13.353	  0.012       
 14.568	 -9.641	  0.754       
 12.800	 -6.807	 -1.042       
 13.986	 -3.437	 -2.288       
 11.889	 -0.343	 -2.970       
 12.323	  2.985	 -4.780       
 10.171	  6.044	 -4.260       
 10.387	  8.916	 -6.725       
  8.949	 12.423	 -6.312       
  8.786	 14.599	 -9.438       
  8.450	 18.403	 -9.363       
  8.841	 21.345	-11.786       
 11.670	 23.843	-12.239       
  9.681	 26.428	-10.276       
  8.828	 24.051	 -7.404       
 12.275	 22.455	 -6.788       
 14.225	 25.681	 -7.249       
 11.985	 27.568	 -4.789       
 12.487	 25.212	 -1.771       
 15.428	 23.762	  0.189       
 14.381	 21.107	  2.780       
 13.698	 17.701	  1.122       
 13.195	 14.711	  3.434       
 12.443	 11.015	  2.977       
 11.082	  9.377	  6.180       
 10.980	  5.536	  6.148       
  8.940	  3.377	  8.541       
  9.313	 -0.368	  8.737       
  8.847	 -3.144	 11.231       
 12.591	 -3.924	 11.505       
 13.329	 -0.300	 12.432       
 12.847	  0.553	 16.131       
 12.141	  4.162	 15.165       
 11.483	  5.970	 11.862       
 14.684	  6.710	  9.934       
 14.947	  9.975	  7.956       
 17.274	 10.759	  5.045       
 17.330	 14.323	  3.688       
 19.332	 16.997	  1.862       
 19.551	 20.651	  0.734       
 20.611	 22.345	 -2.538       
