BRIEF 2QQN A 154              
-48.789	 81.581	-17.682 -0.538
-47.068	 78.215	-18.515  1.234
-50.347	 76.329	-18.305 -0.489
-50.224	 74.316	-21.550 -2.448
-51.698	 70.759	-21.495  0.592
-48.681	 68.376	-21.530  0.785
-50.288	 65.444	-23.323  1.355
-52.746	 63.201	-21.435  0.714
-55.768	 64.123	-23.550  0.537
-53.815	 64.625	-26.836  0.413
-51.722	 61.420	-26.616 -0.013
-48.371	 63.200	-26.697 -0.844
-47.896	 61.391	-23.379  1.188
-47.804	 57.767	-24.475 -0.561
-49.571	 54.942	-22.620  0.838
-46.234	 53.507	-21.472 -0.202
-45.635	 56.754	-19.556  0.626
-48.796	 56.377	-17.395  0.785
-48.519	 53.909	-14.480  0.623
-50.446	 53.285	-11.251  1.114
-50.111	 51.671	 -7.813  1.318
-52.816	 49.301	 -8.930  1.237
-55.748	 48.907	-11.357 -2.524
-59.179	 47.347	-10.611 -2.524
-59.706	 45.744	-14.067 -0.609
-59.194	 46.397	-17.816 -2.516
-62.448	 48.383	-17.722 -0.634
-60.801	 50.746	-15.215  0.015
-57.162	 50.700	-16.315 -0.966
-54.553	 53.406	-16.030  0.551
-54.870	 54.125	-19.754 -1.103
-58.486	 55.271	-19.223 -0.405
-57.013	 58.074	-17.044  0.661
-56.704	 60.475	-19.983  1.322
-58.719	 63.696	-19.417  1.086
-62.093	 63.338	-21.131  0.562
-61.550	 59.599	-21.836 -0.437
-65.034	 58.542	-23.067 -1.058
-65.592	 55.307	-21.086 -0.916
-64.909	 54.855	-17.390  0.790
-61.565	 56.040	-15.984  0.756
-58.778	 54.765	-13.738  1.354
-59.788	 52.997	-10.551  0.441
-57.254	 51.255	 -8.299  0.712
-57.566	 47.841	 -6.767 -2.449
-58.819	 49.200	 -3.473 -2.523
-60.243	 52.514	 -2.241 -0.132
-57.554	 53.846	  0.097 -0.090
-55.172	 56.779	  0.556 -1.042
-52.251	 54.453	 -0.364 -0.964
-53.049	 54.459	 -4.101  0.763
-51.670	 56.683	 -6.825  0.623
-51.503	 57.186	-10.567  0.834
-48.570	 58.873	-12.274  1.140
-47.167	 60.229	-15.437  0.872
-43.602	 60.257	-16.697  1.200
-43.362	 63.436	-18.736  0.541
-40.194	 62.035	-20.440 -0.535
-37.819	 64.862	-19.515 -1.063
-37.774	 67.912	-17.167 -1.049
-40.771	 70.222	-17.707 -0.056
-42.055	 73.252	-15.845 -1.034
-45.229	 71.945	-14.135  0.632
-47.768	 74.451	-12.725  0.686
-51.118	 72.617	-12.306  0.207
-53.050	 69.410	-12.737  0.821
-56.682	 69.062	-13.884  0.506
-58.959	 66.196	-12.788  1.294
-62.273	 64.495	-13.454  1.377
-64.104	 61.542	-11.867  1.357
-65.909	 58.930	-13.983  0.711
-69.402	 57.536	-14.491 -0.492
-69.479	 53.748	-14.863 -2.381
-70.723	 52.498	-18.241 -1.046
-71.831	 49.231	-16.582 -0.459
-73.679	 50.546	-13.484 -2.524
-74.039	 54.358	-13.998 -1.065
-72.563	 54.870	-10.525 -0.289
-70.707	 58.136	-10.088 -1.140
-67.140	 58.206	 -8.718 -0.015
-64.751	 61.086	 -8.061 -0.013
-61.772	 62.108	 -5.931  1.166
-62.470	 65.168	 -3.778  0.439
-58.944	 65.798	 -2.412  0.250
-55.467	 64.536	 -3.221  0.568
-51.751	 65.070	 -2.614 -0.634
-49.095	 65.399	 -5.394  0.334
-45.595	 63.917	 -5.330 -0.604
-42.960	 64.985	 -7.847  0.293
-39.648	 63.384	 -8.921  1.233
-36.803	 63.900	-11.379 -0.661
-36.156	 60.163	-11.682  0.689
-39.286	 58.223	-10.689  0.507
-37.570	 56.755	 -7.613 -1.081
-36.915	 59.803	 -5.371 -0.535
-40.107	 61.679	 -4.477  0.643
-41.266	 64.737	 -2.580 -0.911
-44.768	 65.844	 -1.676 -0.901
-45.826	 69.325	 -2.742  0.097
-45.979	 71.420	  0.411 -0.653
-47.050	 74.933	  1.364 -0.524
-44.607	 75.942	  4.031 -0.056
-44.353	 72.831	  6.229 -1.028
-47.766	 71.368	  5.346 -2.062
-48.429	 68.871	  2.593 -2.050
-51.001	 70.325	  0.208  0.065
-54.344	 68.587	  0.059 -0.136
-55.432	 69.824	 -3.352  1.116
-59.184	 70.417	 -3.852 -1.075
-60.503	 68.211	 -6.617  0.940
-63.882	 67.256	 -7.974  1.338
-67.440	 67.698	 -6.727 -0.784
-68.987	 65.596	 -9.513  1.042
-67.841	 63.020	-12.110 -0.322
-67.941	 65.083	-15.349 -0.342
-66.365	 68.542	-14.859  0.523
-62.653	 69.332	-14.997  0.336
-61.189	 71.039	-11.918  0.759
-57.756	 72.606	-12.289 -0.515
-55.617	 72.544	 -9.131  0.694
-52.781	 75.056	 -9.280 -1.161
-49.482	 74.423	 -7.409  0.246
-48.223	 76.950	 -4.868 -1.052
-45.162	 77.427	 -7.115 -0.390
-44.058	 76.296	-10.631  0.409
-41.781	 73.233	-10.351  0.331
-39.100	 71.745	-12.596 -1.054
-39.828	 68.029	-12.654  0.934
-40.299	 64.884	-14.806  1.164
-42.754	 62.595	-12.897 -0.093
-46.056	 63.772	-11.374  0.620
-47.865	 61.397	 -9.035  1.313
-51.464	 61.999	 -7.880  0.414
-52.383	 60.477	 -4.510 -0.245
-56.126	 60.356	 -3.694  0.948
-56.936	 61.327	 -0.106 -0.965
-60.786	 61.524	 -0.010  0.051
-63.393	 60.547	 -2.578  0.401
-67.088	 60.082	 -3.241 -0.627
-68.298	 56.414	 -3.640 -2.292
-64.895	 55.245	 -4.855 -0.255
-61.646	 56.392	 -6.357  0.830
-61.917	 57.086	-10.014  0.678
-59.832	 59.622	-11.977  0.665
-59.067	 61.120	-15.333  1.322
-56.455	 63.885	-15.514 -0.029
-54.283	 66.363	-17.348  1.348
-50.954	 67.934	-16.388  0.085
-50.204	 71.572	-17.211  0.202
-46.927	 73.422	-17.667  1.308
-44.383	 74.208	-20.365  1.317
-41.157	 73.229	-22.017 -0.488
-37.867	 74.371	-20.486 -0.547
-36.390	 76.363	-23.322  0.432
BRIEF 2QQN H 226              
-61.834	 20.243	-21.496       
-59.146	 22.776	-20.714       
-56.188	 20.936	-19.100       
-52.418	 21.149	-18.777       
-50.196	 18.079	-19.315       
-46.728	 18.053	-17.667       
-43.728	 15.835	-18.258       
-39.997	 15.562	-17.683       
-39.565	 15.090	-13.954       
-37.168	 12.507	-12.590       
-34.034	 12.021	-10.524       
-30.825	 13.974	-11.194       
-27.559	 14.663	 -9.391       
-26.599	 18.018	 -7.903       
-25.145	 20.192	-10.684       
-27.362	 18.286	-13.165       
-29.994	 19.565	-15.581       
-33.448	 18.582	-16.665       
-36.267	 19.988	-18.862       
-39.923	 20.081	-17.887       
-42.710	 20.505	-20.418       
-46.320	 21.617	-20.136       
-48.728	 20.898	-22.996       
-51.867	 23.007	-23.214       
-54.881	 20.825	-24.008       
-58.410	 21.894	-24.972       
-57.483	 25.551	-25.561       
-54.783	 27.589	-27.366       
-52.540	 28.957	-24.713       
-51.055	 31.809	-26.779       
-53.580	 34.256	-25.257       
-52.509	 33.230	-21.734       
-49.552	 33.625	-19.429       
-47.931	 30.453	-18.118       
-46.391	 29.955	-14.661       
-44.443	 27.316	-12.787       
-45.047	 26.822	 -9.042       
-43.280	 24.216	 -6.854       
-43.977	 22.270	 -3.688       
-41.146	 20.718	 -1.654       
-41.942	 17.532	  0.366       
-44.229	 18.405	  3.287       
-44.026	 22.145	  2.441       
-46.290	 24.700	  0.795       
-46.391	 26.377	 -2.559       
-43.566	 28.554	 -3.900       
-43.744	 30.476	 -7.201       
-40.849	 29.764	 -9.603       
-41.361	 31.612	-12.931       
-43.861	 33.186	-15.326       
-43.823	 33.875	-19.080       
-46.106	 36.425	-20.799       
-48.528	 35.473	-23.578       
-47.078	 34.163	-26.851       
-43.556	 33.577	-25.468       
-43.026	 37.105	-24.145       
-41.397	 38.536	-21.056       
-39.810	 36.114	-18.546       
-39.835	 36.544	-14.803       
-38.120	 34.300	-12.133       
-37.931	 33.788	 -8.385       
-34.558	 35.088	 -7.049       
-33.622	 31.564	 -5.951       
-33.729	 30.132	 -9.507       
-32.753	 33.152	-11.552       
-29.755	 32.415	-13.782       
-30.295	 28.687	-13.429       
-33.788	 28.092	-14.781       
-35.175	 29.285	-18.086       
-38.864	 29.458	-19.007       
-40.008	 29.382	-22.638       
-43.069	 28.593	-24.759       
-43.648	 27.265	-28.282       
-47.027	 28.528	-29.495       
-46.873	 26.247	-32.572       
-46.562	 23.166	-30.300       
-48.879	 24.638	-27.674       
-46.279	 23.760	-25.009       
-44.401	 25.610	-22.274       
-41.014	 24.584	-20.866       
-38.795	 24.922	-17.823       
-35.121	 24.266	-18.383       
-33.542	 23.641	-14.995       
-29.757	 23.820	-14.853       
-27.241	 23.692	-12.003       
-29.667	 21.827	 -9.783       
-29.426	 21.701	 -5.977       
-30.986	 19.355	 -3.367       
-33.317	 22.179	 -2.306       
-34.831	 22.253	 -5.806       
-36.435	 18.881	 -4.995       
-40.260	 19.335	 -5.403       
-43.437	 18.647	 -7.375       
-43.483	 21.259	-10.155       
-46.832	 22.490	-11.424       
-47.540	 24.620	-14.478       
-50.576	 26.897	-14.485       
-52.199	 29.104	-17.049       
-53.760	 32.455	-16.319       
-53.749	 36.178	-16.954       
-50.841	 38.518	-16.241       
-51.235	 39.853	-12.646       
-51.852	 43.461	-13.695       
-55.321	 43.961	-12.255       
-57.039	 43.144	 -9.024       
-59.557	 41.236	-11.156       
-56.898	 39.311	-13.132       
-57.622	 35.523	-13.002       
-54.103	 34.434	-12.209       
-53.409	 30.650	-12.271       
-56.984	 29.524	-13.004       
-56.048	 26.094	-14.419       
-53.155	 24.026	-12.976       
-51.574	 20.881	-14.252       
-51.144	 17.622	-12.400       
-47.556	 18.085	-11.194       
-44.236	 16.413	-12.059       
-41.762	 15.318	 -9.361       
-38.133	 16.437	 -9.497       
-35.638	 14.816	 -7.077       
-32.108	 16.229	 -6.799       
-29.740	 13.924	 -4.878       
-26.304	 12.262	 -4.805       
-27.947	  8.960	 -3.722       
-28.197	  6.029	 -6.202       
-31.379	  4.075	 -6.962       
-31.645	  1.359	 -4.294       
-34.370	 -1.129	 -3.401       
-35.629	 -1.506	  0.166       
-34.669	 -4.069	  2.735       
-37.929	 -5.259	  4.371       
-37.942	 -6.377	  8.032       
-40.787	 -7.807	 10.190       
-42.382	 -5.896	 13.013       
-43.518	 -9.122	 14.771       
-46.582	 -9.186	 17.001       
-45.551	 -9.521	 20.661       
-47.198	 -9.639	 24.090       
-56.025	 -8.126	 25.122       
-58.216	 -8.569	 22.034       
-56.073	 -6.833	 19.410       
-52.498	 -7.288	 18.137       
-50.340	 -4.908	 16.068       
-47.822	 -6.136	 13.504       
-46.090	 -4.610	 10.501       
-43.188	 -4.184	  8.095       
-40.261	 -1.762	  8.296       
-39.269	 -0.712	  4.788       
-35.716	  0.565	  5.153       
-33.106	  2.300	  2.977       
-34.635	  2.677	 -0.493       
-34.116	  5.375	 -3.131       
-35.857	  7.326	 -4.563       
-39.587	  7.741	 -3.785       
-42.223	  6.373	 -4.080       
-42.821	  2.926	 -2.549       
-46.208	  1.165	 -2.267       
-47.177	 -1.370	  0.430       
-50.179	 -3.693	  0.627       
-51.135	 -6.493	  3.001       
-52.074	 -9.943	  1.685       
-52.125	 -8.510	 -1.869       
-54.790	 -5.885	 -1.046       
-57.229	 -8.258	  0.644       
-56.376	 -6.945	  4.127       
-57.213	 -3.234	  4.196       
-59.083	 -2.888	  7.500       
-56.812	 -1.422	 10.224       
-53.931	 -0.836	  7.777       
-51.676	  2.227	  8.102       
-48.779	  2.883	  5.785       
-46.739	  5.808	  7.031       
-45.297	  8.615	  4.897       
-41.597	  7.997	  4.280       
-38.923	  9.907	  6.151       
-35.613	 10.988	  4.603       
-32.721	  9.673	  6.686       
-29.258	 11.247	  7.190       
-27.864	  8.752	  4.671       
-30.127	 10.298	  2.026       
-32.074	  7.023	  1.775       
-35.774	  6.832	  2.673       
-37.596	  4.571	  5.095       
-41.216	  3.842	  6.101       
-43.363	  1.428	  8.117       
-46.694	 -0.210	  7.366       
-48.680	 -1.614	 10.257       
-51.979	 -3.444	 10.744       
-54.064	 -4.319	 13.788       
-55.696	 -7.765	 13.728       
-57.457	-10.135	 16.171       
-54.959	-11.601	 18.631       
-56.963	-14.873	 18.695       
-55.933	-15.568	 15.087       
-52.166	-14.896	 15.335       
-51.240	-18.601	 15.231       
-53.642	-19.574	 12.414       
-53.637	-16.603	  9.987       
-50.833	-15.540	  7.627       
-49.915	-11.869	  7.181       
-47.749	-10.814	  4.212       
-46.636	 -7.265	  3.373       
-46.114	 -6.625	 -0.346       
-43.597	 -3.861	 -1.045       
-43.214	 -2.467	 -4.561       
-40.521	  0.053	 -5.560       
-41.086	  1.142	 -9.182       
-38.034	  3.458	 -9.560       
-35.809	  0.334	 -9.282       
-38.499	 -2.067	-10.592       
-38.369	 -4.274	 -7.462       
-40.967	 -6.247	 -5.432       
-40.501	 -7.908	 -1.989       
-43.013	 -9.967	  0.057       
-42.418	-10.601	  3.773       
-44.385	-13.024	  5.957       
-44.694	-11.465	  9.428       
-45.275	-13.968	 12.221       
-45.037	-14.034	 16.036       
-41.452	-14.344	 17.358       
-40.309	-17.836	 18.490       
-38.881	-17.562	 22.022       
-37.971	-21.224	 22.390       
-34.366	-22.509	 22.382       
-32.957	-24.449	 19.388       
-30.696	-27.485	 19.596       
BRIEF 2QQN L 214              
-40.983	 40.215	 -0.709       
-44.480	 40.678	  0.703       
-44.848	 37.973	  3.383       
-48.206	 36.219	  3.759       
-49.247	 34.481	  7.031       
-52.369	 32.343	  7.356       
-54.083	 31.640	 10.646       
-54.557	 28.981	 12.043       
-52.371	 26.479	 10.162       
-54.935	 23.777	 10.950       
-58.475	 23.570	 12.190       
-60.999	 20.826	 12.826       
-64.617	 21.205	 11.673       
-67.851	 19.372	 10.902       
-70.063	 19.253	  7.798       
-72.405	 22.259	  8.079       
-69.999	 24.548	  9.974       
-69.086	 28.052	  8.998       
-65.283	 28.109	  8.655       
-63.102	 31.236	  8.571       
-59.440	 31.226	  7.543       
-57.555	 34.474	  7.841       
-54.689	 35.778	  5.751       
-52.435	 38.599	  6.790       
-49.968	 40.426	  4.495       
-46.782	 42.160	  5.731       
-47.824	 45.167	  3.612       
-50.672	 46.717	  1.635       
-51.182	 45.055	 -1.752       
-54.364	 46.620	 -3.272       
-56.433	 43.492	 -2.581       
-54.686	 41.422	 -5.319       
-55.497	 38.242	 -3.302       
-56.158	 34.699	 -4.540       
-57.186	 31.606	 -2.548       
-56.516	 28.038	 -3.766       
-57.721	 24.633	 -2.539       
-55.476	 21.600	 -2.616       
-56.227	 17.982	 -1.789       
-53.461	 15.407	 -1.200       
-51.927	 14.046	 -4.414       
-53.814	 16.700	 -6.423       
-52.963	 20.059	 -8.025       
-54.275	 23.256	 -6.420       
-57.552	 24.752	 -7.660       
-58.394	 28.462	 -7.911       
-61.345	 29.485	 -5.675       
-61.173	 33.281	 -5.258       
-59.321	 36.015	 -7.132       
-59.205	 39.769	 -6.461       
-59.868	 39.036	 -2.758       
-63.643	 38.616	 -3.270       
-64.502	 37.214	 -6.765       
-65.274	 33.532	 -7.141       
-63.663	 31.678	-10.015       
-66.208	 30.440	-12.553       
-67.962	 27.350	-11.260       
-66.810	 27.661	 -7.669       
-69.706	 27.017	 -5.184       
-71.233	 30.162	 -3.628       
-70.531	 28.929	 -0.081       
-66.925	 30.111	 -0.663       
-66.542	 33.832	 -0.227       
-63.579	 36.142	  0.256       
-63.396	 39.321	  2.278       
-61.071	 41.968	  3.778       
-58.988	 45.055	  3.095       
-55.503	 46.495	  3.801       
-53.412	 43.670	  5.194       
-56.247	 41.525	  6.723       
-58.304	 39.159	  4.536       
-60.527	 36.136	  5.100       
-61.937	 33.076	  3.315       
-65.314	 31.928	  4.707       
-66.995	 28.613	  3.827       
-70.600	 29.314	  4.865       
-71.595	 25.664	  5.257       
-68.763	 23.188	  5.016       
-69.315	 20.111	  2.768       
-67.570	 16.694	  2.679       
-65.565	 17.763	 -0.434       
-64.184	 20.859	  1.369       
-61.777	 19.097	  3.774       
-58.502	 20.156	  2.175       
-55.591	 22.599	  2.421       
-56.185	 26.265	  1.532       
-53.515	 28.749	  0.420       
-53.706	 32.470	  0.000       
-51.514	 34.332	 -2.481       
-50.731	 37.960	 -3.257       
-49.991	 38.857	 -6.871       
-49.459	 42.618	 -6.737       
-45.736	 42.364	 -5.948       
-42.954	 40.414	 -7.603       
-42.513	 37.658	 -6.684       
-46.085	 36.636	 -5.931       
-46.007	 34.948	 -2.548       
-48.177	 32.321	 -0.859       
-49.260	 31.826	  2.739       
-48.084	 28.678	  4.519       
-51.472	 26.907	  4.129       
-54.436	 26.051	  6.373       
-55.583	 22.435	  6.604       
-59.294	 21.976	  7.333       
-59.702	 18.579	  9.047       
-62.691	 16.473	 10.272       
-63.801	 16.981	 13.910       
-64.626	 13.888	 15.970       
-64.604	 12.794	 19.642       
-61.341	 12.357	 21.583       
-59.669	  8.927	 21.191       
-56.619	  7.893	 23.236       
-53.860	  6.037	 21.339       
-53.108	  2.354	 21.650       
-49.327	  2.105	 22.095       
-47.188	 -0.733	 20.746       
-43.417	 -1.261	 20.762       
-41.400	 -3.449	 18.387       
-37.816	 -4.496	 19.090       
-35.365	 -4.802	 16.156       
-35.770	 -7.973	 14.114       
-32.999	-10.580	 14.346       
-32.651	-10.244	 10.558       
-31.872	 -6.489	 10.873       
-29.419	 -6.933	 13.765       
-27.400	 -9.230	 11.456       
-26.952	 -6.226	  9.148       
-25.410	 -4.042	 11.908       
-28.300	 -1.696	 12.693       
-31.068	 -1.657	 15.299       
-34.366	  0.101	 14.534       
-36.826	  0.240	 17.449       
-40.378	  1.203	 16.530       
-43.095	  2.659	 18.720       
-46.608	  2.822	 17.163       
-49.350	  5.167	 18.464       
-52.550	  3.877	 16.898       
-55.885	  5.539	 16.018       
-55.984	  8.658	 18.186       
-57.693	 12.015	 17.925       
-56.734	 14.895	 17.993       
-53.350	 14.779	 16.186       
-51.292	 16.112	 19.126       
-49.654	 12.983	 20.590       
-46.024	 13.039	 21.835       
-43.437	 10.293	 22.104       
-40.273	 10.315	 24.231       
-37.656	  7.543	 23.993       
-35.844	  6.427	 27.125       
-33.047	  3.841	 27.047       
-32.119	  2.508	 30.517       
-34.007	  5.585	 31.737       
-31.853	  8.064	 29.784       
-33.840	 10.514	 27.610       
-32.858	 10.167	 23.957       
-32.571	 13.010	 21.471       
-31.452	 13.375	 17.855       
-31.695	  9.606	 17.188       
-35.360	  9.160	 16.247       
-37.714	 10.071	 13.403       
-41.489	 10.309	 13.501       
-44.159	 10.006	 10.862       
-47.956	 10.599	 11.012       
-50.777	  9.466	  8.731       
-53.527	 11.620	  7.304       
-56.944	 11.228	  8.908       
-58.331	  7.728	  8.425       
-61.141	  7.474	  5.852       
-63.297	  5.265	  8.087       
-62.907	  6.687	 11.638       
-61.067	 10.047	 11.187       
-58.239	  9.130	 13.634       
-54.453	  9.504	 13.175       
-51.642	  7.058	 13.748       
-47.985	  7.865	 14.455       
-44.773	  5.859	 14.203       
-41.557	  6.792	 15.953       
-38.361	  4.965	 14.947       
-35.215	  4.898	 17.162       
-32.083	  3.956	 15.169       
-28.876	  2.705	 16.836       
-25.861	  0.722	 15.732       
-25.881	 -2.919	 16.817       
-22.896	 -2.146	 19.083       
-24.810	  0.658	 20.887       
-28.083	 -1.301	 20.974       
-26.343	 -4.235	 22.753       
-24.833	 -1.960	 25.419       
-28.260	 -1.301	 27.002       
-31.152	 -3.284	 28.481       
-34.471	 -1.428	 28.811       
-35.931	  0.249	 25.710       
-38.996	  2.410	 26.463       
-41.301	  4.802	 24.635       
-43.326	  7.243	 26.771       
-46.564	  8.625	 25.236       
-48.756	 11.574	 26.151       
-52.075	 12.645	 24.563       
-55.289	 14.494	 25.463       
-57.193	 11.193	 25.963       
-54.569	  9.815	 28.342       
-54.996	 10.706	 32.026       
-51.297	  9.948	 32.575       
-48.331	  8.927	 30.351       
-48.379	  5.487	 28.763       
-44.992	  3.704	 28.803       
-44.460	  0.642	 26.602       
-41.085	 -1.034	 27.011       
-39.028	 -4.203	 26.627       
-35.803	 -5.712	 27.953       
-33.249	 -6.629	 25.268       
-33.275	-10.361	 24.446       
-36.510	-11.364	 26.155       
-40.250	-11.962	 25.625       
