BRIEF 2R4R A 216              
 11.554	 38.126	 29.950  0.288
 12.440	 34.492	 30.621 -1.004
 15.679	 35.525	 28.918 -1.175
 16.371	 38.398	 31.315  0.233
 15.823	 35.947	 34.181 -1.256
 19.596	 35.507	 34.135 -2.259
 19.793	 39.140	 35.238  0.445
 18.546	 38.402	 38.776  0.311
 21.038	 35.668	 39.663 -1.238
 23.456	 38.422	 38.678 -1.837
 22.021	 40.666	 41.395  0.722
 22.132	 37.717	 43.795  0.022
 25.642	 36.495	 42.990 -1.891
 28.000	 39.383	 42.285  1.240
 26.628	 41.196	 45.335  1.246
 27.223	 38.170	 47.565 -0.941
 30.706	 37.265	 46.352  0.649
 31.382	 40.817	 47.503  1.158
 29.658	 40.721	 50.901  0.439
 31.603	 37.562	 51.677 -0.859
 34.754	 39.045	 50.141  0.804
 34.524	 41.793	 52.753  0.859
 32.799	 39.979	 55.644 -1.930
 38.933	 38.837	 54.168 -0.003
 40.988	 40.804	 56.696  0.204
 42.758	 43.003	 54.126 -0.082
 39.433	 43.779	 52.424  0.997
 38.033	 45.364	 55.590  0.623
 38.113	 49.174	 55.284  0.504
 35.841	 52.245	 55.415  0.641
 35.755	 52.390	 51.614  1.046
 34.946	 48.710	 51.087  1.170
 32.526	 49.131	 53.995 -0.432
 30.272	 51.496	 52.075  0.858
 30.782	 49.688	 48.786  0.768
 29.815	 46.537	 50.673  0.446
 26.764	 48.586	 51.636  1.170
 25.578	 48.914	 48.042  1.197
 25.646	 45.112	 48.088  1.161
 22.609	 44.787	 50.340 -0.119
 21.052	 47.602	 48.305  0.933
 21.303	 45.398	 45.227  1.245
 20.877	 41.885	 46.616  0.168
 17.866	 42.803	 48.739  0.021
 16.603	 44.784	 45.749  0.755
 16.929	 41.597	 43.707  0.314
 15.728	 38.862	 46.045 -0.779
 12.891	 41.021	 47.327 -0.141
 12.218	 43.638	 44.638  0.801
 13.233	 42.092	 41.313  0.641
 11.459	 38.767	 42.004  0.996
  8.016	 40.125	 42.911  0.189
  8.677	 42.435	 39.979 -0.994
  5.703	 46.672	 50.893 -0.978
  7.142	 45.919	 47.446  0.126
  7.301	 49.664	 46.672  0.002
  8.517	 50.343	 50.169  0.375
 11.840	 48.574	 49.933 -0.454
 12.072	 49.871	 46.314  0.900
 12.716	 53.381	 47.633  0.297
 14.620	 52.518	 50.808  0.261
 17.013	 50.790	 48.409  0.501
 17.552	 53.434	 45.737  0.652
 17.371	 56.354	 48.199  0.604
 20.157	 54.757	 50.240  0.847
 22.397	 54.352	 47.194  1.205
 22.830	 57.913	 45.908  0.905
 23.010	 58.701	 49.643 -0.083
 25.935	 56.378	 50.303  0.943
 27.469	 57.685	 47.074  1.153
 27.242	 61.055	 48.795  0.579
 28.886	 59.547	 51.872  0.456
 32.064	 58.145	 50.324  1.069
 32.499	 61.154	 48.016  1.091
 32.860	 63.086	 51.274  0.164
 34.626	 60.379	 53.282  1.144
 37.240	 59.918	 50.580  1.245
 37.560	 63.700	 50.495  0.590
 38.148	 64.018	 54.237 -0.720
 40.754	 61.326	 53.559  1.021
 42.651	 63.385	 50.980  0.900
 42.096	 66.881	 52.393  0.404
 43.459	 65.240	 55.542 -0.186
 47.001	 66.245	 56.590  0.970
 47.948	 62.593	 57.077  0.226
 47.835	 59.263	 55.185 -0.760
 45.095	 58.287	 52.720  0.710
 42.232	 56.587	 54.632 -0.078
 39.384	 58.679	 56.041 -0.330
 39.055	 59.096	 59.791 -0.722
 35.540	 57.600	 59.968  0.581
 36.349	 54.950	 62.586  0.828
 35.275	 51.323	 62.065 -0.918
 32.399	 51.573	 64.537 -0.930
 31.410	 55.161	 63.698 -0.021
 31.350	 53.915	 60.099  0.606
 28.705	 51.409	 61.095 -1.917
 26.918	 53.915	 63.334 -2.372
 27.044	 56.241	 60.328 -0.253
 26.048	 53.300	 58.146  0.668
 23.021	 52.457	 60.292 -1.493
 21.754	 56.048	 60.066 -2.152
 21.802	 55.972	 56.252  0.510
 19.069	 53.329	 56.112  1.229
 16.495	 54.567	 58.634 -1.808
 16.774	 58.038	 57.091 -0.886
 16.429	 56.233	 53.775  0.779
 13.372	 54.609	 55.311 -1.016
 11.952	 57.796	 56.795 -1.742
 12.136	 59.069	 53.206  0.014
 11.547	 63.848	 47.070  0.620
 13.620	 63.944	 43.883  0.201
 15.172	 67.046	 45.427 -0.572
 15.511	 65.411	 48.833 -0.682
 16.579	 61.858	 47.989  0.646
 18.142	 62.561	 44.583  0.870
 19.074	 66.162	 43.803 -0.244
 20.568	 67.101	 47.181 -0.444
 22.565	 63.837	 47.346  1.129
 23.822	 64.233	 43.759  0.307
 24.078	 68.036	 43.773 -1.907
 26.965	 67.983	 46.253  0.085
 28.231	 64.426	 45.744  0.855
 29.390	 65.405	 42.238 -0.648
 31.401	 68.393	 43.468 -1.521
 32.731	 67.020	 46.759 -0.049
 34.171	 64.394	 44.425  1.022
 34.969	 66.849	 41.620 -1.924
 37.043	 68.749	 44.170  0.054
 38.719	 65.434	 44.994  0.823
 39.446	 63.974	 41.535 -0.217
 40.992	 67.401	 40.947 -1.733
 43.114	 68.267	 44.007  0.087
 44.239	 64.643	 43.748  0.749
 46.053	 65.557	 40.542 -0.576
 48.078	 68.458	 41.900 -0.995
 49.468	 66.006	 44.428  0.098
 49.725	 63.102	 42.000 -0.044
 52.865	 64.656	 40.535 -1.161
 53.876	 67.287	 43.075 -0.631
 55.688	 64.015	 43.751  0.250
 59.371	 63.567	 42.955 -1.311
 59.678	 62.688	 39.270 -2.949
 62.805	 60.631	 40.120 -1.945
 60.615	 58.633	 42.466 -2.135
 59.808	 55.517	 40.488 -1.928
 62.641	 55.593	 37.974 -1.869
 65.770	 56.015	 40.124 -1.059
 64.426	 55.208	 43.624 -1.174
 67.738	 53.641	 44.697 -1.883
 49.200	 59.161	 47.579 -0.922
 50.607	 57.672	 44.374 -1.147
 49.361	 56.662	 40.925 -0.663
 47.977	 53.530	 42.572  0.121
 45.571	 55.234	 44.988  0.739
 44.916	 57.416	 41.946 -0.054
 43.146	 54.489	 40.284  0.795
 41.279	 53.513	 43.457  0.810
 39.419	 56.763	 42.831  0.675
 39.044	 55.623	 39.226  0.304
 37.150	 52.539	 40.369  0.967
 35.128	 54.690	 42.776  0.797
 35.135	 57.259	 39.984  0.181
 33.085	 55.122	 37.614  0.165
 30.820	 53.503	 40.211  0.921
 29.620	 57.038	 40.961  0.691
 29.785	 57.762	 37.239 -0.045
 27.547	 54.872	 36.197  0.150
 24.879	 55.304	 38.861  1.133
 24.310	 58.753	 37.382  0.265
 23.742	 57.772	 33.758 -1.002
 21.563	 54.915	 34.971  0.887
 19.165	 56.741	 37.296  0.958
 19.147	 60.212	 35.737  0.245
 17.087	 59.642	 32.610  1.146
 14.553	 58.264	 35.151  0.480
 14.612	 61.138	 37.633  0.598
 14.546	 63.585	 34.721 -0.531
 13.816	 53.617	 31.554 -0.210
 12.910	 52.168	 34.945  0.330
 14.717	 49.024	 33.788 -0.250
 17.927	 50.935	 32.998  0.333
 18.226	 51.831	 36.671  0.697
 18.151	 48.154	 37.637  0.855
 21.168	 47.728	 35.359  0.022
 23.530	 49.217	 37.961  1.142
 22.962	 45.968	 39.872  1.140
 25.464	 43.996	 37.832  0.275
 27.784	 46.857	 36.957  0.329
 29.603	 47.427	 40.264  1.233
 30.891	 43.892	 40.897  1.219
 31.783	 44.104	 37.194  0.241
 33.974	 47.209	 37.318  0.824
 35.676	 45.892	 40.454  1.212
 37.317	 43.089	 38.471  0.527
 39.414	 45.023	 35.938  0.050
 40.041	 48.013	 38.207  0.989
 40.452	 47.289	 41.947 -0.196
 42.052	 44.500	 44.012  0.400
 38.710	 42.673	 44.190  1.002
 39.834	 40.954	 40.961  1.006
 41.689	 38.236	 42.875 -1.002
 39.847	 38.888	 46.159  0.704
 36.690	 37.216	 44.844  0.922
 37.484	 35.712	 41.431 -0.937
 40.023	 33.349	 42.973 -0.705
 37.833	 32.757	 46.035  0.074
 35.902	 30.369	 43.791  0.275
 38.652	 27.752	 44.102 -1.094
 41.090	 29.646	 41.863 -0.648
 39.265	 30.990	 38.802 -1.853
 41.449	 30.894	 35.683 -1.901
 44.742	 32.826	 35.643 -1.471
 45.571	 30.988	 38.864 -1.441
 48.811	 30.105	 37.095 -4.337
 46.421	 27.883	 35.106  0.331
BRIEF 2R4R L 214              
 58.748	 69.667	 22.502       
 61.805	 70.768	 24.480       
 65.156	 71.143	 22.693       
 68.235	 70.473	 24.819       
 71.609	 71.479	 23.362       
 74.821	 70.035	 24.796       
 78.316	 71.461	 24.258       
 80.754	 70.162	 23.402       
 80.215	 67.464	 20.826       
 83.726	 66.283	 20.060       
 86.379	 66.297	 22.827       
 89.945	 65.112	 23.568       
 91.275	 65.000	 27.135       
 94.445	 63.311	 28.356       
 94.558	 61.146	 31.485       
 94.427	 62.897	 34.848       
 92.899	 66.211	 33.742       
 89.307	 67.207	 34.514       
 87.046	 67.208	 31.480       
 83.586	 68.785	 31.351       
 80.495	 68.675	 29.155       
 77.663	 71.197	 29.648       
 73.918	 70.637	 28.938       
 71.346	 73.494	 28.536       
 67.634	 72.795	 27.965       
 64.955	 74.952	 26.398       
 62.526	 75.072	 29.345       
 63.103	 74.878	 33.060       
 63.385	 71.297	 34.192       
 63.550	 71.299	 37.969       
 66.952	 69.624	 38.138       
 64.999	 66.743	 36.566       
 68.016	 65.928	 34.376       
 70.236	 62.830	 34.099       
 73.654	 61.895	 32.667       
 74.578	 58.593	 31.036       
 77.411	 57.064	 28.996       
 77.147	 55.128	 25.730       
 80.173	 52.955	 25.115       
 80.668	 51.274	 21.753       
 79.263	 47.752	 21.823       
 77.350	 48.227	 25.073       
 74.081	 49.460	 26.537       
 74.141	 52.898	 28.211       
 75.259	 53.040	 31.820       
 73.590	 55.878	 33.786       
 75.819	 57.957	 36.076       
 73.705	 60.764	 37.465       
 70.119	 61.955	 37.856       
 68.390	 64.777	 39.748       
 71.146	 66.830	 38.092       
 73.737	 65.711	 40.679       
 72.689	 62.564	 42.510       
 75.243	 59.956	 41.515       
 73.721	 56.587	 40.766       
 74.805	 53.691	 42.995       
 78.069	 52.233	 41.707       
 79.216	 55.211	 39.649       
 82.779	 56.275	 40.545       
 83.050	 59.318	 42.854       
 85.083	 61.305	 40.331       
 81.966	 62.035	 38.270       
 80.127	 65.252	 39.062       
 76.840	 66.693	 37.845       
 75.953	 70.260	 38.752       
 73.560	 72.628	 37.086       
 70.164	 74.086	 38.005       
 66.912	 75.216	 36.396       
 68.005	 75.529	 32.746       
 71.707	 74.688	 32.373       
 73.768	 71.882	 33.889       
 77.004	 70.014	 33.402       
 78.526	 66.599	 33.989       
 82.171	 66.768	 35.129       
 85.025	 64.516	 36.146       
 88.211	 65.423	 37.989       
 91.237	 63.267	 37.303       
 90.073	 61.663	 34.037       
 90.734	 57.911	 34.066       
 91.635	 55.852	 30.985       
 88.432	 53.838	 31.112       
 86.523	 57.118	 30.849       
 86.237	 57.126	 27.031       
 82.919	 57.250	 25.194       
 79.741	 59.267	 24.605       
 77.895	 60.955	 27.481       
 74.350	 62.217	 26.960       
 72.011	 64.289	 29.130       
 68.322	 63.482	 29.506       
 65.418	 65.496	 30.962       
 62.335	 63.887	 32.440       
 60.659	 67.003	 33.766       
 57.777	 66.731	 31.244       
 56.547	 64.692	 28.252       
 57.941	 63.821	 25.905       
 61.194	 62.954	 27.579       
 63.897	 64.389	 25.344       
 67.568	 63.526	 24.986       
 70.523	 65.764	 24.424       
 72.754	 64.894	 21.511       
 75.511	 63.685	 23.767       
 79.079	 64.892	 23.551       
 81.778	 62.301	 22.807       
 85.091	 62.249	 24.626       
 88.374	 60.702	 23.441       
 91.705	 60.470	 25.288       
 94.899	 61.880	 23.786       
 97.581	 59.223	 23.872       
101.206	 59.169	 22.726       
101.842	 58.808	 18.961       
102.109	 55.115	 18.077       
102.446	 53.442	 14.693       
100.409	 50.407	 13.620       
101.458	 46.774	 13.662       
100.197	 45.733	 10.240       
 99.559	 42.127	  9.113       
 98.086	 40.663	  5.901       
 96.486	 37.232	  5.439       
 95.851	 35.392	  2.184       
 92.484	 33.635	  1.606       
 92.147	 30.552	  3.808       
 91.963	 27.436	  1.657       
 88.534	 26.900	  3.214       
 86.894	 29.954	  1.631       
 88.822	 29.491	 -1.572       
 87.208	 26.077	 -2.059       
 83.842	 27.547	 -1.144       
 83.909	 29.857	 -4.142       
 86.065	 32.908	 -3.669       
 88.692	 34.727	 -1.697       
 88.800	 37.741	  0.570       
 92.082	 39.187	  1.804       
 92.534	 40.839	  5.147       
 95.157	 43.284	  6.343       
 95.042	 44.660	  9.892       
 96.470	 48.063	 10.646       
 96.566	 47.889	 14.435       
 97.066	 49.805	 17.659       
 97.986	 53.216	 16.292       
 97.601	 56.884	 17.349       
 96.644	 59.484	 15.902       
 93.345	 58.092	 14.750       
 93.996	 59.302	 11.175       
 95.487	 56.279	  9.371       
 95.632	 55.249	  5.678       
 95.905	 52.180	  3.387       
 96.261	 51.350	 -0.277       
 96.303	 47.892	 -1.806       
 98.993	 46.958	 -4.304       
 98.778	 43.988	 -6.627       
101.620	 42.866	 -8.897       
103.170	 46.284	 -8.515       
 99.916	 47.714	 -9.811       
 97.557	 49.411	 -7.388       
 93.822	 49.882	 -6.875       
 90.971	 50.515	 -4.445       
 88.035	 48.670	 -5.972       
 85.797	 46.608	 -3.701       
 87.751	 47.054	 -0.488       
 85.752	 46.878	  2.751       
 87.121	 49.144	  5.448       
 86.258	 49.702	  9.073       
 87.967	 51.339	 12.064       
 87.362	 50.898	 15.781       
 86.707	 53.461	 18.525       
 89.425	 54.084	 21.103       
 90.578	 50.768	 22.598       
 90.284	 50.354	 26.359       
 93.765	 49.416	 27.544       
 95.949	 50.735	 24.746       
 93.688	 53.770	 24.208       
 94.878	 53.437	 20.603       
 93.186	 53.001	 17.205       
 93.091	 49.950	 14.968       
 91.756	 49.468	 11.434       
 90.702	 46.565	  9.216       
 90.790	 46.669	  5.405       
 89.577	 43.789	  3.265       
 89.632	 43.519	 -0.509       
 86.913	 41.027	 -1.321       
 87.709	 39.137	 -4.535       
 86.876	 35.923	 -6.321       
 88.612	 32.588	 -6.566       
 89.204	 33.704	-10.134       
 89.752	 37.430	 -9.504       
 92.343	 36.425	 -6.909       
 93.896	 33.722	 -9.077       
 94.882	 36.190	-11.785       
 97.583	 37.911	 -9.692       
100.717	 36.918	 -7.832       
101.879	 39.714	 -5.529       
 99.662	 41.267	 -2.846       
100.758	 44.193	 -0.717       
 99.144	 46.288	  1.995       
100.698	 49.729	  2.448       
 99.863	 51.685	  5.576       
100.816	 55.354	  5.687       
100.530	 56.881	  9.171       
101.739	 60.158	 10.716       
103.978	 57.957	 12.846       
106.444	 57.721	  9.923       
106.996	 59.006	  6.398       
107.895	 55.593	  5.003       
104.685	 53.558	  4.480       
104.634	 50.459	  6.658       
104.308	 47.542	  4.251       
103.386	 43.867	  4.069       
103.170	 41.735	  0.926       
102.877	 38.100	 -0.142       
102.942	 35.936	 -3.240       
100.293	 33.437	 -4.309       
102.798	 30.857	 -5.532       
105.319	 29.617	 -2.972       
102.230	 29.959	 -0.778       
BRIEF 2R4R H 217              
 71.991	 40.414	 39.564       
 69.620	 43.085	 38.161       
 68.446	 42.798	 34.585       
 65.871	 43.308	 31.852       
 66.282	 40.587	 29.240       
 65.755	 41.370	 25.579       
 65.798	 39.646	 22.195       
 68.848	 41.393	 20.788       
 67.889	 40.590	 17.170       
 64.496	 40.986	 15.466       
 63.791	 40.631	 11.716       
 60.515	 41.771	 10.151       
 59.048	 42.249	  6.676       
 57.974	 45.755	  5.658       
 54.409	 46.515	  6.651       
 54.309	 43.777	  9.269       
 54.348	 44.135	 13.041       
 56.884	 43.065	 15.682       
 56.323	 42.731	 19.438       
 59.491	 43.158	 21.505       
 59.580	 41.772	 25.086       
 61.745	 42.663	 28.081       
 61.981	 40.221	 30.984       
 63.144	 42.225	 33.983       
 64.317	 40.060	 36.854       
 66.251	 41.371	 39.828       
 63.906	 43.808	 41.503       
 60.204	 44.447	 41.973       
 58.759	 45.030	 38.485       
 56.011	 47.197	 39.943       
 58.185	 49.784	 41.725       
 59.589	 51.490	 38.617       
 57.990	 52.376	 35.321       
 59.887	 51.219	 32.282       
 60.259	 53.297	 29.149       
 61.088	 52.114	 25.667       
 63.597	 54.346	 23.866       
 64.513	 53.738	 20.250       
 68.123	 54.473	 19.211       
 68.692	 54.252	 15.447       
 72.022	 53.204	 14.005       
 74.582	 55.975	 13.933       
 73.679	 57.902	 17.070       
 70.689	 59.420	 18.828       
 68.018	 58.558	 21.364       
 64.297	 59.022	 20.912       
 61.867	 58.116	 23.683       
 58.975	 55.936	 22.439       
 56.939	 55.956	 25.626       
 56.760	 55.014	 29.298       
 54.448	 52.488	 30.930       
 54.108	 52.130	 34.702       
 53.760	 48.364	 35.354       
 52.257	 48.935	 38.788       
 49.251	 51.039	 37.737       
 48.588	 50.957	 34.028       
 49.422	 54.525	 32.951       
 51.044	 54.477	 29.518       
 52.140	 57.910	 28.387       
 53.110	 57.578	 24.741       
 55.227	 59.964	 22.770       
 52.991	 61.656	 20.152       
 55.164	 60.401	 17.300       
 54.778	 56.707	 18.211       
 51.298	 57.421	 19.580       
 49.429	 55.231	 17.104       
 52.532	 53.292	 15.994       
 53.402	 51.505	 19.232       
 51.414	 50.279	 22.205       
 53.109	 49.483	 25.510       
 51.939	 46.754	 27.857       
 53.104	 45.018	 31.054       
 52.809	 41.561	 32.614       
 52.624	 41.676	 36.422       
 53.076	 37.918	 36.703       
 55.765	 37.186	 34.092       
 57.390	 40.355	 35.354       
 58.128	 41.140	 31.726       
 56.888	 44.032	 29.607       
 56.082	 44.490	 25.914       
 55.845	 46.925	 23.009       
 53.586	 46.646	 19.962       
 55.090	 48.121	 16.800       
 52.611	 48.037	 13.894       
 53.020	 48.576	 10.136       
 56.821	 48.574	 10.295       
 58.817	 50.551	  7.771       
 62.445	 50.776	  6.583       
 62.956	 53.599	  9.076       
 61.501	 51.771	 12.068       
 64.648	 49.633	 12.002       
 67.036	 50.312	 14.895       
 67.925	 49.192	 18.378       
 65.072	 49.356	 20.852       
 65.958	 49.841	 24.487       
 63.904	 48.821	 27.458       
 64.957	 50.887	 30.422       
 63.899	 50.953	 34.034       
 63.143	 54.656	 34.092       
 66.546	 55.677	 32.762       
 68.302	 54.132	 35.729       
 69.339	 50.696	 34.514       
 69.138	 50.130	 30.757       
 68.139	 46.921	 29.061       
 70.189	 44.756	 26.697       
 68.734	 45.771	 23.381       
 66.810	 44.379	 20.440       
 68.339	 44.967	 17.009       
 65.029	 45.141	 15.163       
 65.340	 45.381	 11.423       
 62.477	 45.879	  9.012       
 63.500	 44.268	  5.743       
 62.418	 42.384	  2.632       
 65.665	 40.447	  2.918       
 65.973	 36.770	  3.717       
 68.197	 35.742	  6.603       
 71.577	 34.206	  5.792       
 74.093	 33.159	  8.508       
 77.809	 34.129	  8.521       
 80.890	 32.240	  7.318       
 83.670	 32.256	  9.826       
 86.910	 31.863	  7.905       
 90.176	 31.949	  9.867       
 93.186	 34.113	  9.055       
 96.588	 32.682	 10.040       
100.098	 34.147	  9.390       
101.323	 33.988	  5.782       
104.923	 32.761	  5.371       
106.046	 31.517	  8.807       
107.238	 35.072	  9.434       
108.498	 34.786	 13.004       
108.788	 38.566	 13.217       
107.706	 39.312	 16.781       
107.547	 38.481	 20.477       
103.866	 38.170	 19.637       
101.435	 37.137	 16.856       
 98.185	 38.465	 15.482       
 95.719	 36.104	 13.869       
 92.049	 36.757	 13.267       
 88.782	 35.357	 12.009       
 86.670	 37.203	  9.482       
 82.938	 36.407	  9.548       
 81.655	 37.017	  6.030       
 78.158	 37.514	  4.681       
 75.322	 37.337	  7.234       
 72.073	 39.163	  8.119       
 70.393	 40.864	  9.788       
 72.623	 42.324	 12.480       
 74.037	 41.624	 15.082       
 76.730	 38.983	 15.667       
 78.425	 38.246	 18.989       
 82.104	 37.477	 18.424       
 84.231	 36.134	 21.247       
 87.654	 34.461	 21.296       
 88.630	 31.277	 23.151       
 84.981	 30.979	 24.225       
 85.189	 34.233	 26.142       
 88.477	 33.079	 27.666       
 90.896	 35.383	 25.793       
 90.453	 39.152	 26.173       
 93.637	 41.231	 26.454       
 94.549	 42.301	 22.932       
 91.557	 41.258	 20.849       
 89.879	 43.650	 18.438       
 86.581	 43.162	 16.590       
 85.510	 45.571	 13.870       
 81.966	 46.885	 13.184       
 80.052	 44.967	 10.561       
 80.331	 46.898	  7.329       
 77.777	 46.160	  4.696       
 78.617	 45.077	  1.126       
 76.085	 43.953	 -1.478       
 73.025	 43.658	  0.789       
 75.011	 41.443	  3.198       
 77.025	 41.958	  6.408       
 80.724	 41.212	  6.780       
 83.033	 41.742	  9.738       
 86.192	 40.432	 11.342       
 88.059	 40.104	 14.597       
 91.863	 39.981	 14.895       
 93.915	 38.979	 17.920       
 97.386	 39.295	 19.372       
 99.005	 36.724	 21.707       
102.595	 35.770	 22.554       
104.213	 33.933	 19.670       
105.337	 31.897	 22.676       
101.810	 30.547	 22.826       
 99.516	 30.122	 19.807       
100.736	 27.295	 17.565       
101.668	 25.789	 20.934       
 98.308	 26.179	 22.698       
 94.899	 25.948	 20.989       
 93.135	 29.157	 19.887       
 89.530	 29.264	 18.686       
 87.244	 32.104	 17.587       
 83.559	 31.949	 18.434       
 80.745	 33.646	 16.521       
 77.027	 34.057	 17.091       
 74.209	 35.121	 14.802       
 70.983	 35.237	 16.888       
 68.835	 36.417	 14.010       
 69.374	 32.859	 12.738       
 70.141	 31.315	 16.105       
 73.561	 30.402	 14.785       
 76.587	 29.865	 17.030       
 79.940	 28.896	 15.541       
 83.462	 27.990	 16.600       
 86.567	 28.082	 14.391       
 89.934	 26.781	 15.619       
 93.047	 28.258	 13.989       
 95.350	 25.606	 12.556       
 98.800	 27.182	 11.931       
 99.155	 27.091	  8.150       
 99.655	 24.940	  5.057       
103.234	 24.529	  6.313       
104.148	 25.662	  2.813       
103.097	 29.303	  3.018       
