BRIEF 2R4S A 216              
 11.532	 38.159	 29.928  0.288
 12.403	 34.521	 30.582 -1.004
 15.687	 35.531	 28.944 -1.175
 16.416	 38.398	 31.349  0.233
 15.819	 35.960	 34.212 -1.256
 19.591	 35.518	 34.152 -2.259
 19.826	 39.155	 35.246  0.445
 18.547	 38.388	 38.766  0.311
 21.049	 35.679	 39.682 -1.238
 23.496	 38.420	 38.731 -1.837
 21.979	 40.650	 41.419  0.722
 22.165	 37.723	 43.848  0.022
 25.668	 36.493	 43.020 -1.891
 27.980	 39.415	 42.316  1.240
 26.597	 41.187	 45.392  1.246
 27.172	 38.139	 47.610 -0.941
 30.661	 37.263	 46.386  0.649
 31.323	 40.834	 47.501  1.158
 29.593	 40.699	 50.904  0.439
 31.573	 37.562	 51.715 -0.859
 34.749	 39.013	 50.187  0.804
 34.499	 41.774	 52.783  0.859
 32.769	 39.960	 55.665 -1.930
 38.928	 38.813	 54.151 -0.003
 40.983	 40.792	 56.678  0.204
 42.696	 43.014	 54.089 -0.082
 39.375	 43.817	 52.379  0.997
 38.032	 45.385	 55.589  0.623
 38.128	 49.194	 55.287  0.504
 35.841	 52.257	 55.429  0.641
 35.788	 52.466	 51.619  1.046
 34.955	 48.791	 51.101  1.170
 32.516	 49.133	 54.002 -0.432
 30.232	 51.485	 52.073  0.858
 30.805	 49.705	 48.769  0.768
 29.782	 46.566	 50.655  0.446
 26.730	 48.593	 51.636  1.170
 25.553	 48.944	 48.042  1.197
 25.609	 45.139	 48.054  1.161
 22.623	 44.829	 50.375 -0.119
 21.096	 47.630	 48.293  0.933
 21.315	 45.425	 45.213  1.245
 20.874	 41.922	 46.633  0.168
 17.849	 42.833	 48.745  0.021
 16.577	 44.825	 45.762  0.755
 16.927	 41.627	 43.741  0.314
 15.715	 38.888	 46.073 -0.779
 12.871	 41.054	 47.349 -0.141
 12.183	 43.652	 44.630  0.801
 13.212	 42.082	 41.317  0.641
 11.443	 38.755	 42.023  0.996
  8.015	 40.150	 42.918  0.189
  8.682	 42.449	 39.977 -0.994
  5.690	 46.653	 50.899 -0.978
  7.134	 45.916	 47.446  0.126
  7.309	 49.637	 46.656  0.002
  8.484	 50.352	 50.200  0.375
 11.857	 48.598	 49.877 -0.454
 12.053	 49.913	 46.314  0.900
 12.702	 53.400	 47.661  0.297
 14.625	 52.470	 50.812  0.261
 17.007	 50.804	 48.353  0.501
 17.561	 53.470	 45.683  0.652
 17.412	 56.329	 48.210  0.604
 20.226	 54.769	 50.250  0.847
 22.453	 54.360	 47.179  1.205
 22.880	 57.912	 45.856  0.905
 22.968	 58.723	 49.591 -0.083
 25.892	 56.396	 50.270  0.943
 27.430	 57.719	 47.044  1.153
 27.212	 61.084	 48.769  0.579
 28.866	 59.566	 51.847  0.456
 32.043	 58.176	 50.270  1.069
 32.501	 61.223	 48.006  1.091
 32.836	 63.132	 51.291  0.164
 34.654	 60.418	 53.251  1.144
 37.268	 59.927	 50.543  1.245
 37.552	 63.720	 50.447  0.590
 38.141	 64.044	 54.200 -0.720
 40.745	 61.348	 53.573  1.021
 42.643	 63.373	 50.963  0.900
 42.122	 66.888	 52.351  0.404
 43.460	 65.190	 55.487 -0.186
 46.992	 66.171	 56.601  0.970
 47.924	 62.540	 57.141  0.226
 47.814	 59.244	 55.230 -0.760
 45.109	 58.311	 52.720  0.710
 42.191	 56.669	 54.561 -0.078
 39.360	 58.731	 56.029 -0.330
 39.045	 59.151	 59.811 -0.722
 35.539	 57.605	 59.976  0.581
 36.317	 54.947	 62.604  0.828
 35.241	 51.316	 62.064 -0.918
 32.405	 51.566	 64.584 -0.930
 31.376	 55.135	 63.715 -0.021
 31.362	 53.898	 60.114  0.606
 28.692	 51.407	 61.113 -1.917
 26.959	 53.924	 63.393 -2.372
 27.041	 56.252	 60.383 -0.253
 25.992	 53.427	 58.063  0.668
 23.039	 52.516	 60.271 -1.493
 21.739	 56.095	 60.041 -2.152
 21.836	 55.957	 56.235  0.510
 19.074	 53.342	 56.156  1.229
 16.458	 54.603	 58.635 -1.808
 16.743	 58.090	 57.107 -0.886
 16.445	 56.260	 53.792  0.779
 13.357	 54.635	 55.264 -1.016
 11.895	 57.799	 56.765 -1.742
 12.067	 59.089	 53.182  0.014
 11.534	 63.856	 47.038  0.620
 13.607	 63.962	 43.850  0.201
 15.148	 67.051	 45.432 -0.572
 15.557	 65.424	 48.842 -0.682
 16.631	 61.877	 47.973  0.646
 18.165	 62.580	 44.553  0.870
 19.107	 66.191	 43.818 -0.244
 20.584	 67.084	 47.222 -0.444
 22.599	 63.821	 47.365  1.129
 23.866	 64.251	 43.785  0.307
 24.081	 68.052	 43.774 -1.907
 26.998	 67.995	 46.225  0.085
 28.220	 64.428	 45.659  0.855
 29.400	 65.420	 42.167 -0.648
 31.423	 68.390	 43.435 -1.521
 32.738	 67.005	 46.737 -0.049
 34.182	 64.361	 44.427  1.022
 35.022	 66.824	 41.636 -1.924
 37.126	 68.738	 44.154  0.054
 38.789	 65.416	 45.027  0.823
 39.491	 63.969	 41.555 -0.217
 41.022	 67.392	 40.925 -1.733
 43.166	 68.244	 43.960  0.087
 44.211	 64.600	 43.761  0.749
 45.992	 65.567	 40.551 -0.576
 48.068	 68.487	 41.784 -0.995
 49.528	 66.086	 44.335  0.098
 49.752	 63.058	 42.050 -0.044
 52.873	 64.636	 40.562 -1.161
 53.923	 67.278	 43.080 -0.631
 55.730	 64.000	 43.751  0.250
 59.417	 63.657	 42.947 -1.311
 59.754	 62.753	 39.279 -2.949
 62.779	 60.604	 40.215 -1.945
 60.537	 58.486	 42.407 -2.135
 59.942	 55.394	 40.293 -1.928
 62.782	 55.735	 37.846 -1.869
 65.785	 56.059	 40.122 -1.059
 64.352	 55.221	 43.559 -1.174
 67.616	 53.598	 44.712 -1.883
 49.202	 59.261	 47.569 -0.922
 50.650	 57.728	 44.387 -1.147
 49.397	 56.689	 40.947 -0.663
 47.956	 53.537	 42.536  0.121
 45.550	 55.247	 44.944  0.739
 44.874	 57.403	 41.890 -0.054
 43.140	 54.438	 40.256  0.795
 41.241	 53.474	 43.413  0.810
 39.435	 56.756	 42.796  0.675
 39.027	 55.571	 39.208  0.304
 37.153	 52.498	 40.406  0.967
 35.087	 54.680	 42.761  0.797
 35.072	 57.267	 39.976  0.181
 33.029	 55.140	 37.597  0.165
 30.798	 53.555	 40.246  0.921
 29.628	 57.105	 40.951  0.691
 29.827	 57.793	 37.221 -0.045
 27.562	 54.915	 36.188  0.150
 24.901	 55.305	 38.869  1.133
 24.358	 58.744	 37.361  0.265
 23.778	 57.751	 33.733 -1.002
 21.557	 54.911	 34.945  0.887
 19.171	 56.766	 37.279  0.958
 19.190	 60.225	 35.713  0.245
 17.028	 59.589	 32.610  1.146
 14.554	 58.278	 35.159  0.480
 14.623	 61.150	 37.639  0.598
 14.526	 63.600	 34.717 -0.531
 13.819	 53.639	 31.546 -0.210
 12.930	 52.178	 34.949  0.330
 14.710	 49.035	 33.746 -0.250
 17.937	 50.921	 32.981  0.333
 18.193	 51.823	 36.651  0.697
 18.130	 48.136	 37.585  0.855
 21.194	 47.758	 35.343  0.022
 23.597	 49.220	 37.937  1.142
 23.028	 45.989	 39.864  1.140
 25.512	 43.994	 37.829  0.275
 27.825	 46.875	 36.988  0.329
 29.645	 47.419	 40.296  1.233
 30.889	 43.858	 40.892  1.219
 31.774	 44.074	 37.186  0.241
 34.008	 47.154	 37.254  0.824
 35.643	 45.837	 40.428  1.212
 37.324	 43.065	 38.442  0.527
 39.453	 45.023	 35.954  0.050
 40.093	 47.990	 38.252  0.989
 40.437	 47.285	 41.999 -0.196
 42.066	 44.502	 44.051  0.400
 38.708	 42.704	 44.213  1.002
 39.833	 40.966	 40.989  1.006
 41.702	 38.264	 42.906 -1.002
 39.865	 38.890	 46.196  0.704
 36.709	 37.244	 44.839  0.922
 37.516	 35.729	 41.439 -0.937
 40.036	 33.340	 42.976 -0.705
 37.856	 32.750	 46.044  0.074
 35.901	 30.343	 43.834  0.275
 38.674	 27.741	 44.115 -1.094
 41.083	 29.664	 41.870 -0.648
 39.276	 31.001	 38.786 -1.853
 41.467	 30.895	 35.668 -1.901
 44.742	 32.868	 35.652 -1.471
 45.539	 30.985	 38.863 -1.441
 48.795	 30.100	 37.113 -4.337
 46.423	 27.879	 35.106  0.331
BRIEF 2R4S L 214              
 58.943	 69.678	 22.487       
 61.898	 70.889	 24.584       
 65.258	 71.266	 22.825       
 68.313	 70.581	 24.991       
 71.648	 71.620	 23.417       
 74.862	 70.109	 24.812       
 78.358	 71.598	 24.392       
 80.761	 70.260	 23.518       
 80.285	 67.605	 20.882       
 83.801	 66.384	 20.164       
 86.521	 66.618	 22.852       
 90.009	 65.212	 23.509       
 91.242	 65.106	 27.103       
 94.376	 63.345	 28.337       
 94.619	 61.084	 31.385       
 94.393	 62.771	 34.771       
 92.896	 66.121	 33.720       
 89.332	 67.184	 34.538       
 87.149	 67.148	 31.432       
 83.670	 68.679	 31.346       
 80.515	 68.773	 29.272       
 77.731	 71.319	 29.810       
 74.001	 70.771	 29.050       
 71.327	 73.512	 28.617       
 67.625	 72.899	 27.978       
 65.021	 75.174	 26.458       
 62.574	 75.307	 29.378       
 63.250	 74.967	 33.053       
 63.483	 71.392	 34.246       
 63.592	 71.410	 38.025       
 66.980	 69.691	 38.247       
 65.082	 66.846	 36.590       
 68.100	 66.002	 34.426       
 70.331	 62.886	 34.146       
 73.741	 61.958	 32.694       
 74.690	 58.612	 31.139       
 77.484	 57.077	 29.016       
 77.284	 55.092	 25.778       
 80.318	 52.978	 25.042       
 80.641	 51.332	 21.640       
 79.217	 47.816	 21.771       
 77.393	 48.215	 25.088       
 74.114	 49.392	 26.610       
 74.080	 52.825	 28.336       
 75.295	 52.955	 31.907       
 73.711	 55.877	 33.848       
 75.867	 57.933	 36.209       
 73.838	 60.817	 37.547       
 70.226	 61.918	 37.939       
 68.482	 64.760	 39.782       
 71.179	 66.923	 38.175       
 73.768	 65.707	 40.666       
 72.635	 62.611	 42.519       
 75.150	 59.968	 41.468       
 73.752	 56.533	 40.721       
 74.829	 53.666	 42.989       
 78.140	 52.232	 41.777       
 79.314	 55.130	 39.654       
 82.875	 56.150	 40.519       
 83.135	 59.175	 42.860       
 85.008	 61.213	 40.241       
 81.876	 62.154	 38.304       
 80.156	 65.413	 39.176       
 76.878	 66.811	 37.895       
 75.974	 70.366	 38.767       
 73.644	 72.820	 37.170       
 70.183	 74.164	 37.984       
 67.055	 75.548	 36.355       
 68.112	 75.720	 32.680       
 71.781	 74.707	 32.379       
 73.869	 71.960	 33.975       
 77.127	 70.115	 33.472       
 78.604	 66.642	 33.969       
 82.231	 66.742	 35.124       
 85.054	 64.481	 36.166       
 88.233	 65.522	 37.957       
 91.188	 63.254	 37.267       
 90.027	 61.592	 34.026       
 90.656	 57.827	 34.071       
 91.627	 55.817	 30.987       
 88.450	 53.802	 31.239       
 86.548	 57.068	 30.773       
 86.290	 57.064	 26.962       
 82.886	 57.171	 25.287       
 79.806	 59.315	 24.636       
 77.911	 60.890	 27.531       
 74.385	 62.264	 26.969       
 72.136	 64.408	 29.206       
 68.484	 63.455	 29.634       
 65.569	 65.519	 30.963       
 62.512	 63.921	 32.480       
 60.885	 67.057	 33.858       
 57.967	 66.769	 31.411       
 56.749	 64.781	 28.403       
 58.164	 63.920	 26.016       
 61.396	 62.957	 27.654       
 64.017	 64.531	 25.414       
 67.663	 63.533	 25.157       
 70.668	 65.735	 24.742       
 72.738	 64.959	 21.685       
 75.700	 63.709	 23.613       
 79.246	 64.954	 23.568       
 81.809	 62.257	 22.794       
 85.111	 62.263	 24.609       
 88.390	 60.708	 23.426       
 91.724	 60.485	 25.265       
 94.931	 61.934	 23.838       
 97.597	 59.240	 23.944       
101.141	 59.074	 22.591       
101.863	 58.771	 18.859       
102.141	 55.061	 18.066       
102.509	 53.514	 14.624       
100.491	 50.462	 13.608       
101.507	 46.810	 13.622       
100.230	 45.646	 10.234       
 99.630	 42.054	  9.039       
 98.093	 40.585	  5.877       
 96.542	 37.155	  5.386       
 95.875	 35.377	  2.088       
 92.578	 33.556	  1.489       
 92.078	 30.463	  3.665       
 91.940	 27.341	  1.522       
 88.540	 26.809	  3.158       
 86.910	 29.837	  1.524       
 88.820	 29.362	 -1.675       
 87.169	 25.979	 -2.104       
 83.802	 27.481	 -1.208       
 84.006	 29.869	 -4.145       
 85.932	 33.027	 -3.504       
 88.707	 34.708	 -1.614       
 88.978	 37.619	  0.770       
 92.282	 39.173	  1.723       
 92.515	 40.739	  5.128       
 95.155	 43.182	  6.320       
 95.106	 44.543	  9.858       
 96.514	 47.966	 10.549       
 96.642	 47.844	 14.335       
 97.113	 49.871	 17.486       
 97.974	 53.264	 16.112       
 97.523	 56.866	 17.351       
 96.648	 59.511	 15.891       
 93.307	 58.156	 14.756       
 93.981	 59.324	 11.205       
 95.521	 56.371	  9.345       
 95.668	 55.287	  5.669       
 95.832	 52.151	  3.431       
 96.279	 51.371	 -0.255       
 96.293	 47.934	 -1.849       
 98.951	 47.034	 -4.389       
 98.821	 44.089	 -6.729       
101.659	 42.981	 -8.993       
103.223	 46.384	 -8.627       
 99.924	 47.795	 -9.873       
 97.532	 49.292	 -7.357       
 93.821	 49.861	 -6.881       
 90.991	 50.549	 -4.470       
 88.062	 48.660	 -5.967       
 85.852	 46.552	 -3.713       
 87.747	 47.092	 -0.487       
 85.789	 46.814	  2.771       
 87.223	 49.116	  5.406       
 86.279	 49.664	  9.010       
 88.076	 51.347	 11.935       
 87.462	 50.898	 15.640       
 86.678	 53.420	 18.368       
 89.414	 54.092	 20.939       
 90.609	 50.802	 22.472       
 90.260	 50.324	 26.209       
 93.716	 49.447	 27.444       
 95.967	 50.710	 24.669       
 93.612	 53.640	 24.010       
 94.841	 53.435	 20.431       
 93.191	 53.053	 17.015       
 93.129	 49.907	 14.900       
 91.782	 49.494	 11.367       
 90.711	 46.574	  9.190       
 90.826	 46.683	  5.389       
 89.578	 43.788	  3.324       
 89.606	 43.534	 -0.440       
 86.987	 41.007	 -1.434       
 87.669	 38.999	 -4.539       
 86.815	 35.793	 -6.322       
 88.684	 32.541	 -6.509       
 89.245	 33.642	-10.062       
 89.774	 37.374	 -9.436       
 92.427	 36.390	 -6.917       
 93.993	 33.637	 -9.026       
 94.887	 36.141	-11.743       
 97.633	 37.891	 -9.748       
100.706	 36.883	 -7.800       
101.923	 39.807	 -5.684       
 99.711	 41.256	 -2.921       
100.780	 44.176	 -0.754       
 99.211	 46.257	  1.983       
100.841	 49.658	  2.520       
 99.812	 51.824	  5.455       
100.857	 55.467	  5.729       
100.505	 56.981	  9.205       
101.875	 60.245	 10.616       
104.002	 58.041	 12.860       
106.498	 57.793	  9.963       
106.938	 59.045	  6.404       
107.894	 55.626	  5.065       
104.720	 53.549	  4.452       
104.682	 50.465	  6.668       
104.352	 47.563	  4.258       
103.443	 43.883	  4.067       
103.230	 41.604	  1.022       
102.850	 37.993	 -0.108       
102.941	 35.938	 -3.308       
100.293	 33.450	 -4.397       
102.751	 30.797	 -5.554       
105.331	 29.575	 -3.041       
102.316	 30.010	 -0.790       
BRIEF 2R4S H 217              
 72.100	 40.366	 39.559       
 69.634	 42.937	 38.154       
 68.573	 42.858	 34.543       
 66.014	 43.301	 31.803       
 66.441	 40.544	 29.253       
 65.886	 41.374	 25.602       
 65.877	 39.551	 22.266       
 68.925	 41.279	 20.799       
 68.003	 40.324	 17.206       
 64.648	 40.777	 15.445       
 63.862	 40.474	 11.726       
 60.637	 41.758	 10.259       
 59.194	 42.237	  6.772       
 58.145	 45.776	  5.843       
 54.547	 46.489	  6.782       
 54.471	 43.687	  9.337       
 54.596	 43.960	 13.117       
 57.031	 42.886	 15.795       
 56.344	 42.704	 19.529       
 59.551	 43.146	 21.492       
 59.667	 41.904	 25.115       
 61.959	 42.612	 28.069       
 62.121	 40.158	 30.959       
 63.146	 42.122	 34.020       
 64.356	 39.968	 36.877       
 66.344	 41.368	 39.778       
 63.953	 43.800	 41.414       
 60.272	 44.333	 42.049       
 58.757	 44.952	 38.593       
 56.032	 47.207	 39.975       
 58.232	 49.796	 41.725       
 59.601	 51.436	 38.591       
 58.077	 52.408	 35.292       
 60.090	 51.224	 32.356       
 60.420	 53.307	 29.250       
 61.162	 52.110	 25.767       
 63.726	 54.336	 24.051       
 64.661	 53.962	 20.388       
 68.252	 54.595	 19.321       
 68.801	 54.317	 15.570       
 72.048	 53.193	 14.016       
 74.677	 55.896	 14.023       
 73.646	 57.917	 17.064       
 70.806	 59.676	 18.855       
 68.075	 58.726	 21.325       
 64.335	 59.115	 20.983       
 62.032	 58.120	 23.842       
 59.129	 55.961	 22.595       
 57.091	 56.107	 25.744       
 56.856	 55.036	 29.362       
 54.521	 52.544	 31.005       
 54.089	 52.086	 34.749       
 53.737	 48.302	 35.299       
 52.211	 48.839	 38.725       
 49.287	 51.039	 37.630       
 48.698	 50.966	 33.896       
 49.451	 54.554	 32.884       
 51.188	 54.468	 29.531       
 52.313	 57.888	 28.370       
 53.265	 57.597	 24.740       
 55.384	 60.108	 22.949       
 53.219	 61.781	 20.255       
 55.387	 60.510	 17.424       
 54.925	 56.853	 18.350       
 51.421	 57.527	 19.663       
 49.657	 55.267	 17.161       
 52.840	 53.399	 16.135       
 53.706	 51.625	 19.378       
 51.603	 50.323	 22.276       
 53.221	 49.460	 25.597       
 51.960	 46.737	 27.889       
 53.219	 45.012	 31.049       
 52.793	 41.556	 32.595       
 52.662	 41.671	 36.407       
 53.135	 37.908	 36.704       
 55.836	 37.145	 34.089       
 57.512	 40.334	 35.240       
 58.222	 41.169	 31.618       
 56.920	 44.076	 29.551       
 56.193	 44.495	 25.853       
 55.977	 46.988	 22.993       
 53.632	 46.581	 20.006       
 55.242	 48.038	 16.877       
 52.663	 48.085	 14.047       
 53.179	 48.590	 10.293       
 56.968	 48.526	 10.581       
 58.852	 50.458	  7.946       
 62.464	 50.714	  6.735       
 62.971	 53.683	  9.046       
 61.622	 51.760	 12.035       
 64.841	 49.747	 12.081       
 67.094	 50.615	 15.012       
 68.006	 49.482	 18.466       
 65.107	 49.489	 20.847       
 65.995	 49.858	 24.512       
 63.966	 48.915	 27.541       
 65.032	 50.925	 30.546       
 64.013	 51.067	 34.147       
 63.091	 54.729	 34.046       
 66.492	 55.748	 32.759       
 68.357	 54.131	 35.609       
 69.341	 50.666	 34.432       
 69.054	 50.060	 30.670       
 68.199	 46.752	 29.064       
 70.347	 44.658	 26.719       
 68.819	 45.935	 23.502       
 66.951	 44.452	 20.545       
 68.480	 44.996	 17.087       
 65.138	 45.153	 15.278       
 65.416	 45.357	 11.555       
 62.603	 45.740	  9.072       
 63.651	 44.282	  5.741       
 62.408	 42.363	  2.715       
 65.643	 40.408	  3.086       
 65.958	 36.752	  3.934       
 68.332	 35.697	  6.697       
 71.637	 33.999	  5.962       
 74.169	 32.985	  8.698       
 77.880	 34.045	  8.639       
 80.941	 32.168	  7.310       
 83.748	 32.173	  9.808       
 87.005	 31.758	  7.933       
 90.314	 31.784	  9.883       
 93.240	 34.048	  9.060       
 96.635	 32.611	 10.055       
100.136	 34.102	  9.439       
101.306	 33.930	  5.822       
104.913	 32.733	  5.363       
106.110	 31.494	  8.788       
107.321	 35.048	  9.410       
108.505	 34.742	 13.006       
108.795	 38.527	 13.145       
107.657	 39.307	 16.688       
107.542	 38.530	 20.396       
103.850	 38.197	 19.591       
101.496	 37.081	 16.778       
 98.226	 38.334	 15.398       
 95.747	 35.918	 13.893       
 92.087	 36.649	 13.267       
 88.798	 35.323	 11.977       
 86.763	 37.130	  9.385       
 83.061	 36.389	  9.622       
 81.776	 37.018	  6.120       
 78.295	 37.528	  4.764       
 75.393	 37.337	  7.197       
 72.186	 39.116	  8.189       
 70.611	 40.805	  9.848       
 72.748	 42.457	 12.496       
 74.248	 41.781	 15.022       
 76.799	 39.051	 15.718       
 78.568	 38.290	 18.979       
 82.206	 37.427	 18.329       
 84.350	 36.188	 21.169       
 87.694	 34.373	 21.241       
 88.612	 31.162	 23.073       
 85.005	 30.837	 24.260       
 85.296	 34.210	 25.957       
 88.529	 32.986	 27.527       
 90.902	 35.357	 25.706       
 90.491	 39.125	 26.094       
 93.643	 41.241	 26.412       
 94.541	 42.189	 22.843       
 91.551	 41.192	 20.726       
 89.904	 43.665	 18.377       
 86.651	 43.148	 16.470       
 85.564	 45.588	 13.803       
 82.032	 46.854	 13.117       
 80.126	 44.862	 10.563       
 80.335	 46.889	  7.386       
 77.652	 46.134	  4.913       
 78.647	 45.012	  1.371       
 76.233	 43.912	 -1.358       
 73.141	 43.581	  0.842       
 75.091	 41.386	  3.289       
 77.092	 42.100	  6.474       
 80.764	 41.224	  6.798       
 83.087	 41.672	  9.731       
 86.229	 40.355	 11.370       
 88.175	 40.053	 14.576       
 91.969	 40.023	 14.825       
 93.986	 38.874	 17.823       
 97.463	 39.257	 19.253       
 98.984	 36.707	 21.664       
102.524	 35.739	 22.505       
104.162	 33.993	 19.572       
105.311	 31.876	 22.512       
101.814	 30.482	 22.683       
 99.429	 30.050	 19.747       
100.716	 27.257	 17.494       
101.633	 25.611	 20.810       
 98.328	 26.050	 22.685       
 94.917	 25.919	 21.010       
 93.248	 29.165	 19.850       
 89.652	 29.210	 18.596       
 87.363	 32.052	 17.539       
 83.687	 31.959	 18.426       
 80.798	 33.504	 16.529       
 77.118	 33.994	 17.205       
 74.239	 34.928	 14.935       
 71.000	 35.111	 16.975       
 69.072	 36.509	 14.072       
 69.521	 32.911	 12.890       
 70.203	 31.278	 16.237       
 73.558	 30.159	 14.941       
 76.624	 29.726	 17.167       
 80.019	 28.786	 15.708       
 83.575	 27.876	 16.603       
 86.619	 27.913	 14.306       
 90.004	 26.663	 15.493       
 93.107	 28.168	 13.865       
 95.365	 25.439	 12.505       
 98.834	 27.022	 11.922       
 99.192	 27.054	  8.134       
 99.706	 24.892	  5.050       
103.287	 24.500	  6.298       
104.148	 25.633	  2.784       
103.153	 29.290	  2.920       
