BRIEF 2UZI R 166              
  6.015	 -2.468	 40.019  0.194
  3.686	  0.571	 40.099 -0.186
  3.062	  2.507	 36.916  0.273
  1.165	  5.816	 36.963  0.535
 -0.526	  7.053	 33.765  0.851
 -0.257	 10.826	 33.741 -0.079
 -1.624	 13.017	 30.928  0.804
 -0.708	 16.682	 30.419  0.505
 -3.408	 18.913	 28.932  0.662
 -3.862	 22.613	 28.226  0.921
 -3.882	 25.170	 25.394  0.700
 -1.362	 25.757	 22.606  0.703
  1.975	 27.025	 23.694  0.407
  1.511	 26.872	 27.463  0.897
  4.561	 24.619	 28.015  0.921
  3.170	 21.071	 28.249  0.928
  6.031	 19.628	 26.196  0.836
  8.676	 21.863	 27.735  0.537
  7.535	 20.646	 31.258  0.299
  7.636	 17.011	 30.327  0.661
 10.940	 17.236	 28.479  0.344
 12.464	 19.162	 31.390  0.815
 11.327	 16.337	 33.681  0.701
 12.567	 13.579	 31.341  0.403
 15.759	 14.951	 29.765  0.158
 16.647	 17.829	 32.111  0.256
 16.619	 20.106	 29.028 -0.196
 14.711	 23.310	 28.231  0.735
 13.055	 23.247	 24.772 -0.309
 13.346	 26.846	 23.707 -0.918
 11.838	 26.179	 20.291 -0.013
  8.159	 25.696	 19.475  0.300
  7.289	 22.395	 17.778  0.683
  3.444	 21.779	 18.135  0.519
  2.499	 18.364	 19.501  0.934
 -0.023	 15.937	 18.110  0.879
  0.787	 13.239	 20.710  0.889
  3.947	 12.036	 22.480  0.837
  4.709	  9.518	 25.190  0.838
  7.479	  9.523	 27.808  0.849
  8.475	  7.104	 30.604  0.579
 10.507	  7.767	 33.724  0.579
 11.383	  5.634	 36.736  0.159
 11.273	  7.897	 39.873  0.160
 11.180	  7.618	 43.721 -0.775
  8.148	  9.330	 45.245 -0.828
  7.569	  9.215	 49.047 -0.895
 10.103	  6.477	 49.327 -0.867
  8.608	  4.206	 46.656  0.065
 10.247	  3.606	 43.304 -0.603
  7.594	  3.858	 40.567 -0.322
  7.190	  4.363	 36.838  0.825
  5.684	  7.466	 35.263  0.705
  4.045	  6.938	 31.905  0.770
  3.335	 10.430	 30.615  0.764
  1.121	 11.488	 27.694  0.833
  1.938	 14.936	 26.246  0.931
 -1.124	 15.957	 24.301  0.934
 -2.134	 18.492	 21.638  0.933
 -3.052	 21.970	 22.682  0.921
 -4.308	 22.348	 19.096  0.888
 -8.129	 22.215	 18.693  0.908
 -7.782	 20.090	 15.531  0.766
 -6.644	 16.949	 17.398  0.763
 -9.332	 17.087	 20.149  0.724
-11.044	 13.884	 18.994  0.827
 -8.001	 12.105	 20.483  0.732
 -9.188	 13.291	 23.881  0.880
-11.802	 10.531	 24.337  0.570
 -9.052	  7.852	 24.347  0.765
 -6.447	  9.491	 26.584  0.920
 -8.939	 10.882	 29.059  0.810
-10.187	  7.280	 29.449  0.862
 -6.751	  5.700	 30.048  0.559
 -5.254	  8.581	 32.055  0.794
 -5.122	  8.126	 35.852  0.294
 -4.133	 11.742	 36.586  0.715
 -4.126	 15.024	 34.715  0.745
 -1.796	 18.069	 34.781  0.166
 -3.912	 20.928	 33.636 -0.082
 -1.451	 23.523	 32.408  0.757
 -1.869	 27.228	 31.637  0.572
  0.782	 29.967	 31.146  0.864
  0.803	 32.854	 33.637  0.328
  1.300	 35.382	 30.815  0.541
 -1.722	 33.988	 28.816  0.110
 -5.185	 34.742	 30.275 -0.936
 -7.022	 32.756	 27.561 -2.173
 -5.119	 29.527	 28.468  0.322
 -6.283	 30.137	 32.079  0.589
 -9.963	 30.286	 30.986 -2.130
 -9.505	 27.154	 28.848  0.301
 -8.790	 25.300	 32.111  0.308
-12.533	 24.892	 33.016 -1.024
-13.230	 23.273	 29.606 -0.815
-10.416	 20.754	 30.132  0.609
-11.720	 19.953	 33.633 -0.137
-15.321	 19.347	 32.455 -2.155
-14.257	 17.119	 29.549  0.572
-12.163	 14.996	 31.931  0.516
-15.131	 14.772	 34.354 -0.510
-17.393	 13.733	 31.447 -0.425
-15.006	 11.000	 30.242  0.331
-14.460	  9.475	 33.709  0.109
-18.085	 10.197	 34.681  0.530
-16.700	 11.329	 38.059 -0.483
-16.522	 14.757	 39.709 -2.167
-13.302	 13.878	 41.605 -0.261
-10.507	 12.821	 39.204  0.517
 -6.830	 13.240	 40.380 -0.381
 -5.668	 16.602	 39.038  0.046
 -3.135	 19.393	 39.707 -0.168
 -3.435	 22.926	 38.284  0.479
 -0.139	 24.116	 36.836  0.260
  0.738	 27.774	 36.237  0.888
  3.744	 27.584	 33.927  0.899
  6.340	 30.228	 32.700  0.928
  6.680	 31.797	 36.183 -2.091
 10.193	 32.936	 35.095  0.887
  8.537	 35.679	 33.076 -2.173
  8.141	 39.232	 34.414 -2.173
  4.974	 40.081	 32.437 -1.280
  2.341	 37.933	 34.104  0.369
 -1.371	 38.445	 33.536 -2.161
 -2.702	 35.765	 35.890  0.682
 -1.874	 36.380	 39.533 -1.785
 -0.968	 33.433	 41.775 -2.173
 -3.942	 34.235	 44.048 -2.068
 -6.364	 33.998	 41.136 -0.700
 -5.017	 30.520	 40.288  0.353
 -4.838	 29.484	 43.981 -2.156
 -8.569	 30.364	 44.175 -2.173
 -9.516	 28.398	 41.061 -0.488
 -7.591	 25.413	 42.430  0.702
 -9.166	 25.747	 45.889 -2.172
-12.620	 25.790	 44.212 -2.173
-11.716	 22.609	 42.276 -1.055
-10.306	 20.766	 45.336 -2.087
 -6.942	 20.303	 43.660 -0.048
 -3.336	 21.479	 44.192 -1.176
 -1.886	 24.534	 42.444  0.626
  1.830	 24.567	 41.478 -1.051
  3.606	 27.340	 39.617  0.908
  6.383	 26.124	 37.365  0.481
  9.104	 27.144	 34.979  0.935
 10.136	 24.663	 32.310  0.878
 13.013	 27.142	 31.729  0.612
 14.448	 27.221	 35.268 -0.964
 13.095	 23.733	 36.298 -0.582
 11.423	 25.407	 39.341 -2.173
  8.282	 23.467	 40.415  0.595
  8.682	 20.832	 37.647  0.741
  9.235	 17.753	 39.821 -0.614
  6.787	 19.193	 42.434 -2.173
  3.994	 19.419	 39.825  0.321
  4.426	 15.824	 38.482  0.887
  5.200	 14.205	 41.864 -2.173
  2.235	 15.902	 43.519 -2.173
  0.026	 14.397	 40.846  0.239
  1.345	 10.926	 41.673  0.367
  0.467	 11.579	 45.317 -2.173
 -3.023	 12.774	 44.206 -0.910
 -3.511	  9.491	 42.281  0.651
 -2.325	  7.508	 45.370 -0.369
 -4.757	  9.357	 47.673 -2.173
 -7.760	  8.861	 45.400  0.265
BRIEF 2UZI H 114              
 25.302	 24.482	 12.668       
 22.045	 22.646	 12.059       
 22.696	 19.776	  9.644       
 20.633	 16.887	  8.233       
 22.546	 14.368	  6.182       
 20.699	 11.692	  4.172       
 22.149	  8.405	  2.888       
 21.108	  4.953	  1.647       
 19.733	  6.051	 -1.727       
 20.600	  4.340	 -5.018       
 19.521	  1.996	 -7.806       
 16.935	 -0.673	 -6.946       
 14.781	 -3.177	 -8.842       
 10.987	 -2.890	 -8.786       
  9.592	 -4.872	 -5.767       
 12.939	 -4.180	 -4.097       
 13.614	 -2.575	 -0.755       
 15.951	  0.189	  0.447       
 16.492	  1.776	  3.828       
 17.226	  5.513	  4.077       
 19.060	  7.274	  6.935       
 19.019	 10.927	  7.986       
 21.764	 11.903	 10.487       
 21.081	 15.063	 12.547       
 23.584	 17.276	 14.189       
 23.945	 20.697	 15.705       
 20.578	 20.497	 17.457       
 18.830	 18.415	 20.047       
 17.345	 15.689	 17.844       
 14.884	 14.122	 20.368       
 13.165	 17.471	 20.779       
 11.852	 17.780	 17.154       
  9.255	 15.754	 15.250       
 10.646	 14.872	 11.758       
  9.456	 14.482	  8.159       
 10.450	 12.730	  4.953       
  9.539	 14.509	  1.755       
 10.340	 13.452	 -1.763       
 10.693	 15.100	 -5.144       
 10.425	 13.215	 -8.414       
 12.587	 14.562	-11.172       
 11.831	 17.266	-11.896       
  8.457	 17.596	-10.232       
  6.802	 18.981	 -7.106       
  7.527	 18.431	 -3.427       
  5.437	 15.512	 -1.955       
  5.109	 14.802	  1.759       
  5.965	 11.129	  2.611       
  5.890	 10.620	  6.336       
  5.795	 12.277	  9.755       
  7.216	 10.939	 13.067       
  6.716	 12.661	 16.419       
  9.477	 13.329	 19.055       
  8.957	 10.009	 20.805       
  7.639	  7.954	 17.806       
  4.201	  7.852	 19.440       
  2.564	  9.663	 16.515       
  3.359	  8.382	 12.963       
  1.649	  9.187	  9.634       
  2.113	  8.270	  5.998       
  1.067	  9.588	  2.607       
 -1.587	  7.209	  1.138       
  0.658	  6.226	 -1.743       
  3.370	  4.781	  0.530       
  1.224	  3.645	  3.505       
  1.915	 -0.106	  4.046       
  5.088	 -0.111	  2.066       
  7.221	  2.467	  3.931       
  8.017	  2.553	  7.667       
  9.372	  5.603	  9.371       
 11.352	  5.318	 12.601       
 14.021	  7.096	 14.556       
 16.757	  6.336	 17.053       
 17.000	  9.276	 19.422       
 20.175	  8.054	 21.078       
 21.944	  7.800	 17.699       
 20.358	 11.074	 16.416       
 19.174	  9.353	 13.246       
 15.947	  9.190	 11.302       
 15.065	  6.209	  9.070       
 12.792	  5.311	  6.227       
 12.385	  1.658	  5.335       
 11.040	  1.382	  1.790       
  9.607	 -1.940	  0.670       
  7.931	 -3.139	 -2.478       
  9.403	 -0.195	 -4.462       
  7.703	  1.070	 -7.607       
  8.750	  3.186	-10.637       
  6.630	  6.034	 -9.124       
  8.961	  5.966	 -6.025       
 11.889	  7.317	 -8.041       
 12.824	 10.626	 -6.378       
 15.215	 12.652	 -4.257       
 14.144	 11.985	 -0.640       
 14.701	 14.831	  1.812       
 14.463	 14.603	  5.549       
 13.040	 17.821	  7.131       
 12.954	 19.077	 10.732       
  9.891	 19.845	 12.802       
  6.295	 20.654	 12.015       
  7.390	 23.683	  9.938       
 10.096	 21.851	  7.910       
 12.469	 24.606	  9.000       
 15.735	 22.849	  7.874       
 16.017	 20.319	  5.025       
 18.836	 17.858	  4.294       
 20.536	 17.829	  0.855       
 18.547	 14.833	 -0.168       
 19.355	 11.375	 -1.413       
 18.462	  9.878	 -4.809       
 16.315	  6.757	 -5.092       
 16.120	  5.319	 -8.605       
 13.755	  2.413	 -9.129       
 14.694	  0.884	-12.525       
BRIEF 2UZI L 104              
 -6.602	 17.730	  1.844       
 -6.018	 19.432	 -1.607       
 -3.678	 22.483	 -2.102       
 -3.913	 24.395	 -5.382       
 -1.440	 27.144	 -6.332       
 -1.814	 29.503	 -9.268       
 -0.021	 30.040	-11.590       
  1.886	 26.814	-12.356       
  4.646	 29.045	-13.784       
  5.392	 32.732	-14.168       
  7.915	 34.455	-16.484       
  8.862	 37.763	-14.858       
 11.474	 40.539	-14.917       
 13.626	 41.832	-12.048       
 11.658	 44.667	-10.503       
  8.247	 43.040	-11.004       
  5.546	 42.480	 -8.346       
  4.257	 38.901	 -7.756       
  1.691	 37.470	 -6.379       
  1.407	 33.692	 -6.066       
 -1.765	 32.179	 -4.910       
 -2.628	 29.121	 -2.584       
 -6.127	 27.844	 -1.965       
 -6.976	 25.081	  0.619       
 -9.958	 22.738	 -0.015       
-10.793	 23.147	  3.711       
-10.177	 25.929	  6.203       
 -6.714	 25.666	  7.843       
 -6.856	 28.877	  9.951       
 -3.315	 30.349	  9.622       
 -1.461	 26.984	  9.339       
  0.027	 27.570	  5.898       
  3.758	 27.638	  5.089       
  5.747	 28.925	  2.147       
  8.866	 27.289	  0.754       
 11.390	 28.458	 -1.831       
 13.455	 26.107	 -3.887       
 16.283	 27.050	 -6.242       
 17.128	 24.336	 -8.696       
 19.780	 21.751	 -7.715       
 19.095	 22.591	 -4.074       
 17.002	 21.813	 -1.039       
 13.963	 23.907	 -0.127       
 14.092	 26.618	  2.470       
 11.227	 27.739	  4.690       
 10.269	 31.287	  3.744       
  7.130	 32.044	  5.730       
  5.256	 30.065	  8.353       
  1.827	 30.542	  9.961       
  0.802	 32.331	  6.766       
  2.442	 35.724	  7.305       
  5.412	 35.176	  9.606       
  8.796	 35.578	  7.897       
 11.423	 33.008	  8.866       
 14.584	 34.637	 10.193       
 16.921	 35.746	  7.369       
 14.197	 36.245	  4.764       
 14.122	 39.737	  3.041       
 11.146	 42.101	  3.699       
 10.227	 42.039	  0.038       
  8.569	 38.640	  0.783       
  5.225	 38.675	  2.537       
  2.423	 36.261	  3.061       
 -1.211	 36.767	  3.837       
 -4.494	 34.996	  4.386       
 -6.307	 32.415	  6.532       
 -9.088	 29.835	  6.219       
 -8.928	 28.723	  2.590       
 -7.197	 31.686	  0.728       
 -3.503	 32.594	  0.893       
 -1.089	 34.725	 -1.179       
  2.677	 34.955	 -1.448       
  3.804	 38.417	 -2.524       
  7.280	 39.486	 -3.736       
  7.155	 43.318	 -3.754       
 10.007	 43.732	 -6.236       
 11.631	 40.709	 -7.843       
 15.425	 40.328	 -7.534       
 17.635	 37.986	 -9.635       
 17.982	 35.618	 -6.667       
 14.176	 35.164	 -6.318       
 13.870	 33.242	 -9.566       
 12.921	 29.941	 -8.016       
  9.985	 27.577	 -7.467       
  7.721	 28.415	 -4.538       
  5.452	 25.963	 -2.678       
  2.705	 26.511	 -0.151       
  2.029	 23.722	  2.411       
 -0.432	 22.771	  5.196       
  0.762	 20.629	  8.146       
 -2.363	 20.815	 10.343       
 -4.431	 18.092	  8.654       
 -3.236	 14.662	  7.570       
 -1.893	 14.230	  4.888       
  0.503	 17.247	  5.145       
  0.154	 18.354	  1.517       
  2.301	 20.710	 -0.583       
  0.881	 22.841	 -3.373       
  2.105	 21.963	 -6.901       
  4.636	 24.782	 -6.972       
  4.955	 27.959	 -8.943       
  8.100	 28.398	-10.968       
  9.086	 32.072	-11.194       
 11.185	 32.069	-14.468       
