BRIEF 2VH5 R 166              
  6.967	 -1.116	 40.196  0.194
  3.663	  0.762	 40.281 -0.186
  2.910	  2.699	 37.079  0.273
  1.103	  6.050	 37.162  0.535
 -0.585	  7.180	 33.989  0.851
 -0.325	 10.991	 34.127 -0.079
 -1.722	 13.154	 31.329  0.804
 -0.660	 16.750	 30.632  0.505
 -3.385	 19.071	 29.242  0.662
 -3.910	 22.770	 28.349  0.921
 -4.169	 25.295	 25.456  0.700
 -1.512	 25.604	 22.673  0.703
  1.860	 26.896	 23.907  0.407
  1.281	 26.814	 27.694  0.897
  4.475	 24.728	 28.056  0.921
  3.073	 21.201	 28.492  0.928
  5.871	 19.620	 26.421  0.836
  8.529	 21.888	 27.968  0.537
  7.709	 20.797	 31.553  0.299
  7.419	 17.131	 30.666  0.661
 10.901	 17.191	 29.080  0.344
 12.404	 19.175	 31.987  0.815
 11.417	 16.230	 34.125  0.701
 12.654	 13.554	 31.721  0.403
 15.841	 15.194	 30.323  0.158
 16.687	 18.324	 32.388  0.256
 16.828	 20.215	 28.975 -0.196
 14.791	 23.421	 28.444  0.735
 13.129	 23.583	 25.000 -0.309
 13.189	 27.255	 24.037 -0.918
 12.222	 26.109	 20.528 -0.013
  8.436	 25.716	 19.714  0.300
  7.198	 22.516	 17.961  0.683
  3.410	 21.874	 18.354  0.519
  2.346	 18.457	 19.796  0.934
 -0.052	 15.848	 18.426  0.879
  0.716	 13.161	 21.089  0.889
  3.833	 12.025	 22.959  0.837
  4.619	  9.694	 25.852  0.838
  7.473	  9.742	 28.361  0.849
  8.342	  7.211	 31.055  0.579
 10.345	  7.971	 34.226  0.579
 11.325	  6.032	 37.331  0.159
 11.128	  8.068	 40.514  0.160
 11.131	  7.826	 44.335 -0.775
  8.087	  9.660	 45.757 -0.828
  7.329	  9.489	 49.533 -0.895
  9.919	  6.713	 49.853 -0.867
  8.266	  4.559	 47.180  0.065
 10.109	  3.798	 43.918 -0.603
  7.573	  3.998	 41.091 -0.322
  7.073	  4.537	 37.350  0.825
  5.680	  7.689	 35.722  0.705
  4.035	  7.016	 32.372  0.770
  3.509	 10.614	 31.248  0.764
  1.323	 11.538	 28.248  0.833
  1.996	 14.879	 26.565  0.931
 -1.139	 15.940	 24.677  0.934
 -2.033	 18.391	 21.897  0.933
 -3.107	 21.886	 22.875  0.921
 -4.371	 22.284	 19.292  0.888
 -8.133	 22.429	 19.046  0.908
 -7.903	 20.279	 15.892  0.766
 -6.687	 17.206	 17.793  0.763
 -9.531	 17.120	 20.337  0.724
-11.127	 13.925	 18.947  0.827
 -8.169	 12.202	 20.679  0.732
 -9.395	 13.186	 24.146  0.880
-11.969	 10.382	 24.622  0.570
 -9.069	  7.828	 24.566  0.765
 -6.378	  9.434	 26.725  0.920
 -8.916	 10.788	 29.270  0.810
-10.413	  7.298	 29.616  0.862
 -6.853	  5.935	 30.140  0.559
 -5.272	  8.576	 32.359  0.794
 -5.285	  8.177	 36.124  0.294
 -4.285	 11.805	 36.903  0.715
 -4.192	 15.162	 35.093  0.745
 -1.850	 18.179	 35.075  0.166
 -3.986	 21.081	 33.987 -0.082
 -1.533	 23.585	 32.640  0.757
 -2.086	 27.205	 31.746  0.572
  0.552	 29.941	 31.362  0.864
  0.579	 32.924	 33.726  0.328
  0.869	 35.490	 30.908  0.541
 -2.020	 34.145	 28.816  0.110
 -5.529	 34.679	 30.229 -0.936
 -7.101	 32.710	 27.390 -2.173
 -5.273	 29.550	 28.502  0.322
 -6.359	 30.316	 32.064  0.589
 -9.969	 30.646	 30.829 -2.130
 -9.650	 27.305	 28.922  0.301
 -8.727	 25.353	 32.124  0.308
-12.437	 25.028	 33.053 -1.024
-13.303	 23.364	 29.704 -0.815
-10.524	 20.808	 30.257  0.609
-11.747	 19.870	 33.780 -0.137
-15.357	 19.341	 32.594 -2.155
-14.433	 16.959	 29.749  0.572
-12.403	 14.956	 32.299  0.516
-15.260	 15.003	 34.834 -0.510
-17.591	 13.595	 32.196 -0.425
-15.362	 10.976	 30.545  0.331
-14.673	  9.564	 34.034  0.109
-18.265	 10.247	 35.201  0.530
-16.984	 11.581	 38.533 -0.483
-16.335	 15.018	 39.973 -2.167
-13.214	 14.191	 42.143 -0.261
-10.702	 13.099	 39.469  0.517
 -7.093	 13.491	 40.800 -0.381
 -5.849	 16.771	 39.355  0.046
 -3.231	 19.509	 39.848 -0.168
 -3.571	 23.040	 38.464  0.479
 -0.236	 24.279	 37.070  0.260
  0.584	 27.956	 36.379  0.888
  3.538	 27.838	 33.978  0.899
  6.057	 30.432	 32.735  0.928
  6.458	 32.088	 36.120 -2.091
  9.979	 33.081	 35.103  0.887
  8.507	 35.793	 32.843 -2.173
  8.080	 39.364	 34.135 -2.173
  4.761	 40.353	 32.590 -1.280
  1.998	 38.184	 33.997  0.369
 -1.656	 38.636	 33.099 -2.161
 -2.981	 36.085	 35.617  0.682
 -2.217	 36.757	 39.294 -1.785
 -1.326	 33.979	 41.753 -2.173
 -4.412	 34.397	 43.994 -2.068
 -6.578	 34.176	 40.848 -0.700
 -5.339	 30.604	 40.242  0.353
 -5.135	 29.772	 43.958 -2.156
 -8.838	 30.622	 44.299 -2.173
 -9.864	 28.526	 41.272 -0.488
 -7.985	 25.416	 42.400  0.702
 -9.433	 25.960	 45.889 -2.172
-12.941	 25.731	 44.376 -2.173
-11.968	 22.656	 42.309 -1.055
-10.615	 20.970	 45.469 -2.087
 -7.252	 20.463	 43.775 -0.048
 -3.705	 21.666	 44.599 -1.176
 -2.006	 24.602	 42.776  0.626
  1.716	 24.825	 41.839 -1.051
  3.411	 27.690	 39.928  0.908
  6.084	 26.431	 37.517  0.481
  8.861	 27.312	 35.084  0.935
 10.246	 24.771	 32.615  0.878
 13.015	 27.294	 32.013  0.612
 14.235	 27.542	 35.628 -0.964
 12.991	 23.954	 36.336 -0.582
 11.243	 25.271	 39.413 -2.173
  8.025	 23.619	 40.536  0.595
  8.327	 20.889	 37.902  0.741
  9.318	 17.931	 40.114 -0.614
  6.723	 19.297	 42.600 -2.173
  3.837	 19.403	 40.093  0.321
  4.386	 15.905	 38.740  0.887
  5.087	 14.409	 42.167 -2.173
  2.123	 16.149	 43.792 -2.173
 -0.103	 14.731	 41.062  0.239
  1.031	 11.236	 42.066  0.367
  0.367	 11.890	 45.751 -2.173
 -3.132	 13.041	 44.659 -0.910
 -3.600	  9.718	 42.755  0.651
 -2.476	  7.755	 45.860 -0.369
 -5.147	  9.572	 47.928 -2.173
 -8.029	  9.869	 45.407  0.265
BRIEF 2VH5 H 114              
 25.377	 24.662	 13.186       
 22.136	 22.724	 12.417       
 22.734	 19.752	 10.063       
 20.661	 16.956	  8.570       
 22.666	 14.427	  6.504       
 20.778	 11.799	  4.451       
 22.249	  8.623	  2.978       
 21.080	  5.254	  1.646       
 19.899	  6.535	 -1.725       
 20.767	  4.673	 -4.916       
 19.526	  2.591	 -7.844       
 16.932	 -0.183	 -7.122       
 14.738	 -2.643	 -9.072       
 10.913	 -2.415	 -9.019       
  9.799	 -4.558	 -6.046       
 13.073	 -4.164	 -4.122       
 13.615	 -2.190	 -0.932       
 15.868	  0.449	  0.636       
 16.625	  1.822	  4.039       
 17.124	  5.584	  4.232       
 18.953	  7.451	  7.014       
 19.459	 10.983	  8.309       
 22.057	 12.069	 10.859       
 21.101	 15.007	 13.096       
 23.595	 17.464	 14.559       
 23.988	 21.016	 15.832       
 20.641	 20.730	 17.672       
 18.853	 18.573	 20.288       
 17.198	 15.890	 18.201       
 14.763	 14.377	 20.727       
 13.074	 17.759	 21.172       
 11.900	 17.767	 17.476       
  9.336	 15.861	 15.381       
 10.818	 14.717	 12.043       
  9.445	 14.529	  8.525       
 10.427	 12.965	  5.265       
  9.497	 14.754	  2.054       
 10.287	 13.513	 -1.452       
 10.652	 15.235	 -4.820       
 10.355	 13.674	 -8.249       
 12.342	 15.353	-10.954       
 11.423	 18.012	-11.737       
  8.197	 18.035	 -9.718       
  6.832	 19.596	 -6.541       
  7.339	 18.672	 -2.898       
  5.374	 15.716	 -1.435       
  5.094	 15.072	  2.279       
  5.873	 11.366	  2.851       
  5.844	 10.627	  6.610       
  5.744	 12.116	 10.126       
  7.212	 10.920	 13.452       
  6.677	 12.561	 16.877       
  9.396	 13.235	 19.508       
  8.892	  9.948	 21.330       
  7.663	  7.973	 18.267       
  4.266	  7.736	 20.021       
  2.665	  9.228	 16.872       
  3.209	  8.097	 13.274       
  1.488	  9.195	 10.039       
  2.097	  8.297	  6.396       
  0.878	  9.627	  3.045       
 -1.684	  7.271	  1.442       
  0.744	  6.838	 -1.450       
  3.192	  5.088	  0.935       
  1.089	  3.638	  3.774       
  1.824	 -0.085	  4.206       
  5.070	 -0.023	  2.249       
  7.052	  2.573	  4.225       
  7.976	  2.615	  7.928       
  9.518	  5.697	  9.585       
 11.464	  5.290	 12.836       
 13.882	  7.308	 14.947       
 16.635	  6.283	 17.355       
 17.061	  9.193	 19.784       
 20.390	  8.207	 21.365       
 21.989	  7.957	 17.915       
 20.338	 11.223	 16.766       
 19.181	  9.434	 13.629       
 15.995	  9.213	 11.563       
 15.094	  6.251	  9.317       
 12.846	  5.305	  6.368       
 12.377	  1.670	  5.421       
 11.139	  1.517	  1.857       
  9.706	 -1.868	  0.833       
  7.846	 -3.003	 -2.312       
  9.272	 -0.029	 -4.240       
  7.643	  1.388	 -7.384       
  8.541	  3.725	-10.268       
  6.446	  6.549	 -8.781       
  8.743	  6.266	 -5.713       
 11.703	  7.647	 -7.753       
 12.545	 10.953	 -6.042       
 15.029	 13.021	 -4.055       
 14.159	 12.264	 -0.421       
 14.404	 15.104	  2.082       
 14.357	 15.117	  5.840       
 12.627	 18.231	  7.249       
 12.657	 19.292	 10.944       
  9.601	 19.945	 13.090       
  6.050	 20.730	 12.008       
  7.319	 23.939	 10.410       
  9.935	 22.059	  8.390       
 12.380	 24.750	  9.479       
 15.557	 22.892	  8.387       
 15.932	 20.476	  5.482       
 18.669	 18.006	  4.564       
 20.634	 18.043	  1.285       
 18.709	 15.030	 -0.036       
 19.375	 11.502	 -1.204       
 18.291	 10.328	 -4.690       
 16.324	  7.068	 -4.980       
 15.953	  5.776	 -8.531       
 13.645	  2.842	 -9.132       
 14.553	  1.235	-12.454       
BRIEF 2VH5 L 104              
 -6.454	 18.918	  2.276       
 -6.314	 20.509	 -1.235       
 -3.767	 23.312	 -1.944       
 -3.985	 25.299	 -5.157       
 -1.291	 27.908	 -5.808       
 -1.689	 30.490	 -8.570       
 -0.066	 30.839	-10.929       
  1.619	 27.468	-11.683       
  4.586	 29.472	-12.990       
  5.423	 33.117	-13.825       
  8.388	 34.861	-15.452       
  8.953	 38.376	-14.057       
 11.607	 41.152	-14.128       
 14.065	 42.357	-11.446       
 12.186	 44.969	 -9.388       
  8.702	 43.549	-10.109       
  5.907	 42.798	 -7.640       
  4.173	 39.430	 -7.258       
  1.821	 38.157	 -5.585       
  1.478	 34.360	 -5.303       
 -1.815	 33.048	 -3.852       
 -3.143	 29.699	 -2.497       
 -6.705	 28.326	 -1.827       
 -7.077	 25.793	  0.986       
 -9.956	 23.375	  0.314       
-10.839	 23.531	  4.053       
-10.148	 26.181	  6.714       
 -6.551	 25.960	  7.990       
 -6.616	 29.315	  9.882       
 -3.072	 30.689	  9.947       
 -1.405	 27.205	  9.941       
  0.270	 27.887	  6.594       
  3.962	 27.991	  5.635       
  5.809	 29.264	  2.544       
  8.942	 27.547	  1.168       
 11.533	 28.809	 -1.338       
 13.527	 26.379	 -3.511       
 16.246	 27.240	 -6.022       
 17.083	 24.595	 -8.643       
 19.637	 22.081	 -7.300       
 19.272	 22.949	 -3.587       
 16.880	 21.926	 -0.777       
 13.833	 23.955	  0.342       
 14.033	 26.790	  2.890       
 11.308	 27.941	  5.229       
 10.468	 31.597	  4.513       
  7.267	 32.318	  6.423       
  5.281	 30.283	  8.908       
  1.904	 30.784	 10.556       
  0.674	 32.838	  7.525       
  2.593	 36.107	  8.166       
  5.681	 35.369	 10.360       
  9.107	 35.652	  8.666       
 11.799	 33.077	  9.479       
 14.955	 34.680	 10.887       
 17.189	 35.660	  7.988       
 14.357	 36.327	  5.512       
 14.437	 39.962	  4.058       
 11.739	 42.699	  4.532       
 10.414	 42.431	  0.960       
  8.816	 39.023	  1.650       
  5.488	 39.148	  3.503       
  2.541	 36.841	  4.084       
 -1.125	 37.295	  4.910       
 -4.528	 35.648	  5.212       
 -6.344	 33.107	  7.352       
 -9.007	 30.433	  6.712       
 -8.896	 29.476	  3.029       
 -7.110	 32.396	  1.247       
 -3.415	 33.240	  1.652       
 -0.984	 35.564	 -0.102       
  2.788	 35.720	 -0.486       
  4.014	 39.105	 -1.709       
  7.423	 40.219	 -2.961       
  7.406	 44.030	 -3.241       
 10.434	 44.296	 -5.533       
 12.222	 41.252	 -7.039       
 15.970	 40.708	 -6.496       
 18.276	 38.602	 -8.759       
 18.151	 35.554	 -6.473       
 14.404	 35.560	 -5.694       
 14.030	 33.551	 -8.924       
 13.031	 30.239	 -7.386       
  9.969	 28.029	 -6.912       
  7.583	 28.850	 -4.005       
  5.578	 26.206	 -2.092       
  2.708	 26.863	  0.247       
  2.207	 24.248	  2.900       
 -0.423	 23.324	  5.402       
  0.889	 21.560	  8.495       
 -2.120	 21.456	 10.894       
 -3.806	 18.381	  9.444       
 -2.848	 14.943	  8.058       
 -1.605	 14.586	  5.252       
  0.576	 17.666	  5.409       
 -0.110	 18.812	  1.867       
  1.973	 21.111	 -0.342       
  0.989	 23.454	 -3.146       
  1.992	 22.468	 -6.692       
  4.560	 25.313	 -6.518       
  4.988	 28.583	 -8.396       
  8.121	 28.816	-10.474       
  9.464	 32.362	-10.695       
 11.558	 32.357	-13.918       
