BRIEF 2VIS C 267              
-19.816	 86.190	162.848  0.792
-20.066	 83.091	160.732  0.775
-20.130	 84.435	157.167  0.490
-21.469	 81.659	154.939 -1.026
-20.657	 78.167	153.710  0.651
-22.886	 75.361	152.433 -0.784
-20.625	 75.343	149.451 -0.486
-19.530	 71.759	149.792 -2.399
-16.893	 70.072	151.871  0.620
-18.470	 67.355	154.041  0.695
-16.944	 63.853	153.784 -1.526
-17.458	 63.289	157.500 -0.381
-15.896	 63.319	159.970  0.458
-12.346	 64.088	158.769  0.586
-10.672	 61.737	156.280 -0.721
-10.716	 64.138	153.278 -0.379
 -8.674	 63.003	150.274  0.424
 -9.715	 64.618	146.998  0.775
 -6.777	 64.580	144.591  0.715
 -9.019	 64.950	141.534 -2.835
 -6.496	 65.782	138.819 -0.320
 -3.317	 65.141	140.809  0.695
 -1.646	 67.609	143.146  0.633
  0.138	 66.258	146.170  0.719
  3.707	 66.467	144.758  0.089
  2.601	 64.570	141.559  0.775
  0.938	 61.902	143.613  0.617
  4.126	 61.879	145.800  0.439
  6.661	 61.367	142.981  0.719
  4.242	 59.021	141.329  0.715
  3.114	 60.626	138.133  0.775
  1.535	 57.731	136.198  0.731
 -1.992	 59.188	136.640  0.593
 -1.709	 59.429	140.426  0.695
 -0.831	 55.803	140.756  0.153
 -4.114	 55.618	142.626 -2.878
 -2.882	 57.755	145.512 -0.840
 -0.218	 55.213	146.458  0.361
  0.088	 54.667	150.184  0.229
 -3.055	 56.788	150.624 -0.861
 -3.679	 58.622	153.964 -1.323
 -5.666	 61.736	154.978  0.593
 -6.554	 64.361	157.606  0.775
 -7.106	 66.942	154.891  0.719
 -5.976	 66.683	151.252 -0.238
 -7.891	 69.043	148.933 -1.173
 -5.980	 69.932	145.664  0.764
 -8.390	 70.793	142.786  0.773
 -7.805	 73.052	139.764  0.172
 -8.036	 70.361	137.058 -0.698
 -4.649	 69.239	138.413  0.436
 -2.062	 68.701	135.702 -0.844
  1.224	 66.875	135.656  0.806
  1.895	 64.527	132.717 -0.076
  5.344	 62.951	133.117  0.695
  9.014	 64.074	132.752  0.705
  9.286	 67.885	133.053  0.731
 10.615	 68.723	136.520  0.705
 10.926	 71.559	138.961  0.136
 10.993	 71.509	142.741  0.413
 13.003	 74.346	144.377  0.459
 11.536	 74.697	147.898  0.127
  8.286	 73.348	146.513  0.063
  5.777	 75.053	148.838 -1.206
  7.887	 73.887	151.758  0.494
  8.394	 70.175	150.704  0.719
  4.692	 70.160	149.806  0.563
  3.759	 71.367	153.294  0.806
  6.041	 68.977	155.120 -0.721
  4.364	 66.030	153.334 -0.294
  0.852	 67.437	153.596  0.793
  1.135	 67.714	157.363  0.806
  2.531	 64.224	157.759  0.806
 -0.794	 63.122	156.221  0.715
  0.384	 59.714	154.978  0.463
  1.889	 58.841	151.603  0.719
  3.228	 55.462	152.855 -0.142
  6.226	 54.630	150.783  0.713
  8.709	 51.941	151.881 -2.690
 10.979	 50.361	149.251 -1.007
 14.630	 49.807	150.135  0.764
 17.336	 47.577	148.849 -2.942
 19.465	 50.146	147.072  0.713
 22.406	 48.457	145.301 -0.596
 23.443	 50.141	142.063  0.593
 26.283	 48.125	140.576 -0.608
 27.682	 49.529	137.335  0.715
 24.758	 51.471	135.869  0.792
 21.443	 50.721	134.109 -0.585
 18.497	 51.198	136.417  0.775
 14.787	 51.608	135.672 -0.831
 15.353	 54.270	132.952  0.715
 12.285	 55.941	131.501 -1.806
 10.694	 58.173	128.893  0.806
  8.045	 58.850	126.276 -2.914
  6.985	 62.026	127.985 -0.825
  5.859	 59.768	130.859  0.695
  4.538	 56.630	129.183 -0.168
  3.269	 53.653	131.193  0.354
  1.759	 50.424	129.881 -1.741
  3.074	 49.851	126.316 -1.311
  5.683	 52.631	126.285 -2.916
  8.392	 54.606	128.125 -2.947
  7.724	 55.417	131.765 -0.591
  8.727	 57.620	134.677  0.409
  7.794	 58.469	138.272  0.713
  6.992	 55.296	140.161  0.337
  8.874	 56.488	143.191  0.143
 12.118	 57.401	141.390  0.719
 14.827	 55.335	139.705  0.795
 16.627	 56.787	136.740  0.097
 20.145	 55.431	136.532  0.424
 22.039	 55.731	133.251 -1.071
 25.413	 54.406	132.009 -2.613
 26.046	 50.677	131.664  0.620
 27.494	 50.422	128.213 -2.829
 31.007	 51.845	128.082 -2.898
 30.806	 53.622	131.489 -1.860
 29.159	 55.343	134.460  0.392
 31.056	 54.478	137.655  0.457
 31.410	 56.713	140.640 -2.521
 28.313	 55.537	142.562  0.128
 28.544	 55.790	146.344  0.795
 25.816	 53.864	148.187  0.792
 25.037	 54.340	151.862  0.633
 21.810	 53.452	153.658  0.409
 21.554	 53.466	157.501 -0.363
 18.365	 54.433	159.348  0.795
 18.186	 51.859	162.101  0.284
 14.524	 52.449	162.749 -2.052
 12.669	 54.446	165.422 -2.111
 11.277	 57.058	163.040 -0.193
 12.486	 59.644	160.536  0.364
 12.927	 58.803	156.929  0.758
 12.009	 61.255	154.177  0.426
 14.139	 60.362	151.100  0.705
 13.264	 62.235	147.873  0.086
 15.716	 62.332	145.029  0.593
 16.636	 64.460	142.083  0.715
 19.272	 65.562	139.628 -0.109
 18.807	 65.473	135.843  0.594
 19.838	 68.475	133.705  0.784
 20.210	 67.420	130.103  0.455
 19.946	 70.207	127.572  0.478
 23.036	 69.269	125.608  0.465
 26.528	 68.010	126.037 -0.878
 25.466	 65.214	123.622 -2.899
 22.647	 64.091	125.904  0.321
 24.833	 64.492	128.974  0.775
 27.450	 62.151	127.512 -0.054
 25.081	 59.598	125.821 -2.941
 23.432	 59.005	129.176  0.127
 26.028	 59.694	131.831  0.705
 29.273	 59.428	129.846 -0.715
 30.929	 62.028	132.121 -0.678
 31.007	 65.515	130.543 -0.316
 29.326	 66.958	133.631 -0.014
 27.921	 65.038	136.551  0.414
 27.415	 65.753	140.239 -0.766
 25.101	 64.638	142.997 -0.345
 26.029	 64.645	146.698  0.294
 23.436	 63.440	149.194  0.615
 24.963	 63.533	152.680  0.651
 23.816	 62.439	156.141  0.799
 25.868	 62.886	159.332 -2.156
 24.714	 66.510	159.751 -0.105
 23.867	 67.730	156.206  0.170
 25.495	 67.840	152.727  0.775
 23.808	 68.777	149.404  0.566
 26.191	 68.825	146.417  0.799
 24.159	 69.950	143.347 -0.842
 25.855	 69.833	139.989  0.056
 23.735	 69.474	136.830  0.457
 23.419	 72.415	134.511  0.272
 23.257	 71.608	130.809 -1.030
 21.179	 73.917	128.634  0.715
 17.849	 74.097	126.828 -1.904
 14.693	 74.931	128.810  0.562
 11.245	 75.366	127.115  0.731
  9.568	 72.404	125.517 -1.448
  7.160	 70.453	127.705 -0.109
  5.711	 67.210	126.422  0.773
  8.363	 67.440	123.757 -0.476
 11.284	 67.961	126.132 -1.615
 13.680	 70.855	126.697  0.334
 15.361	 68.897	129.476  0.619
 14.410	 68.887	133.188  0.152
 14.841	 67.054	136.521  0.089
 15.033	 68.944	139.839  0.650
 13.436	 67.373	142.928  0.622
 15.388	 67.561	146.213  0.080
 14.744	 65.940	149.585  0.093
 16.458	 64.675	152.745  0.799
 15.020	 63.711	156.091 -0.591
 17.102	 61.174	157.965  0.792
 16.939	 61.070	161.726  0.758
 17.248	 57.708	163.555 -0.083
 20.771	 56.391	163.899  0.715
 21.801	 58.409	160.858  0.775
 23.103	 57.258	157.478 -2.052
 21.881	 58.521	154.102  0.425
 24.805	 58.633	151.723 -2.628
 24.429	 59.087	147.979  0.269
 27.574	 59.576	146.001 -0.427
 27.417	 60.810	142.453  0.806
 29.020	 60.193	139.097  0.280
 26.289	 61.632	136.929  0.715
 22.675	 62.740	136.584  0.795
 21.464	 61.085	139.777  0.424
 17.718	 60.365	139.797  0.267
 17.932	 57.965	142.722  0.793
 15.420	 57.241	145.515  0.731
 13.575	 53.878	145.502  0.773
 13.144	 53.963	149.293  0.715
 11.560	 56.233	151.902  0.705
  8.321	 57.818	153.123  0.407
  7.204	 56.985	156.644  0.292
  6.583	 60.258	158.475 -1.618
  4.072	 60.583	161.268 -0.922
  3.219	 63.825	163.118 -1.923
  1.824	 66.880	161.360  0.715
 -1.814	 66.651	162.338 -0.177
 -3.070	 66.610	158.766  0.651
 -3.190	 69.468	156.273  0.806
 -3.535	 70.336	152.515 -0.091
 -5.955	 72.819	150.935  0.415
 -6.735	 74.050	147.470 -0.742
-10.486	 74.210	146.728  0.652
-12.813	 73.357	143.808  0.570
-15.578	 72.802	146.363  0.078
-17.842	 69.804	145.866  0.184
-17.622	 67.114	148.527  0.621
-20.852	 66.036	150.082 -2.890
-21.867	 63.307	152.424 -0.775
-22.392	 65.111	155.660  0.695
-21.005	 65.661	159.096 -1.638
-19.162	 68.932	159.627  0.492
-16.177	 70.022	161.750  0.087
-14.841	 73.262	160.342  0.695
-13.776	 73.033	156.712  0.795
-12.798	 76.001	154.614  0.799
-11.767	 76.402	150.971  0.731
-15.276	 77.735	150.506  0.795
-16.855	 74.766	152.166  0.715
-18.181	 73.831	155.538  0.652
-19.162	 76.513	158.048  0.795
-20.561	 75.813	161.516 -0.658
-18.276	 76.176	164.551  0.795
-21.177	 77.468	166.665 -0.268
-20.136	 81.170	166.536  0.758
-16.781	 82.317	167.985  0.731
-15.582	 84.362	164.980  0.713
-15.785	 83.504	161.320  0.570
-14.911	 85.847	158.519  0.795
-15.361	 83.360	155.677  0.436
-11.775	 82.537	155.004  0.795
 -8.349	 82.636	156.620 -0.607
 -7.780	 78.974	155.693  0.610
 -9.825	 76.339	157.608  0.799
 -9.507	 72.761	158.899  0.705
-10.713	 71.456	162.252  0.715
-12.248	 73.117	165.330  0.425
-13.053	 76.467	163.680  0.695
-14.303	 79.959	164.549  0.731
-11.487	 82.549	164.727  0.067
-10.929	 84.490	161.499  0.705
-11.836	 88.144	161.175 -0.703
BRIEF 2VIS A 210              
 35.810	 45.425	114.085       
 35.155	 46.387	110.423       
 33.179	 44.293	107.938       
 29.546	 45.020	107.119       
 28.786	 44.068	103.497       
 25.481	 43.568	101.682       
 23.806	 42.061	-98.595       
 23.911	 38.276	-98.511       
 20.433	 37.987	-97.211       
 18.004	 40.280	-95.477       
 15.037	 39.145	-93.480       
 12.003	 41.319	-93.213       
  8.446	 40.730	-92.127       
  5.280	 41.855	-93.931       
  4.811	 45.594	-93.803       
  8.301	 46.561	-92.750       
 10.267	 48.704	-95.206       
 13.423	 47.020	-96.430       
 16.213	 48.599	-98.484       
 18.656	 46.453	100.403       
 21.930	 48.293	101.183       
 24.541	 48.052	103.999       
 28.183	 49.086	103.489       
 31.063	 49.591	105.952       
 34.686	 48.710	105.165       
 35.804	 51.296	107.635       
 33.912	 54.039	105.787       
 30.497	 55.679	105.439       
 27.614	 54.510	107.582       
 26.655	 57.363	109.871       
 23.878	 57.691	112.447       
 26.611	 56.730	114.937       
 26.225	 53.188	113.634       
 22.574	 52.636	114.608       
 22.062	 50.399	111.555       
 19.793	 47.606	112.727       
 17.805	 45.625	110.217       
 16.849	 42.137	111.417       
 14.545	 39.989	109.343       
 15.177	 36.226	109.364       
 12.082	 34.207	108.331       
 11.917	 30.441	107.601       
 13.679	 28.088	110.010       
 15.629	 30.931	111.636       
 13.089	 32.830	113.698       
 14.552	 36.340	113.697       
 12.501	 39.576	114.020       
 13.552	 43.173	114.522       
 12.478	 45.523	111.714       
 14.225	 48.876	112.049       
 16.405	 50.268	114.798       
 18.771	 53.202	114.978       
 18.735	 53.568	111.183       
 15.125	 54.455	110.582       
 13.000	 53.758	113.638       
 10.351	 51.352	112.500       
  9.701	 48.648	115.027       
  6.007	 48.194	116.053       
  4.881	 45.105	114.212       
  6.734	 46.154	111.085       
  4.323	 47.217	108.289       
  4.454	 50.817	107.102       
  6.111	 49.676	103.884       
  9.546	 49.145	105.451       
 11.729	 52.212	105.694       
 15.171	 52.762	107.173       
 17.513	 55.461	105.822       
 20.991	 56.516	104.810       
 21.377	 56.734	101.012       
 24.790	 58.151	100.491       
 27.549	 56.416	102.474       
 25.649	 53.229	103.159       
 22.531	 52.428	105.140       
 19.430	 51.118	103.451       
 16.058	 49.516	103.903       
 13.348	 49.924	101.303       
 10.384	 47.645	100.924       
  7.828	 49.664	-98.916       
  5.407	 47.255	-97.318       
  7.060	 43.993	-98.267       
  4.585	 41.154	-98.837       
  5.330	 37.382	-98.624       
  5.368	 37.453	102.371       
  8.519	 39.576	102.324       
 10.680	 36.811	101.018       
 13.314	 36.389	103.792       
 17.032	 36.863	104.606       
 17.393	 40.562	105.627       
 20.299	 41.026	108.003       
 22.058	 44.372	108.517       
 23.951	 45.035	111.810       
 26.261	 48.015	112.466       
 27.420	 49.318	115.825       
 31.115	 50.142	116.280       
 31.873	 51.141	119.899       
 30.138	 48.618	122.103       
 30.698	 45.975	119.433       
 28.103	 44.841	116.911       
 29.040	 43.772	113.376       
 26.471	 41.965	111.230       
 26.353	 41.857	107.471       
 26.282	 38.732	105.347       
 22.526	 39.011	104.937       
 20.525	 39.425	101.728       
 18.239	 36.751	100.374       
 15.119	 38.366	-98.998       
 13.175	 36.345	-96.469       
  9.691	 37.663	-95.599       
  8.811	 35.968	-92.259       
  5.406	 34.482	-92.954       
  5.279	 31.729	-90.371       
  6.489	 30.754	-86.859       
 10.191	 29.931	-86.263       
 10.801	 26.207	-86.482       
 13.793	 24.395	-85.003       
 15.663	 21.836	-87.144       
 15.471	 18.106	-86.328       
 19.121	 17.033	-86.638       
 20.191	 13.464	-87.407       
 23.716	 12.136	-87.711       
 24.029	  8.819	-89.517       
 27.122	  6.582	-89.147       
 28.722	  4.775	-92.113       
 27.037	  1.543	-93.239       
 28.922	 -1.718	-92.907       
 28.325	 -2.121	-96.601       
 29.863	  1.192	-97.565       
 32.765	  0.471	-95.210       
 33.596	 -2.927	-96.789       
 34.593	 -1.012	-99.917       
 36.900	  1.054	-97.737       
 35.077	  4.355	-97.627       
 33.016	  6.083	-94.939       
 30.402	  8.810	-95.452       
 28.720	 10.478	-92.503       
 25.185	 11.692	-93.357       
 23.667	 14.480	-91.294       
 20.084	 15.295	-92.181       
 18.794	 18.674	-90.974       
 15.036	 19.091	-91.475       
 11.902	 21.068	-90.811       
 13.619	 24.329	-89.986       
 12.272	 27.862	-90.412       
 13.270	 30.364	-91.496       
 15.291	 28.604	-94.170       
 18.843	 29.294	-93.020       
 21.320	 27.070	-91.202       
 25.095	 26.710	-90.970       
 26.537	 23.231	-90.684       
 29.843	 22.562	-88.982       
 31.608	 19.227	-88.505       
 33.790	 18.157	-85.573       
 35.935	 15.081	-85.066       
 37.048	 14.183	-81.506       
 36.169	 17.710	-80.481       
 38.578	 19.141	-83.050       
 37.061	 21.038	-86.074       
 36.753	 19.492	-89.537       
 37.707	 21.379	-92.696       
 37.726	 18.682	-95.381       
 35.335	 16.156	-96.832       
 32.251	 18.068	-95.820       
 29.649	 19.176	-98.319       
 26.355	 20.804	-97.397       
 23.385	 21.042	-99.701       
 21.751	 24.477	-99.865       
 18.401	 24.455	-98.039       
 15.319	 23.429	-99.968       
 11.749	 24.414	-99.347       
  9.463	 21.634	-98.122       
  5.774	 21.014	-98.865       
  4.848	 22.387	-95.435       
  7.034	 25.324	-96.420       
  9.500	 24.731	-93.604       
 13.010	 23.653	-94.828       
 15.266	 20.623	-95.210       
 19.009	 20.445	-95.867       
 21.850	 17.970	-95.543       
 25.583	 17.626	-95.004       
 28.060	 14.828	-95.708       
 31.456	 14.056	-94.263       
 33.501	 11.724	-96.473       
 36.594	  9.989	-95.179       
 38.314	  6.673	-95.917       
 37.509	  3.736	-93.598       
 41.060	  4.051	-92.373       
 40.478	  7.699	-91.354       
 37.071	  6.793	-90.001       
 38.721	  4.263	-87.688       
 41.341	  6.872	-86.644       
 38.935	  8.776	-84.367       
 36.270	  8.067	-81.803       
 33.531	 10.717	-81.816       
 31.987	 12.571	-84.758       
 29.617	 15.548	-84.616       
 27.457	 17.622	-86.875       
 26.689	 21.065	-85.469       
 23.689	 22.764	-86.935       
 23.557	 26.512	-86.195       
 20.126	 28.182	-86.692       
 18.847	 31.395	-85.148       
 21.657	 31.884	-82.703       
 21.438	 28.494	-81.169       
 23.367	 25.448	-82.291       
 21.865	 21.999	-82.195       
 24.391	 19.232	-82.632       
 24.196	 15.450	-82.939       
 27.220	 13.153	-82.486       
 28.439	  9.526	-82.351       
 31.343	  7.077	-81.857       
BRIEF 2VIS B 221              
  5.398	 40.587	127.088       
  9.081	 40.252	126.440       
 10.255	 36.685	125.904       
 13.617	 34.950	125.696       
 14.329	 31.187	125.667       
 17.657	 29.373	125.209       
 18.159	 25.969	126.768       
 21.482	 24.296	126.101       
 23.132	 20.864	125.502       
 22.300	 20.153	121.853       
 25.415	 17.997	121.389       
 28.897	 18.420	122.899       
 32.208	 16.898	121.986       
 35.149	 19.008	120.799       
 37.158	 19.917	123.904       
 34.437	 20.143	126.555       
 32.599	 23.286	127.629       
 29.492	 24.738	126.054       
 26.943	 26.338	128.405       
 23.716	 27.912	127.050       
 21.058	 29.646	129.121       
 18.807	 32.481	128.058       
 15.802	 32.714	130.402       
 14.247	 36.142	129.999       
 10.727	 37.053	130.933       
  8.784	 40.278	131.061       
 11.607	 42.755	131.728       
 14.446	 42.844	134.232       
 18.107	 42.219	133.660       
 18.960	 45.423	135.571       
 16.821	 47.297	133.088       
 18.259	 45.794	129.913       
 21.238	 43.978	128.580       
 21.092	 40.693	126.729       
 23.149	 39.892	123.614       
 24.409	 36.601	122.213       
 24.273	 35.956	118.439       
 25.200	 32.638	116.743       
 24.363	 31.399	113.232       
 26.597	 28.538	111.981       
 24.932	 26.381	109.314       
 24.811	 28.166	105.987       
 26.617	 31.268	107.192       
 25.742	 34.746	108.421       
 25.057	 35.801	112.005       
 27.970	 36.307	114.397       
 27.855	 38.530	117.493       
 29.388	 36.715	120.484       
 29.282	 39.324	123.172       
 27.041	 41.218	125.505       
 26.306	 41.625	129.214       
 25.011	 45.087	130.091       
 22.439	 45.803	132.602       
 25.257	 47.040	134.874       
 26.795	 43.608	134.684       
 29.764	 44.709	132.693       
 30.208	 42.814	129.428       
 31.543	 43.469	125.916       
 32.740	 40.539	123.865       
 33.485	 39.870	120.238       
 37.209	 40.563	119.825       
 37.814	 37.281	118.030       
 36.007	 34.746	120.197       
 36.651	 36.766	123.359       
 39.460	 34.506	124.559       
 37.025	 31.628	124.927       
 33.661	 33.220	125.609       
 32.229	 34.357	128.888       
 28.826	 35.911	129.510       
 27.385	 36.249	133.002       
 23.919	 36.376	134.499       
 21.958	 35.873	137.704       
 19.715	 38.912	137.962       
 17.619	 37.145	140.638       
 16.806	 34.128	138.469       
 16.487	 36.030	135.142       
 19.151	 34.038	133.470       
 21.921	 35.077	131.199       
 24.763	 32.553	130.829       
 26.945	 31.966	127.744       
 29.928	 29.809	128.623       
 32.353	 28.638	125.926       
 35.486	 26.547	126.456       
 37.928	 24.714	124.137       
 35.048	 23.933	121.797       
 35.855	 22.994	118.241       
 33.627	 21.714	115.438       
 33.265	 25.140	113.794       
 31.144	 26.016	116.832       
 28.265	 23.998	115.522       
 25.678	 26.760	114.981       
 22.290	 28.019	116.197       
 22.725	 29.992	119.411       
 20.538	 33.047	120.053       
 20.089	 35.572	122.830       
 18.450	 38.832	121.967       
 17.424	 41.793	124.135       
 19.431	 44.985	124.121       
 17.270	 48.054	123.815       
 18.190	 51.726	124.191       
 15.892	 54.634	123.587       
 16.335	 57.462	126.069       
 14.709	 60.151	123.920       
 16.500	 59.577	120.584       
 19.543	 57.797	121.993       
 20.083	 54.686	119.823       
 20.873	 51.002	120.493       
 18.856	 48.125	119.080       
 18.308	 44.401	119.345       
 14.590	 44.110	119.767       
 13.661	 40.742	121.257       
 15.243	 37.767	119.703       
 15.077	 34.381	121.427       
 13.967	 31.181	119.674       
 17.457	 29.797	119.511       
 18.985	 26.459	120.424       
 21.074	 24.278	118.079       
 24.460	 23.074	119.236       
 26.476	 20.460	117.401       
 30.143	 19.944	118.361       
 30.963	 16.382	117.302       
 33.097	 13.576	118.596       
 30.940	 10.951	116.884       
 29.222	  7.963	118.468       
 25.706	  7.104	117.359       
 26.326	  5.144	114.153       
 23.703	  3.675	111.771       
 23.750	  4.663	108.067       
 25.159	  2.339	105.393       
 22.623	  2.404	102.534       
 23.672	  1.975	-98.846       
 20.985	  1.753	-96.105       
 21.108	  4.082	-93.080       
 20.019	  2.884	-89.619       
 20.371	  4.756	-86.266       
 23.090	  2.672	-84.634       
 23.122	  4.636	-81.377       
 19.775	  3.706	-79.733       
 19.354	  6.593	-77.276       
 15.672	  5.546	-76.989       
 14.752	  9.258	-76.860       
 11.266	  9.275	-78.356       
  8.732	  7.263	-80.367       
 10.035	  8.514	-83.740       
 12.908	  6.432	-85.118       
 14.389	  7.859	-88.314       
 15.843	  5.730	-91.099       
 17.817	  6.874	-94.110       
 19.163	  5.674	-97.443       
 22.298	  6.884	-99.212       
 22.226	  6.993	102.999       
 25.887	  7.235	103.885       
 27.562	  7.983	107.144       
 25.130	  7.840	110.044       
 24.920	  9.932	113.192       
 23.048	 11.667	114.666       
 20.087	 13.006	112.681       
 17.458	 12.260	111.485       
 16.960	  9.274	109.200       
 13.625	  8.327	107.544       
 13.786	  7.377	103.876       
 10.676	  5.827	102.404       
 10.151	  3.948	-99.181       
  8.109	  0.802	-99.084       
  7.138	  1.404	102.654       
  4.996	  4.336	101.538       
  3.435	  2.833	-98.404       
  5.478	  5.241	-96.286       
  4.792	  8.843	-97.206       
  4.650	 10.593	-93.851       
  7.913	 12.497	-93.630       
  9.908	 10.953	-96.440       
 12.345	 13.908	-96.753       
 14.492	 13.367	-99.875       
 17.236	 15.965	100.113       
 18.820	 17.415	103.269       
 21.766	 15.754	104.936       
 25.324	 17.020	104.499       
 28.431	 16.590	106.644       
 31.097	 14.604	104.773       
 33.827	 13.549	107.189       
 31.968	 13.603	110.451       
 28.768	 11.815	109.731       
 25.612	 12.793	107.885       
 25.154	 11.518	104.340       
 21.857	 12.042	102.547       
 19.914	 10.731	-99.548       
 16.377	 10.365	-98.211       
 15.001	  9.634	-94.750       
 11.639	  8.422	-93.543       
 10.662	  8.669	-89.874       
  8.596	  6.001	-88.223       
  7.431	  4.960	-84.700       
  9.625	  2.670	-82.564       
  6.613	  0.385	-82.617       
  7.150	 -0.140	-86.361       
 10.893	 -0.769	-86.582       
 12.504	 -3.256	-86.446       
  9.002	 -4.776	-86.010       
  8.037	 -4.179	-89.635       
 10.305	 -3.820	-92.632       
 10.946	 -0.355	-93.991       
 12.468	 -0.669	-97.449       
 14.283	  1.869	-99.545       
 13.645	  1.861	103.320       
 15.904	  3.693	105.775       
 14.980	  3.826	109.492       
 17.492	  5.510	111.781       
 15.897	  5.808	115.281       
 19.052	  6.938	117.088       
 20.645	  3.531	116.402       
 17.478	  1.426	116.185       
 18.544	  0.144	112.775       
 16.181	 -0.087	109.788       
 17.703	 -1.162	106.472       
 15.613	 -1.811	103.366       
 17.540	 -2.080	100.105       
 15.839	 -3.121	-96.834       
 17.150	 -1.115	-93.916       
 18.169	 -3.429	-91.056       
 18.927	 -2.370	-87.462       
