BRIEF 2VIT C 267              
-19.889	 86.170	162.840  0.788
-20.086	 83.053	160.728  0.772
-20.175	 84.334	157.155  0.202
-21.531	 81.597	154.894 -1.067
-20.666	 78.128	153.646  0.656
-22.871	 75.290	152.429 -0.845
-20.548	 75.262	149.482 -0.700
-19.577	 71.635	149.846 -2.617
-16.869	 69.959	151.865  0.627
-18.443	 67.241	154.023  0.696
-16.911	 63.754	153.719 -1.107
-17.418	 63.194	157.457 -0.462
-15.871	 63.119	159.930  0.480
-12.306	 63.977	158.878  0.593
-10.732	 61.631	156.338 -0.792
-10.896	 63.943	153.248 -0.656
 -8.779	 62.892	150.235  0.719
 -9.726	 64.424	146.924  0.771
 -6.716	 64.368	144.640  0.715
 -8.999	 64.916	141.636 -2.751
 -6.487	 65.719	138.886 -0.250
 -3.307	 64.945	140.807  0.696
 -1.673	 67.429	143.074  0.640
  0.020	 66.085	146.151  0.719
  3.636	 66.308	144.814 -0.037
  2.611	 64.441	141.595  0.771
  0.934	 61.725	143.635  0.624
  4.085	 61.678	145.841  0.460
  6.717	 61.263	143.093  0.442
  4.259	 59.014	141.422  0.715
  3.013	 60.492	138.198  0.771
  1.517	 57.516	136.311  0.730
 -1.976	 59.022	136.672  0.422
 -1.736	 59.240	140.459  0.696
 -0.824	 55.621	140.837  0.190
 -4.152	 55.407	142.637 -2.893
 -3.004	 57.594	145.523 -0.736
 -0.260	 55.144	146.471  0.385
  0.024	 54.549	150.205  0.082
 -3.103	 56.659	150.691 -0.753
 -3.738	 58.551	153.994 -1.410
 -5.740	 61.616	155.075  0.597
 -6.560	 64.372	157.563  0.771
 -7.206	 66.863	154.856  0.719
 -6.037	 66.571	151.266 -0.189
 -7.936	 68.905	148.913 -1.018
 -6.121	 69.778	145.628  0.761
 -8.479	 70.697	142.747  0.770
 -7.822	 72.953	139.755  0.210
 -7.929	 70.261	137.036 -1.014
 -4.567	 68.956	138.353  0.455
 -1.957	 68.613	135.664 -0.155
  1.295	 66.703	135.722  0.801
  1.928	 64.385	132.790 -0.509
  5.385	 62.838	133.129  0.696
  9.062	 63.926	132.883  0.705
  9.331	 67.773	133.056  0.730
 10.583	 68.608	136.543  0.705
 10.863	 71.529	138.892  0.169
 10.932	 71.441	142.669  0.434
 12.904	 74.269	144.353  0.474
 11.531	 74.565	147.885 -0.035
  8.261	 73.152	146.545  0.101
  5.738	 74.849	148.815 -0.882
  7.906	 73.780	151.734  0.510
  8.344	 70.102	150.662  0.719
  4.655	 70.162	149.776  0.374
  3.728	 71.294	153.319  0.801
  5.987	 68.847	155.143 -0.605
  4.280	 65.950	153.327 -0.228
  0.776	 67.413	153.623  0.788
  1.138	 67.599	157.424  0.801
  2.393	 64.041	157.867  0.801
 -0.854	 62.986	156.215  0.715
  0.341	 59.576	155.052  0.480
  1.787	 58.731	151.634  0.719
  3.175	 55.382	152.847 -0.088
  6.183	 54.500	150.764  0.713
  8.660	 51.828	151.895 -2.369
 10.896	 50.256	149.254 -0.892
 14.507	 49.583	150.238  0.761
 17.334	 47.499	148.931 -2.875
 19.461	 50.036	147.119  0.713
 22.438	 48.438	145.373 -0.825
 23.506	 50.155	142.166  0.597
 26.324	 48.084	140.665 -0.491
 27.788	 49.311	137.408  0.715
 24.858	 51.315	136.049  0.788
 21.639	 50.424	134.191 -0.180
 18.591	 51.013	136.309  0.772
 14.882	 51.506	135.609 -0.895
 15.364	 54.318	133.075  0.715
 12.268	 55.887	131.540 -2.622
 10.766	 58.025	128.796  0.801
  8.042	 58.699	126.254 -2.796
  7.044	 61.872	128.026 -0.727
  5.807	 59.636	130.842  0.380
  4.451	 56.528	129.152 -0.335
  3.289	 53.527	131.160  0.377
  1.744	 50.277	129.944 -1.907
  3.049	 49.833	126.349 -0.900
  5.701	 52.563	126.307 -2.856
  8.424	 54.489	128.151 -2.902
  7.621	 55.278	131.762 -0.665
  8.743	 57.463	134.662  0.427
  7.844	 58.310	138.271  0.713
  7.005	 55.142	140.199  0.510
  8.803	 56.334	143.270  0.180
 12.029	 57.206	141.445  0.719
 14.784	 55.171	139.754  0.790
 16.595	 56.727	136.774  0.127
 20.129	 55.382	136.591  0.442
 22.153	 55.722	133.445 -1.149
 25.442	 54.244	132.109 -2.754
 26.028	 50.556	131.741  0.290
 27.507	 50.227	128.290 -2.801
 30.960	 51.770	128.159 -2.762
 30.744	 53.455	131.566 -1.600
 29.127	 55.131	134.561  0.410
 31.136	 54.262	137.717  0.215
 31.486	 56.613	140.641 -2.692
 28.374	 55.496	142.558  0.163
 28.513	 55.682	146.314  0.630
 25.827	 53.809	148.240  0.788
 25.017	 54.232	151.915  0.640
 21.833	 53.258	153.698  0.429
 21.493	 53.411	157.523 -0.299
 18.279	 54.406	159.300  0.791
 18.182	 51.863	162.080  0.313
 14.481	 52.338	162.720 -1.736
 12.649	 54.367	165.397 -2.172
 11.115	 56.942	163.069 -0.140
 12.424	 59.518	160.612  0.387
 12.865	 58.723	156.983  0.756
 12.076	 61.221	154.221  0.443
 14.050	 60.199	151.112  0.705
 13.320	 62.077	147.872  0.134
 15.739	 62.216	145.019  0.597
 16.561	 64.258	141.988  0.715
 19.278	 65.417	139.641  0.117
 18.897	 65.352	135.832  0.602
 19.856	 68.349	133.655  0.780
 20.330	 67.243	130.057  0.471
 19.882	 70.069	127.584  0.492
 22.954	 69.157	125.588  0.483
 26.462	 67.903	126.128 -0.564
 25.532	 65.122	123.657 -2.879
 22.677	 63.913	125.846  0.129
 24.838	 64.328	128.926  0.772
 27.416	 61.981	127.453 -0.000
 24.986	 59.449	125.806 -2.901
 23.351	 58.789	129.162  0.162
 25.981	 59.380	131.810  0.705
 29.217	 59.322	129.805 -0.796
 30.963	 61.928	132.025 -0.589
 30.964	 65.407	130.478 -0.079
 29.411	 66.878	133.629 -0.119
 27.861	 64.941	136.483  0.432
 27.371	 65.573	140.200 -0.873
 25.098	 64.402	142.999 -0.272
 26.095	 64.416	146.704  0.322
 23.468	 63.216	149.206  0.622
 24.938	 63.349	152.696  0.656
 23.812	 62.261	156.138  0.794
 25.794	 62.802	159.350 -2.475
 24.629	 66.410	159.745 -0.050
 23.896	 67.640	156.200  0.207
 25.549	 67.730	152.756  0.580
 23.859	 68.702	149.421  0.576
 26.168	 68.716	146.389  0.794
 24.178	 69.815	143.344 -0.742
 25.747	 69.647	139.933 -0.244
 23.674	 69.333	136.744  0.730
 23.303	 72.294	134.490  0.303
 23.213	 71.551	130.794 -0.904
 21.110	 73.807	128.601  0.715
 17.809	 73.917	126.753 -1.901
 14.682	 74.767	128.764  0.572
 11.188	 75.280	127.217  0.730
  9.612	 72.334	125.522 -0.835
  7.262	 70.299	127.724 -0.224
  5.806	 67.034	126.423  0.770
  8.491	 67.067	123.763 -0.405
 11.348	 67.800	126.159 -1.762
 13.793	 70.667	126.613  0.360
 15.336	 68.721	129.480  0.464
 14.322	 68.659	133.189  0.190
 14.906	 66.911	136.541  0.130
 15.102	 68.764	139.867  0.655
 13.505	 67.309	142.988  0.628
 15.423	 67.524	146.255 -0.174
 14.818	 65.860	149.596  0.124
 16.402	 64.589	152.806  0.794
 14.982	 63.496	156.136 -0.439
 17.080	 60.998	158.015  0.788
 16.857	 61.019	161.777  0.756
 17.221	 57.652	163.605  0.218
 20.759	 56.403	163.997  0.715
 21.706	 58.357	160.897  0.771
 22.997	 57.270	157.506 -2.055
 21.862	 58.411	154.071  0.719
 24.880	 58.452	151.750 -2.645
 24.449	 58.912	147.983  0.299
 27.607	 59.477	146.032 -0.352
 27.502	 60.612	142.430  0.801
 29.049	 59.951	139.053  0.310
 26.273	 61.348	136.896  0.715
 22.689	 62.548	136.571  0.791
 21.489	 60.880	139.762  0.163
 17.727	 60.229	139.823  0.296
 17.944	 57.695	142.685  0.788
 15.434	 57.076	145.504  0.730
 13.499	 53.795	145.524  0.770
 13.072	 53.818	149.306  0.715
 11.628	 56.163	151.951  0.705
  8.403	 57.775	153.123  0.425
  7.199	 56.915	156.592  0.098
  6.599	 60.181	158.447 -1.423
  4.118	 60.550	161.270 -1.260
  3.238	 63.777	163.135 -2.518
  1.815	 66.796	161.357  0.147
 -1.810	 66.606	162.324  0.098
 -3.147	 66.598	158.793  0.656
 -3.178	 69.394	156.237  0.801
 -3.539	 70.276	152.525  0.126
 -5.915	 72.782	150.932  0.435
 -6.747	 73.946	147.465 -0.510
-10.456	 74.258	146.621  0.801
-12.873	 73.335	143.816  0.580
-15.621	 72.822	146.384 -0.048
-17.766	 69.770	145.856  0.473
-17.670	 66.984	148.441  0.628
-20.898	 65.866	150.001 -2.825
-21.978	 63.170	152.350 -1.192
-22.471	 65.048	155.582  0.696
-21.041	 65.616	158.992 -1.657
-19.215	 68.865	159.600  0.508
-16.228	 69.897	161.717  0.339
-14.954	 73.126	160.219  0.696
-13.852	 72.878	156.597  0.790
-12.807	 75.895	154.612  0.794
-11.763	 76.274	150.987  0.730
-15.270	 77.598	150.448  0.630
-16.903	 74.662	152.146  0.715
-18.196	 73.740	155.531  0.657
-19.164	 76.417	158.076  0.790
-20.572	 75.660	161.513 -1.465
-18.316	 76.167	164.536  0.791
-21.181	 77.409	166.704 -0.204
-20.153	 81.095	166.557  0.756
-16.834	 82.294	168.058  0.730
-15.630	 84.231	164.990  0.713
-15.870	 83.399	161.309  0.580
-14.979	 85.718	158.502  0.791
-15.425	 83.257	155.615  0.287
-11.806	 82.499	154.914  0.791
 -8.399	 82.653	156.581 -0.100
 -7.877	 78.958	155.753  0.617
 -9.898	 76.242	157.564  0.794
 -9.533	 72.674	158.892  0.705
-10.748	 71.461	162.266  0.715
-12.321	 73.050	165.347  0.268
-13.135	 76.359	163.686  0.696
-14.300	 79.880	164.594  0.730
-11.494	 82.470	164.669  0.112
-10.975	 84.433	161.448  0.705
-11.989	 88.089	161.104 -0.501
BRIEF 2VIT A 210              
 35.796	 45.342	114.067       
 35.199	 46.421	110.439       
 33.208	 44.307	107.987       
 29.574	 44.958	107.148       
 28.829	 43.977	103.524       
 25.492	 43.558	101.737       
 23.904	 42.042	-98.578       
 24.046	 38.231	-98.493       
 20.521	 37.896	-97.288       
 18.140	 40.134	-95.418       
 15.155	 39.045	-93.414       
 12.091	 41.182	-93.098       
  8.508	 40.618	-92.116       
  5.352	 41.717	-93.931       
  4.831	 45.443	-93.504       
  8.367	 46.507	-92.741       
 10.266	 48.669	-95.226       
 13.464	 47.021	-96.410       
 16.250	 48.485	-98.530       
 18.690	 46.339	100.418       
 21.902	 48.208	101.283       
 24.512	 48.036	104.096       
 28.184	 48.987	103.542       
 31.071	 49.478	105.992       
 34.679	 48.625	105.130       
 35.718	 51.241	107.640       
 33.897	 54.030	105.812       
 30.486	 55.644	105.568       
 27.604	 54.402	107.713       
 26.683	 57.325	109.954       
 23.868	 57.593	112.517       
 26.641	 56.697	114.969       
 26.306	 53.106	113.752       
 22.669	 52.507	114.730       
 22.062	 50.383	111.621       
 19.838	 47.533	112.747       
 17.878	 45.542	110.230       
 16.891	 42.070	111.427       
 14.605	 39.879	109.313       
 15.215	 36.115	109.378       
 12.123	 34.129	108.369       
 11.982	 30.397	107.595       
 13.702	 28.085	110.021       
 15.598	 30.876	111.728       
 13.015	 32.784	113.765       
 14.601	 36.234	113.716       
 12.529	 39.436	114.051       
 13.576	 43.037	114.629       
 12.539	 45.342	111.771       
 14.207	 48.750	112.025       
 16.550	 50.104	114.668       
 18.731	 53.123	115.095       
 18.756	 53.440	111.274       
 15.160	 54.348	110.593       
 12.943	 53.700	113.611       
 10.309	 51.255	112.464       
  9.684	 48.513	115.011       
  5.970	 48.143	116.011       
  4.651	 45.137	114.137       
  6.667	 46.029	111.068       
  4.373	 47.135	108.191       
  4.670	 50.750	107.123       
  6.170	 49.599	103.855       
  9.602	 49.007	105.403       
 11.730	 52.084	105.739       
 15.151	 52.825	107.204       
 17.501	 55.436	105.743       
 20.959	 56.627	104.835       
 21.414	 56.628	101.081       
 24.789	 58.141	100.528       
 27.547	 56.415	102.517       
 25.738	 53.165	103.162       
 22.595	 52.416	105.159       
 19.458	 51.116	103.528       
 16.058	 49.479	103.880       
 13.378	 49.850	101.251       
 10.462	 47.535	100.880       
  7.909	 49.609	-98.947       
  5.534	 47.224	-97.215       
  7.012	 43.888	-98.216       
  4.565	 40.988	-98.696       
  5.380	 37.234	-98.605       
  5.353	 37.402	102.368       
  8.494	 39.506	102.251       
 10.640	 36.665	101.042       
 13.371	 36.237	103.694       
 17.037	 36.755	104.627       
 17.439	 40.414	105.721       
 20.367	 40.981	108.047       
 22.008	 44.380	108.511       
 23.918	 45.020	111.831       
 26.264	 47.973	112.475       
 27.389	 49.247	115.874       
 31.087	 50.143	116.316       
 31.879	 51.109	119.924       
 30.129	 48.565	122.167       
 30.706	 45.884	119.517       
 28.094	 44.802	116.965       
 29.023	 43.668	113.428       
 26.420	 41.967	111.239       
 26.337	 41.868	107.469       
 26.316	 38.729	105.347       
 22.567	 38.944	104.975       
 20.549	 39.292	101.776       
 18.299	 36.606	100.379       
 15.235	 38.293	-99.002       
 13.195	 36.396	-96.475       
  9.695	 37.584	-95.549       
  8.839	 35.769	-92.279       
  5.374	 34.399	-92.869       
  5.321	 31.549	-90.397       
  6.603	 30.544	-86.952       
 10.334	 29.847	-86.443       
 10.812	 26.122	-86.467       
 13.843	 24.403	-84.980       
 15.623	 21.758	-87.116       
 15.492	 18.042	-86.297       
 19.116	 16.929	-86.546       
 20.212	 13.391	-87.337       
 23.697	 11.967	-87.658       
 23.991	  8.610	-89.463       
 27.135	  6.469	-89.071       
 28.721	  4.720	-92.065       
 27.072	  1.468	-93.186       
 28.900	 -1.823	-92.842       
 28.405	 -2.174	-96.564       
 29.932	  1.139	-97.569       
 32.784	  0.371	-95.173       
 33.561	 -3.026	-96.795       
 34.536	 -1.129	-99.915       
 36.855	  0.985	-97.764       
 35.034	  4.285	-97.696       
 32.980	  5.891	-94.948       
 30.488	  8.699	-95.343       
 28.711	 10.378	-92.477       
 25.202	 11.648	-93.402       
 23.672	 14.401	-91.272       
 20.086	 15.222	-92.248       
 18.839	 18.593	-90.911       
 15.097	 19.010	-91.373       
 11.956	 20.991	-90.705       
 13.656	 24.241	-89.894       
 12.309	 27.756	-90.387       
 13.333	 30.273	-91.486       
 15.266	 28.533	-94.243       
 18.834	 29.125	-93.085       
 21.373	 27.077	-91.158       
 25.147	 26.696	-90.892       
 26.569	 23.197	-90.651       
 29.837	 22.492	-88.908       
 31.595	 19.128	-88.519       
 33.741	 18.019	-85.606       
 36.016	 15.020	-85.110       
 37.009	 14.049	-81.555       
 36.105	 17.583	-80.586       
 38.561	 19.063	-83.063       
 37.084	 20.993	-86.066       
 36.877	 19.363	-89.492       
 37.747	 21.261	-92.643       
 37.694	 18.615	-95.331       
 35.376	 16.123	-96.907       
 32.287	 17.985	-95.872       
 29.652	 19.098	-98.319       
 26.386	 20.716	-97.335       
 23.406	 20.966	-99.688       
 21.781	 24.454	-99.914       
 18.469	 24.481	-98.029       
 15.407	 23.332	-99.976       
 11.792	 24.281	-99.346       
  9.495	 21.468	-98.203       
  5.801	 20.874	-98.884       
  4.897	 22.350	-95.488       
  7.118	 25.281	-96.415       
  9.507	 24.604	-93.606       
 13.014	 23.544	-94.839       
 15.285	 20.564	-95.146       
 19.024	 20.368	-95.779       
 21.868	 17.907	-95.661       
 25.568	 17.539	-94.991       
 28.082	 14.731	-95.726       
 31.495	 13.984	-94.217       
 33.574	 11.745	-96.501       
 36.598	  9.894	-95.220       
 38.345	  6.586	-95.909       
 37.584	  3.615	-93.633       
 41.091	  3.974	-92.311       
 40.485	  7.621	-91.329       
 37.070	  6.686	-89.964       
 38.778	  4.161	-87.654       
 41.382	  6.767	-86.609       
 38.933	  8.628	-84.346       
 36.264	  7.980	-81.731       
 33.615	 10.726	-81.783       
 32.069	 12.529	-84.774       
 29.674	 15.452	-84.595       
 27.477	 17.505	-86.821       
 26.734	 20.980	-85.477       
 23.717	 22.678	-86.913       
 23.587	 26.400	-86.133       
 20.146	 28.023	-86.675       
 18.965	 31.315	-85.155       
 21.728	 31.808	-82.636       
 21.551	 28.401	-81.129       
 23.458	 25.372	-82.309       
 21.883	 21.958	-82.182       
 24.363	 19.180	-82.654       
 24.183	 15.359	-82.811       
 27.247	 13.136	-82.430       
 28.423	  9.535	-82.405       
 31.328	  7.086	-81.825       
BRIEF 2VIT B 221              
  5.430	 40.569	127.171       
  9.123	 40.254	126.512       
 10.272	 36.668	126.003       
 13.619	 34.879	125.795       
 14.292	 31.098	125.638       
 17.641	 29.306	125.262       
 18.244	 25.912	126.807       
 21.541	 24.178	126.258       
 23.149	 20.765	125.487       
 22.392	 20.203	121.804       
 25.445	 17.918	121.423       
 28.918	 18.398	122.960       
 32.203	 16.820	121.956       
 35.186	 18.945	120.837       
 37.142	 19.885	123.948       
 34.467	 20.117	126.621       
 32.665	 23.307	127.595       
 29.543	 24.708	126.026       
 26.970	 26.229	128.394       
 23.816	 27.822	126.983       
 21.176	 29.564	129.115       
 18.933	 32.411	128.017       
 16.003	 32.700	130.401       
 14.331	 36.085	130.048       
 10.809	 37.032	131.002       
  8.890	 40.266	131.196       
 11.791	 42.633	131.773       
 14.589	 42.743	134.311       
 18.237	 42.113	133.666       
 18.975	 45.309	135.638       
 16.810	 47.115	133.150       
 18.336	 45.858	129.886       
 21.280	 44.080	128.451       
 21.231	 40.682	126.778       
 23.232	 39.803	123.653       
 24.419	 36.481	122.277       
 24.245	 35.885	118.504       
 25.315	 32.549	116.886       
 24.413	 31.334	113.341       
 26.587	 28.463	111.991       
 24.832	 26.337	109.300       
 24.796	 28.061	105.960       
 26.511	 31.163	107.299       
 25.757	 34.689	108.431       
 25.122	 35.623	112.029       
 27.979	 36.127	114.477       
 27.762	 38.405	117.536       
 29.453	 36.629	120.495       
 29.356	 39.301	123.160       
 26.979	 41.115	125.472       
 26.395	 41.470	129.176       
 25.109	 44.926	130.134       
 22.420	 45.641	132.728       
 25.259	 46.898	134.869       
 26.892	 43.491	134.678       
 29.894	 44.599	132.706       
 30.377	 42.749	129.464       
 31.665	 43.303	125.911       
 32.789	 40.404	123.819       
 33.467	 39.865	120.138       
 37.196	 40.530	119.797       
 37.765	 37.256	118.008       
 36.059	 34.673	120.196       
 36.697	 36.682	123.364       
 39.520	 34.440	124.540       
 37.073	 31.566	124.867       
 33.755	 33.227	125.640       
 32.335	 34.317	128.956       
 28.901	 35.803	129.499       
 27.462	 36.026	133.000       
 24.032	 36.299	134.619       
 22.050	 35.718	137.763       
 19.824	 38.775	138.029       
 17.623	 37.139	140.685       
 16.870	 34.137	138.500       
 16.464	 35.983	135.179       
 19.164	 33.988	133.520       
 22.034	 34.938	131.352       
 24.886	 32.465	130.867       
 27.020	 31.911	127.734       
 29.949	 29.712	128.647       
 32.355	 28.585	125.914       
 35.496	 26.486	126.447       
 37.948	 24.783	124.071       
 35.071	 23.937	121.749       
 35.904	 23.000	118.196       
 33.698	 21.659	115.423       
 33.232	 25.082	113.802       
 31.102	 25.959	116.859       
 28.273	 23.933	115.531       
 25.651	 26.628	115.041       
 22.337	 28.042	116.293       
 22.879	 30.063	119.464       
 20.500	 32.958	120.105       
 20.156	 35.558	122.784       
 18.462	 38.824	121.981       
 17.479	 41.732	124.213       
 19.491	 44.875	124.183       
 17.381	 48.014	123.897       
 18.274	 51.651	124.257       
 15.963	 54.550	123.597       
 16.344	 57.388	126.096       
 14.697	 60.030	123.940       
 16.515	 59.506	120.614       
 19.587	 57.769	122.032       
 20.126	 54.594	119.916       
 20.895	 50.922	120.618       
 18.936	 48.029	119.129       
 18.417	 44.320	119.440       
 14.663	 44.114	119.833       
 13.725	 40.748	121.352       
 15.318	 37.759	119.808       
 15.146	 34.349	121.483       
 13.900	 31.193	119.783       
 17.399	 29.762	119.519       
 19.037	 26.507	120.460       
 21.085	 24.233	118.160       
 24.495	 22.974	119.245       
 26.510	 20.361	117.383       
 30.152	 19.832	118.268       
 30.963	 16.244	117.267       
 33.127	 13.466	118.618       
 31.055	 10.822	116.805       
 29.259	  7.893	118.368       
 25.765	  6.997	117.277       
 26.402	  5.048	114.069       
 23.698	  3.557	111.815       
 23.785	  4.497	108.086       
 25.102	  2.178	105.334       
 22.546	  2.245	102.503       
 23.676	  1.880	-98.837       
 20.997	  1.681	-96.124       
 21.166	  3.945	-93.071       
 19.951	  2.831	-89.643       
 20.309	  4.625	-86.241       
 23.013	  2.563	-84.550       
 23.147	  4.617	-81.347       
 19.810	  3.697	-79.724       
 19.343	  6.594	-77.281       
 15.675	  5.515	-76.983       
 14.772	  9.239	-76.853       
 11.293	  9.261	-78.367       
  8.746	  7.213	-80.324       
 10.021	  8.454	-83.701       
 12.902	  6.411	-85.117       
 14.357	  7.807	-88.344       
 15.804	  5.614	-91.092       
 17.985	  6.731	-93.986       
 19.236	  5.545	-97.388       
 22.377	  6.816	-99.156       
 22.166	  6.849	102.954       
 25.843	  6.990	103.876       
 27.551	  8.011	107.088       
 25.172	  7.788	110.028       
 24.910	  9.893	113.190       
 23.047	 11.549	114.632       
 20.149	 12.995	112.635       
 17.503	 12.178	111.431       
 16.987	  9.144	109.244       
 13.653	  8.285	107.572       
 13.712	  7.370	103.872       
 10.648	  5.765	102.397       
 10.071	  3.866	-99.188       
  8.086	  0.661	-99.123       
  7.132	  1.421	102.671       
  4.943	  4.281	101.508       
  3.369	  2.815	-98.378       
  5.499	  5.171	-96.303       
  4.788	  8.771	-97.208       
  4.654	 10.608	-93.896       
  7.958	 12.444	-93.637       
  9.896	 10.902	-96.441       
 12.236	 13.921	-96.781       
 14.408	 13.334	-99.864       
 17.266	 15.802	100.139       
 18.872	 17.283	103.280       
 21.826	 15.575	104.896       
 25.347	 16.882	104.420       
 28.414	 16.504	106.588       
 31.113	 14.584	104.750       
 33.859	 13.558	107.152       
 32.003	 13.542	110.468       
 28.780	 11.749	109.788       
 25.615	 12.677	107.929       
 25.153	 11.348	104.394       
 21.840	 11.914	102.624       
 19.937	 10.663	-99.577       
 16.371	 10.213	-98.302       
 14.958	  9.593	-94.829       
 11.670	  8.311	-93.501       
 10.584	  8.572	-89.898       
  8.539	  5.872	-88.270       
  7.425	  4.877	-84.721       
  9.658	  2.635	-82.583       
  6.641	  0.343	-82.568       
  7.153	 -0.276	-86.285       
 10.903	 -0.747	-86.614       
 12.500	 -3.304	-86.470       
  9.018	 -4.835	-85.960       
  8.080	 -4.175	-89.592       
 10.287	 -3.911	-92.654       
 10.913	 -0.415	-93.967       
 12.419	 -0.752	-97.409       
 14.218	  1.717	-99.618       
 13.634	  1.874	103.397       
 15.926	  3.592	105.823       
 14.962	  3.549	109.501       
 17.418	  5.321	111.799       
 15.846	  5.819	115.262       
 18.974	  6.834	117.160       
 20.634	  3.490	116.424       
 17.489	  1.357	116.182       
 18.570	  0.050	112.785       
 16.165	 -0.205	109.874       
 17.592	 -1.232	106.496       
 15.551	 -1.929	103.373       
 17.448	 -2.157	100.105       
 15.869	 -3.229	-96.786       
 17.153	 -1.178	-93.891       
 18.121	 -3.535	-91.048       
 18.789	 -2.385	-87.459       
