BRIEF 2VXQ A 92               
 21.094	 28.466	 20.209  0.830
 18.172	 26.763	 22.003 -0.136
 16.393	 27.759	 25.231  0.481
 13.429	 26.366	 27.179  1.172
 11.410	 28.805	 29.294  0.537
  8.944	 27.228	 31.723  0.140
  5.520	 28.810	 31.237  0.796
  2.703	 29.553	 33.670 -0.979
  0.205	 26.755	 34.219  0.971
  3.067	 24.251	 34.423  1.084
  2.366	 21.750	 37.211  0.867
  2.777	 18.013	 37.952 -0.331
  0.385	 16.985	 35.137 -0.418
  1.087	 19.840	 32.686  0.900
  4.413	 21.083	 31.327  0.091
  4.365	 24.217	 29.174  0.886
  7.618	 25.472	 27.667  0.586
  8.402	 28.373	 25.381  0.891
 10.996	 27.001	 22.987 -0.169
 13.116	 29.480	 21.026  0.467
 15.645	 28.252	 18.456  0.733
 17.925	 30.888	 16.884  0.342
 17.383	 31.342	 13.133  0.552
 14.770	 28.579	 12.901  1.234
 11.354	 27.428	 14.169  0.675
 10.289	 24.164	 15.827  0.510
  8.264	 21.669	 13.776 -0.972
  8.151	 19.089	 16.565 -0.749
  9.252	 19.075	 20.189  0.674
  9.243	 16.048	 22.477 -0.490
 10.138	 15.372	 26.068 -0.336
 11.352	 12.415	 28.061  0.506
 11.257	 12.302	 31.860  0.009
 14.511	 11.220	 33.493 -0.089
 12.865	  7.990	 34.680 -0.957
 10.979	  7.271	 31.450 -0.233
 11.835	  4.970	 28.543 -2.753
  9.555	  6.710	 26.030 -2.813
  9.584	 10.057	 24.242  0.742
  6.317	 11.985	 24.342 -1.478
  5.174	 14.484	 21.713 -2.811
  4.463	 18.017	 22.871  0.996
  1.693	 20.067	 21.279 -0.083
  2.505	 23.279	 19.408  0.304
  0.730	 26.295	 20.872  1.016
  0.955	 30.009	 20.123  0.836
  4.154	 32.072	 20.220  1.284
  6.580	 29.158	 20.479  0.939
  4.800	 27.564	 23.443  0.419
  4.829	 23.755	 23.569  1.127
  2.719	 21.799	 26.052  0.672
  2.305	 18.296	 27.410 -0.542
 -0.605	 17.020	 29.479  0.394
  0.154	 13.887	 31.488 -1.304
 -2.152	 11.225	 32.919 -2.314
  0.318	 10.499	 35.730 -0.618
  2.475	 13.066	 37.570 -0.657
  5.539	 14.219	 35.629  0.400
  8.896	 14.080	 37.390 -0.943
 11.960	 15.755	 35.895  0.522
 14.730	 16.311	 35.031 -0.303
 13.374	 16.587	 31.476  0.519
 15.155	 15.593	 28.280  1.190
 14.014	 17.129	 25.000  0.110
 14.381	 16.315	 21.334 -0.547
 13.091	 18.313	 18.429  0.443
 12.820	 18.684	 14.686  0.944
 13.096	 22.157	 13.191 -0.396
 11.223	 23.349	 10.113  0.372
 14.586	 23.490	  8.293  0.748
 15.136	 19.803	  9.243  0.394
 17.594	 19.984	 12.154 -0.820
 17.203	 17.169	 14.684 -0.174
 18.726	 17.364	 18.190 -1.822
 18.411	 15.994	 21.697  0.123
 19.294	 17.754	 24.948  0.530
 19.375	 15.805	 28.184 -2.813
 18.257	 17.136	 31.559  0.357
 17.533	 20.653	 30.246  0.040
 14.697	 21.422	 32.671  0.634
 15.327	 20.281	 36.243  0.923
 12.996	 18.267	 38.479 -1.660
 12.454	 21.252	 40.754 -1.292
 12.042	 23.899	 38.060  1.031
 10.791	 27.456	 38.517 -1.365
  7.981	 28.908	 36.406  0.101
  9.335	 31.818	 34.350  0.613
 12.899	 30.476	 34.426 -0.253
 14.762	 29.939	 31.157  0.397
 16.812	 26.760	 30.868  0.026
 19.443	 26.193	 28.203 -2.320
 21.843	 23.318	 27.448  0.862
BRIEF 2VXQ H 213              
 31.218	 15.917	 11.191       
 33.254	 12.702	 11.112       
 33.838	  9.890	 13.610       
 36.812	  7.562	 13.888       
 37.279	  4.567	 16.169       
 40.693	  3.868	 17.625       
 42.050	  1.362	 20.122       
 43.542	 -2.146	 20.336       
 42.243	 -4.779	 17.892       
 43.349	 -7.507	 20.296       
 42.230	 -7.854	 23.937       
 42.963	-10.707	 26.333       
 39.975	-12.523	 27.872       
 39.002	-11.190	 31.328       
 40.705	 -7.849	 30.497       
 39.055	 -4.557	 29.540       
 38.338	 -3.705	 25.931       
 38.910	  0.007	 25.439       
 37.942	  2.021	 22.399       
 37.799	  5.731	 21.698       
 35.904	  7.672	 19.039       
 37.420	 10.932	 17.798       
 34.896	 13.506	 16.600       
 36.026	 16.066	 14.028       
 34.216	 18.960	 12.344       
 32.038	 19.480	 15.408       
 32.249	 19.970	 19.166       
 30.904	 17.359	 21.575       
 30.578	 20.000	 24.323       
 27.931	 21.905	 22.306       
 25.362	 19.206	 23.126       
 22.510	 18.134	 20.871       
 23.566	 14.502	 20.400       
 23.982	 11.177	 22.094       
 27.332	  9.562	 21.349       
 26.856	  5.900	 20.603       
 28.593	  2.528	 20.484       
 27.043	 -0.306	 18.489       
 28.637	 -3.606	 17.566       
 28.157	 -6.608	 15.386       
 29.209	-10.110	 16.377       
 29.945	-12.422	 13.368       
 26.654	-14.206	 12.588       
 24.430	-11.675	 14.367       
 22.641	 -8.376	 13.860       
 23.512	 -4.921	 15.089       
 23.672	 -4.794	 18.891       
 23.536	 -1.670	 21.004       
 26.301	 -1.191	 23.520       
 25.111	  2.190	 24.755       
 25.149	  5.936	 24.378       
 26.341	  8.883	 26.411       
 25.401	 12.537	 26.630       
 28.382	 14.922	 26.920       
 27.191	 16.189	 30.325       
 27.720	 12.594	 31.510       
 24.338	 10.849	 31.339       
 24.766	  7.309	 30.024       
 22.327	  4.788	 28.583       
 23.494	  1.188	 28.385       
 22.188	 -2.011	 26.848       
 20.747	 -3.757	 29.953       
 22.435	 -7.063	 29.064       
 25.852	 -5.338	 29.038       
 25.465	 -2.460	 31.534       
 27.317	 -4.199	 34.419       
 30.468	 -4.561	 32.246       
 30.214	 -1.286	 30.366       
 31.592	  2.162	 31.137       
 31.467	  4.980	 28.631       
 33.155	  8.349	 28.934       
 33.379	 11.667	 27.130       
 36.352	 14.051	 26.890       
 35.191	 17.504	 25.718       
 38.747	 18.909	 25.710       
 39.970	 16.261	 23.241       
 36.572	 16.013	 21.466       
 36.346	 12.252	 21.869       
 34.157	  9.703	 23.611       
 35.146	  6.273	 24.741       
 34.052	  2.831	 25.809       
 35.458	  0.449	 28.396       
 33.986	 -3.065	 28.381       
 35.320	 -5.100	 31.285       
 35.898	 -8.815	 31.778       
 35.656	 -9.567	 28.093       
 35.139	-12.999	 26.566       
 35.106	-14.353	 22.988       
 31.451	-13.274	 22.810       
 32.728	 -9.690	 22.729       
 34.655	-10.381	 19.495       
 32.925	 -8.026	 17.106       
 33.184	 -5.054	 14.859       
 32.627	 -2.019	 17.063       
 31.103	  1.112	 15.572       
 30.867	  4.544	 17.103       
 27.954	  6.689	 15.906       
 26.175	 10.001	 16.434       
 22.551	  9.861	 17.546       
 20.534	 13.090	 17.048       
 17.711	 11.977	 19.338       
 15.982	 10.184	 16.467       
 18.542	  8.723	 14.068       
 22.109	  7.505	 13.926       
 23.111	  9.809	 11.102       
 26.903	  9.672	 11.214       
 28.930	  6.529	 11.808       
 32.595	  5.652	 12.190       
 34.161	  3.024	  9.929       
 33.996	  0.277	 12.550       
 36.939	 -1.446	 14.185       
 37.413	 -5.170	 14.728       
 38.250	 -6.336	 18.222       
 39.312	 -9.950	 18.667       
 39.277	-11.325	 22.238       
 42.554	-12.894	 22.181       
 46.092	-14.226	 22.351       
 49.350	-13.148	 20.557       
 50.215	-11.095	 17.412       
 52.047	-12.494	 14.356       
 52.770	-10.938	 10.954       
 52.072	-12.766	  7.674       
 54.355	-14.488	  5.221       
 53.423	-13.534	  1.670       
 53.905	-15.958	 -1.216       
 53.263	-15.421	 -4.933       
 50.539	-17.258	 -6.811       
 52.335	-17.175	-10.167       
 50.162	-16.483	-13.239       
 48.074	-19.533	-14.191       
 46.542	-19.512	-17.673       
 40.833	-18.875	-19.967       
 42.070	-18.127	-23.162       
 42.637	-14.492	-23.105       
 43.173	-14.267	-19.350       
 45.648	-15.078	-16.588       
 44.956	-15.333	-12.875       
 47.697	-14.334	-10.461       
 47.755	-13.550	 -6.776       
 49.360	-13.519	 -3.359       
 48.953	-16.034	 -0.556       
 48.983	-14.213	  2.801       
 49.676	-16.908	  5.362       
 49.977	-17.356	  9.111       
 49.066	-14.056	 10.737       
 47.187	-12.976	 13.838       
 44.896	-11.159	 14.518       
 42.712	 -9.933	 11.682       
 42.754	 -7.808	  9.636       
 45.224	 -7.632	  6.799       
 44.800	 -5.326	  3.828       
 45.922	 -6.239	  0.322       
 46.246	 -3.948	 -2.645       
 47.801	 -4.367	 -6.054       
 50.285	 -2.049	 -7.700       
 49.918	  0.524	 -4.887       
 46.131	  0.663	 -5.455       
 46.463	  1.313	 -9.214       
 45.102	 -2.185	 -9.970       
 41.563	 -2.736	 -8.698       
 39.534	 -4.303	-11.521       
 39.243	 -8.070	-11.307       
 40.779	 -8.228	 -7.842       
 39.260	-10.690	 -5.356       
 40.652	-10.725	 -1.847       
 39.127	-13.647	 -0.002       
 37.939	-13.615	  3.574       
 40.614	-14.951	  5.914       
 40.164	-18.472	  7.199       
 41.271	-19.425	 10.675       
 43.595	-22.382	 10.331       
 43.819	-25.185	 12.899       
 47.143	-23.599	 13.970       
 45.131	-20.610	 15.296       
 46.539	-18.349	 12.579       
 44.757	-16.818	  9.634       
 45.391	-17.223	  5.951       
 43.925	-15.628	  2.832       
 44.658	-15.227	 -0.859       
 44.192	-12.168	 -3.011       
 43.864	-12.899	 -6.711       
 43.518	-10.833	 -9.869       
 42.751	-11.770	-13.450       
 44.600	 -9.903	-16.160       
 44.960	-10.222	-19.936       
 47.488	-12.918	-20.904       
 48.954	-10.309	-23.283       
 49.949	 -8.077	-20.334       
 52.156	-10.684	-18.598       
 55.167	 -9.746	-20.714       
 54.925	 -6.007	-20.098       
 53.008	 -5.165	-16.898       
 54.492	 -5.678	-13.409       
 52.236	 -7.072	-10.651       
 53.053	 -6.461	 -6.992       
 50.698	 -7.123	 -4.104       
 50.996	 -4.800	 -1.130       
 50.218	 -6.574	  2.127       
 49.750	 -4.600	  5.314       
 49.205	 -6.123	  8.764       
 48.940	 -3.183	 11.153       
 48.962	 -5.295	 14.362       
 52.550	 -6.414	 13.612       
 53.489	 -3.252	 11.668       
 54.247	 -5.600	  8.751       
 54.297	 -4.401	  5.167       
 55.305	 -6.581	  2.281       
 55.465	 -5.815	 -1.413       
 55.624	 -9.122	 -3.265       
 56.290	 -9.158	 -7.003       
 54.288	-11.871	 -8.747       
 55.979	-13.108	-11.945       
 55.485	-16.078	-14.336       
BRIEF 2VXQ L 213              
 10.526	 -3.009	 25.551       
  9.556	 -2.618	 21.893       
 10.199	 -5.553	 19.564       
 10.956	 -4.883	 15.905       
 10.466	 -7.789	 13.510       
 11.392	 -7.645	  9.838       
 10.058	 -9.777	  6.995       
 11.408	-11.545	  5.088       
 14.597	-12.729	  6.821       
 16.346	-12.955	  3.460       
 15.445	-12.575	 -0.187       
 17.029	-12.902	 -3.602       
 15.872	-10.510	 -6.312       
 17.133	 -9.477	 -9.725       
 18.633	 -6.169	-10.819       
 15.718	 -3.969	-11.899       
 13.242	 -5.619	 -9.495       
 11.090	 -3.602	 -7.132       
 12.089	 -4.967	 -3.712       
 10.179	 -4.472	 -0.496       
 11.173	 -5.229	  3.066       
  8.763	 -5.025	  5.978       
  9.159	 -4.056	  9.586       
  6.585	 -4.544	 12.339       
  6.672	 -2.789	 15.697       
  5.178	 -4.563	 18.729       
  3.302	 -1.383	 19.696       
  2.237	  1.811	 17.940       
  5.296	  3.887	 17.077       
  3.721	  6.461	 14.734       
  6.532	  7.442	 12.296       
  9.385	  6.974	 14.777       
 11.023	  4.614	 12.341       
 14.376	  4.610	 10.543       
 15.897	  2.336	  7.916       
 19.597	  1.484	  7.589       
 21.659	 -0.262	  4.936       
 24.621	 -2.288	  6.163       
 27.145	 -3.641	  3.667       
 29.634	 -6.008	  5.320       
 32.955	 -4.232	  6.007       
 31.323	 -0.799	  5.899       
 29.544	  1.367	  8.428       
 25.778	  1.140	  8.494       
 24.189	  3.953	  6.486       
 20.987	  5.799	  7.416       
 18.592	  5.573	  4.453       
 15.209	  6.709	  5.749       
 14.038	  8.440	  8.911       
 10.599	  9.412	 10.227       
  9.232	  6.498	  8.181       
  9.401	  8.254	  4.764       
 12.082	 10.998	  4.818       
 15.042	 10.260	  2.568       
 18.355	 11.002	  4.229       
 20.360	 13.613	  2.347       
 22.514	 12.072	 -0.359       
 20.876	  8.636	 -0.310       
 19.802	  7.480	 -3.784       
 16.194	  8.087	 -4.853       
 15.479	  4.378	 -5.358       
 15.122	  4.017	 -1.573       
 11.758	  5.013	 -0.159       
  9.861	  4.305	  3.024       
  6.246	  4.169	  4.065       
  3.970	  3.230	  6.873       
  2.610	  4.376	 10.164       
  2.037	  2.864	 13.577       
  2.949	 -0.805	 13.415       
  3.745	 -1.851	  9.821       
  6.414	 -0.177	  7.742       
  7.924	 -0.851	  4.346       
 11.284	 -0.077	  2.803       
 11.065	 -0.089	 -0.990       
 13.984	 -0.301	 -3.362       
 12.217	  0.805	 -6.545       
 14.723	 -0.736	 -8.983       
 17.329	 -2.992	 -7.436       
 20.958	 -2.285	 -8.390       
 23.731	 -4.854	 -8.038       
 25.541	 -2.849	 -5.364       
 22.416	 -3.087	 -3.196       
 23.171	 -6.458	 -1.616       
 23.293	 -5.771	  2.114       
 21.453	 -6.372	  5.304       
 18.776	 -3.761	  5.896       
 17.589	 -2.768	  9.397       
 14.619	 -0.877	 10.702       
 14.890	  0.933	 13.984       
 12.295	  2.448	 16.270       
 12.861	  5.849	 17.844       
  9.899	  6.040	 20.241       
 11.859	  4.590	 23.147       
 15.224	  5.420	 24.612       
 16.351	  1.912	 23.522       
 16.240	  2.809	 19.798       
 15.549	 -0.858	 19.132       
 16.825	 -2.370	 15.895       
 15.034	 -5.007	 13.890       
 16.896	 -8.250	 13.308       
 17.898	 -7.342	  9.724       
 16.820	 -8.545	  6.277       
 19.505	 -9.835	  3.957       
 19.105	 -8.884	  0.285       
 20.998	-10.978	 -2.255       
 21.120	-10.386	 -5.978       
 19.600	-13.001	 -8.250       
 21.204	-13.337	-11.665       
 21.582	-15.898	-14.442       
 23.773	-19.001	-14.026       
 27.495	-18.397	-14.595       
 30.083	-21.174	-14.764       
 33.314	-20.682	-12.818       
 36.608	-20.116	-14.548       
 38.991	-22.476	-12.806       
 42.685	-21.874	-12.156       
 45.159	-23.958	-10.173       
 48.324	-22.651	 -8.484       
 51.242	-24.763	 -7.257       
 53.002	-23.766	 -4.050       
 55.763	-21.233	 -4.545       
 59.383	-22.269	 -4.193       
 59.582	-19.627	 -1.457       
 56.865	-21.372	  0.584       
 58.344	-24.800	 -0.133       
 61.636	-23.539	  1.355       
 59.816	-23.003	  4.683       
 58.584	-26.627	  4.815       
 54.921	-26.268	  3.819       
 52.915	-26.482	  0.605       
 49.683	-24.635	 -0.137       
 48.048	-25.602	 -3.406       
 45.355	-23.130	 -4.412       
 42.391	-23.713	 -6.688       
 40.432	-20.624	 -7.763       
 36.839	-20.688	 -9.022       
 36.240	-17.280	-10.556       
 33.069	-15.327	-11.236       
 30.309	-17.883	-10.879       
 26.658	-18.040	 -9.919       
 24.873	-19.461	 -7.963       
 27.022	-19.805	 -4.841       
 26.693	-23.605	 -4.675       
 29.958	-25.233	 -5.831       
 31.924	-28.426	 -5.163       
 35.706	-28.673	 -5.259       
 37.059	-32.213	 -5.456       
 40.822	-32.328	 -4.973       
 42.694	-35.213	 -6.626       
 46.343	-36.174	 -6.066       
 47.751	-38.840	 -8.418       
 44.132	-39.587	 -9.434       
 43.361	-40.263	 -5.743       
 40.385	-38.251	 -4.489       
 41.292	-35.988	 -1.534       
 39.288	-34.958	  1.550       
 39.778	-33.183	  4.909       
 42.956	-31.380	  3.774       
 41.450	-28.288	  2.136       
 39.794	-25.071	  3.394       
 37.365	-22.954	  1.363       
 36.753	-19.215	  1.282       
 34.153	-17.383	 -0.786       
 33.898	-13.717	 -1.701       
 30.769	-11.626	 -1.314       
 28.773	-10.956	 -4.491       
 30.603	 -8.788	 -7.012       
 29.259	 -5.228	 -6.880       
 28.819	 -5.100	-10.681       
 28.150	 -8.642	-11.934       
 26.736	-10.295	 -8.770       
 28.983	-13.364	 -9.129       
 30.967	-15.183	 -6.454       
 34.548	-16.335	 -6.446       
 35.875	-19.159	 -4.311       
 39.320	-20.317	 -3.267       
 40.064	-23.849	 -2.189       
 43.418	-24.274	 -0.465       
 45.002	-27.704	 -0.104       
 47.675	-27.699	  2.609       
 50.463	-30.261	  2.835       
 53.842	-30.735	  4.440       
 56.746	-30.250	  2.029       
 57.509	-33.965	  2.522       
 53.944	-35.050	  1.695       
 53.787	-32.648	 -1.248       
 57.012	-33.957	 -2.804       
 55.867	-37.604	 -2.612       
 53.193	-37.103	 -5.311       
 53.246	-35.903	 -8.932       
 49.865	-34.791	-10.295       
 47.767	-32.290	 -8.345       
 44.266	-31.747	 -9.677       
 41.252	-29.636	 -8.778       
 37.894	-30.914	-10.080       
 35.036	-28.423	 -9.925       
 31.338	-29.217	-10.053       
 28.845	-26.411	-10.686       
 25.359	-25.879	-12.184       
 26.856	-23.788	-15.004       
 29.069	-26.723	-16.050       
 27.460	-29.572	-18.030       
 30.223	-31.813	-16.661       
 32.924	-31.236	-14.022       
 35.944	-29.156	-15.099       
 39.422	-30.199	-13.973       
 42.589	-28.133	-13.743       
 45.818	-29.878	-12.801       
 49.598	-29.671	-12.802       
 52.590	-31.954	-12.399       
 54.899	-31.043	 -9.505       
 57.933	-30.945	-11.836       
 56.412	-29.263	-14.807       
