BRIEF 2VXT I 165              
 12.782	 -7.339	-17.951 -0.885
 15.651	 -5.364	-16.348  0.590
 18.257	 -4.011	-18.746  0.059
 21.830	 -3.400	-17.709 -0.281
 22.030	  0.144	-16.430 -1.471
 25.779	  0.630	-15.900  0.151
 29.057	 -1.248	-16.180 -1.597
 31.972	 -0.095	-13.992 -0.602
 35.617	 -1.217	-13.965 -1.186
 36.642	 -1.643	-10.352  0.389
 39.442	 -2.710	 -8.039 -0.576
 38.062	 -4.433	 -4.944  0.740
 39.910	 -4.455	 -1.595  0.851
 39.082	 -6.415	  1.574  0.778
 39.181	 -5.606	  5.297 -0.041
 42.974	 -5.761	  5.416  1.116
 43.295	 -3.667	  2.188  0.538
 44.255	 -6.725	  0.111  0.612
 43.302	 -6.643	 -3.568  0.800
 40.958	 -9.231	 -5.131  1.304
 42.326	-11.114	 -8.190  0.777
 41.572	-14.234	-10.256 -0.070
 44.465	-16.716	-10.193 -0.074
 45.525	-18.955	-13.058 -0.600
 43.084	-21.613	-11.805 -1.732
 40.233	-19.066	-11.918 -2.305
 40.047	-18.929	 -8.118 -1.107
 39.188	-15.597	 -6.434 -0.179
 41.969	-14.673	 -3.987  0.350
 43.300	-11.588	 -2.197  0.669
 46.867	-10.373	 -1.832  0.542
 48.675	 -7.369	 -0.441  0.908
 49.218	 -5.007	 -3.373  0.433
 50.019	 -1.359	 -3.877 -0.963
 47.831	  0.537	 -6.352  0.667
 50.796	  0.104	 -8.717 -0.293
 50.968	 -3.681	 -8.177  0.641
 47.188	 -3.721	 -8.912 -1.644
 47.710	 -2.114	-12.313 -1.654
 50.747	 -4.318	-13.088 -0.075
 48.475	 -7.290	-12.434  0.472
 45.577	 -6.230	-14.685 -0.289
 43.381	 -7.694	-16.097 -0.599
 43.310	-10.231	-13.237 -1.203
 42.626	 -7.472	-10.660  0.878
 39.979	 -5.525	-12.633 -2.179
 36.363	 -6.452	-11.992  0.611
 33.402	 -5.295	-14.017 -0.523
 30.430	 -4.432	-11.820  1.060
 27.270	 -4.441	-13.898 -1.177
 24.150	 -2.850	-12.363 -0.296
 24.153	 -2.834	-12.331  1.273
 20.582	 -3.871	-13.239  1.136
 18.086	 -2.599	-10.623  0.733
 17.731	 -0.678	 -7.349  0.123
 16.119	 -3.045	 -4.815 -1.697
 16.456	 -1.217	 -1.483 -1.075
 16.094	 -2.573	  1.290  0.073
 18.684	 -5.105	  0.062  0.816
 20.799	 -2.917	 -2.296 -0.099
 21.637	 -2.488	 -5.986  0.021
 21.624	 -2.482	 -5.999  1.508
 21.320	 -5.658	 -8.055  0.187
 24.732	 -6.269	 -9.647  0.027
 26.882	 -8.890	-11.317  1.072
 30.636	 -9.090	-10.886  1.238
 32.688	-10.211	-13.901 -1.920
 32.697	-10.242	-13.881 -1.386
 36.364	-10.421	-14.899 -1.972
 38.034	-10.714	-18.309 -1.131
 41.252	-12.653	-18.581 -1.117
 41.615	-15.425	-21.138 -1.652
 37.820	-15.635	-21.056  0.585
 34.985	-13.622	-19.433  0.591
 33.775	-15.085	-16.145  0.917
 31.002	-14.008	-13.761  0.921
 30.833	-14.602	-10.034 -0.911
 30.890	-14.691	-10.022  0.151
 28.326	-17.212	 -8.852 -0.476
 27.152	-18.039	 -5.310 -0.979
 25.314	-21.191	 -6.306  0.327
 25.154	-23.906	 -3.582  0.990
 26.657	-21.325	 -1.158  0.476
 30.049	-21.872	 -2.842 -0.055
 31.740	-19.000	 -4.658  0.686
 31.644	-18.946	 -4.648  0.141
 33.015	-19.637	 -8.120 -0.955
 33.834	-17.905	-11.328  0.006
 31.434	-19.178	-13.935  1.075
 32.213	-18.930	-17.644 -1.720
 29.542	-16.574	-18.955 -1.025
 29.118	-12.958	-19.930  1.516
 27.122	-10.617	-17.747 -0.638
 23.566	-10.540	-19.160 -1.070
 22.253	 -7.769	-21.374 -0.132
 18.927	 -8.146	-19.543 -0.885
 17.756	-10.161	-16.564  0.833
 14.235	-11.464	-16.162  0.609
 14.287	-10.849	-12.411  0.776
 16.895	-10.326	 -9.681  1.021
 16.872	-13.924	 -8.389  1.293
 19.882	-15.545	-10.092  0.969
 22.901	-16.931	 -8.229  0.556
 25.040	-14.464	-10.194  0.137
 23.141	-11.508	 -8.696 -0.882
 23.176	-11.453	 -8.752  0.672
 24.454	 -9.721	 -5.577  0.322
 22.860	 -6.782	 -3.802  0.280
 25.513	 -4.169	 -3.339 -0.227
 24.828	 -1.915	 -0.316  0.232
 24.961	 -1.709	 -0.538  0.075
 26.962	  0.411	  1.834  1.197
 27.243	 -0.559	  5.466  0.447
 24.692	  1.592	  7.318 -0.134
 26.406	  4.812	  8.466  0.966
 29.646	  4.073	  6.569  0.786
 29.001	  5.083	  2.985  1.349
 32.316	  3.877	  1.544  1.557
 32.263	  0.373	  3.037  0.997
 30.434	 -1.981	  0.650 -0.678
 28.706	 -5.297	  1.208 -2.381
 27.618	 -7.778	 -1.489  1.101
 24.659	 -9.952	 -0.448 -1.170
 24.687	-10.006	 -0.422  0.920
 23.818	-13.089	 -2.456  1.304
 20.442	-12.786	 -4.103  1.294
 19.862	-16.512	 -4.133  0.523
 20.964	-17.097	 -0.528 -1.145
 19.501	-14.288	  1.576  0.269
 21.706	-13.304	  4.526  0.324
 24.862	-14.682	  2.930 -2.388
 27.537	-12.314	  1.697 -0.065
 30.851	-12.112	 -0.112  0.292
 33.670	-12.349	  2.463 -1.967
 37.406	-12.588	  2.777  1.409
 38.700	-15.563	  4.725  0.952
 42.221	-16.881	  5.448  0.765
 42.660	-20.522	  4.553  1.299
 46.117	-21.880	  5.288  1.135
 48.447	-19.660	  3.245 -1.842
 45.755	-18.113	  1.014 -0.101
 43.214	-15.334	  1.466  1.213
 40.120	-16.429	 -0.375  0.059
 36.838	-14.877	 -1.521 -1.861
 34.050	-17.019	  0.008 -1.241
 30.327	-16.794	  0.652  0.778
 29.672	-16.436	  4.403 -1.393
 26.459	-16.264	  6.457  1.247
 26.275	-12.901	  8.198 -1.278
 26.251	-14.044	 11.822  0.116
 26.610	-10.602	 13.412  0.554
 26.701	 -6.920	 12.514  0.650
 29.950	 -5.055	 11.836 -0.011
 31.820	 -8.125	 10.596  0.482
 34.569	 -6.411	  8.672  0.642
 35.324	 -9.545	  6.588 -1.661
 32.138	 -8.878	  4.587       
 33.115	 -5.244	  3.928       
 35.026	 -3.999	  0.897       
 36.472	 -0.908	 -0.688       
 36.337	 -0.822	 -0.651       
 35.435	 -0.456	 -4.338       
 37.750	  1.803	 -6.377       
 36.448	  3.046	 -9.769       
 38.730	  2.692	-12.854       
BRIEF 2VXT H 224              
 35.959	-16.679	 25.584       
 34.714	-13.545	 23.808       
 34.355	-10.901	 26.580       
 33.457	 -7.221	 26.658       
 34.275	 -5.852	 30.121       
 32.845	 -2.421	 30.894       
 33.954	  0.092	 33.448       
 32.058	  0.661	 36.665       
 29.038	  2.791	 37.464       
 29.602	  6.562	 37.491       
 28.045	  9.443	 39.457       
 28.610	 12.687	 37.565       
 27.414	 16.288	 37.769       
 25.142	 18.003	 35.253       
 27.157	 19.947	 32.696       
 30.215	 17.750	 33.217       
 31.498	 14.943	 30.971       
 31.385	 14.873	 31.048       
 32.082	 11.201	 31.512       
 34.109	  8.565	 29.673       
 33.218	  4.914	 29.904       
 35.327	  2.019	 28.619       
 34.679	 -1.377	 27.056       
 37.629	 -3.790	 27.132       
 37.444	 -6.479	 24.447       
 39.203	 -9.830	 24.605       
 39.081	-13.323	 23.122       
 38.962	-12.390	 19.438       
 40.855	-10.110	 17.025       
 40.730	-10.135	 16.952       
 39.698	 -6.630	 18.068       
 40.026	 -4.976	 14.683       
 37.888	 -7.577	 12.857       
 34.546	 -6.303	 14.212       
 32.867	 -2.944	 14.844       
 31.894	 -2.019	 18.398       
 28.373	 -0.727	 19.052       
 27.064	  1.404	 21.897       
 23.464	  1.274	 23.148       
 21.560	  3.334	 25.760       
 18.914	  1.748	 27.970       
 16.753	  4.205	 29.875       
 13.504	  4.395	 31.756       
 14.306	  3.287	 32.564       
 12.225	  7.038	 29.336       
 15.559	 -0.327	 32.451       
 13.293	  5.890	 25.869       
 13.201	 -0.353	 29.452       
 13.940	  2.149	 26.349       
 13.742	  1.595	 26.244       
 16.737	  0.931	 24.000       
 18.441	  3.339	 21.606       
 21.430	  2.712	 19.357       
 24.064	  5.444	 19.977       
 26.720	  4.706	 17.414       
 29.465	  2.436	 16.238       
 33.132	  2.465	 15.549       
 35.454	  0.586	 13.192       
 38.491	 -0.225	 15.380       
 40.789	 -0.732	 12.379       
 40.574	  2.836	 11.035       
 38.659	  4.715	 13.731       
 35.678	  5.491	 11.485       
 32.482	  6.248	 13.366       
 28.739	  6.381	 12.744       
 28.777	  6.552	 12.700       
 26.183	  7.983	 15.060       
 22.506	  8.147	 15.665       
 21.867	 11.781	 14.760       
 20.218	 12.243	 18.187       
 23.538	 11.446	 19.880       
 26.045	 12.827	 17.407       
 26.759	 15.968	 19.456       
 26.460	 14.162	 22.851       
 28.716	 11.112	 22.316       
 32.242	 10.651	 21.061       
 33.396	  7.120	 20.278       
 37.064	  6.167	 20.179       
 39.267	  3.079	 20.471       
 42.678	  2.236	 21.714       
 42.708	  2.278	 21.757       
 43.952	 -0.542	 19.456       
 44.095	 -0.486	 19.548       
 46.854	 -1.541	 21.736       
 46.908	 -1.626	 21.817       
 44.643	 -2.085	 24.821       
 41.782	 -3.434	 22.632       
 39.375	 -1.073	 24.388       
 36.526	  1.077	 23.066       
 35.465	  4.309	 24.841       
 32.324	  6.426	 24.842       
 32.643	 10.026	 26.023       
 29.471	 11.949	 26.842       
 29.559	 15.732	 27.123       
 27.298	 18.409	 28.480       
 25.512	 15.935	 30.741       
 21.890	 16.358	 31.822       
 19.364	 14.231	 33.764       
 19.283	 14.307	 33.761       
 18.166	 12.781	 30.460       
 21.610	 11.125	 30.081       
 21.098	  9.023	 33.201       
 20.889	  5.478	 31.833       
 22.717	  2.148	 31.465       
 25.137	  2.209	 28.538       
 26.109	 -1.090	 26.847       
 28.865	 -1.920	 24.407       
 28.505	 -4.894	 22.044       
 30.294	 -6.810	 19.348       
 27.827	 -7.486	 16.527       
 24.837	 -6.678	 18.761       
 25.588	-10.430	 19.560       
 28.100	-10.382	 22.421       
 27.320	 -7.700	 25.025       
 29.107	 -5.964	 27.830       
 27.467	 -5.954	 31.232       
 26.464	 -2.294	 31.024       
 27.629	  0.889	 32.788       
 25.130	  2.882	 34.856       
 25.698	  6.637	 34.554       
 23.705	  8.746	 37.024       
 23.687	 12.482	 36.453       
 22.888	 14.530	 39.568       
 23.877	 17.774	 41.242       
 23.288	 16.273	 44.678       
 26.013	 15.587	 47.238       
 25.893	 12.527	 49.477       
 22.798	 13.052	 51.576       
 21.367	 10.766	 54.251       
 17.682	  9.785	 54.144       
 15.097	 11.272	 56.422       
 13.112	  8.325	 57.841       
  9.496	  9.090	 58.614       
  6.984	  6.740	 60.234       
  3.720	  5.968	 58.397       
  0.962	  5.134	 60.920       
 -2.788	  5.080	 60.238       
 -4.996	  8.045	 61.072       
 -8.201	 -7.142	 61.127       
 -4.968	 -6.495	 59.213       
 -3.170	 -3.190	 59.743       
 -3.129	 -3.217	 59.754       
 -0.687	 -1.717	 57.236       
  2.227	  0.412	 58.467       
  5.153	  1.918	 56.652       
  8.300	  3.982	 56.544       
  8.234	  4.065	 56.609       
  8.400	  3.823	 56.447       
  8.987	  6.849	 54.163       
 12.708	  7.046	 53.345       
 12.969	 10.558	 51.891       
 15.653	 12.607	 50.149       
 18.818	 10.540	 49.991       
 21.737	 10.290	 47.566       
 23.216	  8.104	 46.146       
 21.518	  4.715	 46.006       
 21.013	  2.334	 47.681       
 19.217	  2.218	 51.006       
 18.342	 -1.078	 52.743       
 15.074	 -1.375	 54.723       
 14.106	 -4.119	 57.157       
 11.352	 -4.476	 59.744       
 12.060	 -5.635	 63.310       
 15.607	 -6.389	 62.193       
 14.262	 -8.802	 59.549       
 11.870	-10.702	 61.868       
  8.939	 -9.544	 59.728       
  8.992	-10.442	 56.044       
  5.869	-12.267	 54.822       
  3.885	 -9.019	 54.942       
  6.615	 -6.695	 53.663       
  7.461	 -4.951	 50.471       
  9.646	 -2.065	 49.567       
  8.971	  0.118	 46.580       
 11.614	  1.087	 44.056       
 13.356	  4.425	 44.644       
 12.269	  7.389	 42.500       
 13.784	 10.849	 41.911       
 11.577	 13.440	 43.652       
 13.874	 16.459	 43.287       
 17.659	 15.767	 42.868       
 17.345	 13.144	 45.626       
 15.838	  9.648	 45.794       
 12.764	  8.634	 47.795       
 11.175	  5.304	 48.583       
  8.760	  3.769	 51.003       
  8.732	  3.826	 51.077       
  8.361	  0.380	 52.597       
  5.135	 -1.291	 53.600       
  4.430	 -3.955	 56.286       
  1.102	 -5.628	 57.073       
  0.482	 -7.342	 60.399       
 -2.608	 -8.523	 62.311       
 -4.354	 -5.880	 64.431       
 -3.896	 -8.126	 67.467       
 -0.112	 -7.829	 67.020       
 -0.156	 -7.872	 66.815       
  0.272	 -4.038	 66.666       
  0.350	 -1.777	 68.652       
  0.474	 -4.653	 71.196       
  4.031	 -5.532	 70.117       
  6.425	 -2.955	 68.615       
  7.090	 -2.622	 64.902       
 10.240	 -0.765	 63.840       
 11.755	 -0.048	 60.442       
 11.715	  0.132	 60.433       
 15.515	 -0.223	 60.138       
 17.085	  1.894	 57.384       
 20.724	  1.815	 56.252       
 22.347	  4.226	 53.790       
 25.922	  3.003	 53.488       
 27.162	  5.957	 51.401       
 26.529	  8.255	 54.398       
 27.194	  5.683	 57.169       
 23.547	  6.177	 58.268       
 21.583	  3.562	 60.218       
 18.227	  4.634	 61.651       
 15.634	  2.675	 63.622       
 12.176	  4.257	 63.518       
  9.494	  2.819	 65.799       
  5.964	  3.080	 64.358       
  3.775	  4.539	 67.088       
 -0.039	  4.846	 67.075       
 -1.431	  8.283	 66.243       
BRIEF 2VXT L 228              
 14.064	  6.427	 10.792       
 12.469	  2.963	 10.870       
 10.102	  2.532	 13.817       
  9.810	 -0.954	 15.289       
  6.455	 -1.373	 17.000       
  6.715	 -4.258	 19.452       
  3.615	 -5.808	 20.993       
  2.454	 -6.597	 23.495       
  4.658	 -4.679	 25.909       
  3.515	 -7.010	 28.645       
  3.479	 -6.963	 28.714       
  2.222	-10.547	 28.216       
  0.843	-12.639	 31.064       
  1.102	-16.372	 30.502       
  1.568	-19.719	 32.242       
  4.151	-22.463	 32.311       
  3.721	-24.704	 29.278       
  1.855	-22.103	 27.198       
  1.851	-22.162	 27.171       
  2.806	-21.267	 23.616       
  3.165	-17.510	 23.109       
  4.262	-15.124	 20.324       
  4.487	-15.144	 20.494       
  5.686	-11.567	 20.483       
  5.471	 -9.348	 17.394       
  7.506	 -6.522	 15.876       
  6.003	 -4.455	 13.041       
  8.436	 -2.362	 10.948       
  7.414	  1.044	  9.588       
  9.480	  0.400	  6.422       
 10.636	 -2.750	  4.660       
 13.477	 -4.382	  6.585       
 13.575	 -7.665	  4.651       
 15.068	-10.403	  6.824       
 15.025	-10.402	  6.856       
 17.218	 -7.967	  8.833       
 15.862	 -8.455	 12.349       
 17.334	 -9.782	 15.603       
 15.588	-10.916	 18.784       
 17.289	-10.278	 22.086       
 16.516	-11.491	 25.592       
 17.490	 -9.573	 28.719       
 17.751	-11.084	 32.181       
 16.854	 -9.124	 35.343       
 20.506	 -8.337	 36.039       
 20.807	 -6.626	 32.643       
 22.532	 -9.453	 30.788       
 21.679	 -9.618	 27.075       
 21.565	-12.795	 24.994       
 20.783	-12.810	 21.295       
 18.200	-15.497	 20.472       
 17.493	-15.119	 16.777       
 19.383	-13.461	 13.931       
 18.339	-12.762	 10.361       
 14.618	-13.224	 11.304       
 14.632	-16.995	 11.811       
 18.132	-18.321	 12.519       
 18.472	-19.651	 16.052       
 21.640	-18.814	 17.910       
 23.777	-21.583	 19.330       
 23.212	-22.218	 23.043       
 19.579	-21.120	 22.785       
 16.881	-23.610	 23.760       
 15.069	-25.145	 20.825       
 11.654	-23.894	 22.063       
 12.539	-20.487	 20.658       
 11.897	-19.743	 17.003       
 11.628	-16.747	 14.764       
  9.482	-16.143	 11.740       
  8.079	-13.493	  9.490       
  4.785	-12.969	  7.732       
  4.739	 -9.593	  5.905       
  5.922	 -6.541	  7.855       
  5.266	 -8.585	 11.065       
  8.109	-10.458	 12.666       
  7.494	-12.890	 15.533       
  9.338	-14.665	 18.251       
  7.518	-17.805	 19.370       
  8.225	-19.802	 22.519       
  6.580	-23.215	 22.019       
  6.152	-24.090	 25.708       
  7.149	-21.592	 28.399       
  9.564	-22.480	 31.193       
 10.163	-20.526	 34.358       
 13.352	-18.899	 33.123       
 11.524	-17.450	 30.125       
  9.581	-14.795	 32.107       
 12.005	-12.015	 31.295       
 12.340	 -9.135	 28.767       
 12.596	 -9.378	 25.000       
 13.476	 -6.816	 22.270       
 13.610	 -6.870	 18.496       
 16.238	 -4.874	 16.552       
 16.293	 -3.981	 12.860       
 19.523	 -3.572	 10.934       
 18.144	 -2.753	  7.485       
 18.905	  0.966	  7.787       
 20.631	  3.536	  9.942       
 20.643	  3.532	  9.958       
 19.943	  4.327	 12.676       
 19.462	  0.794	 13.916       
 16.261	  0.791	 16.025       
 14.814	 -1.443	 18.675       
 11.293	 -2.461	 19.544       
 10.044	 -1.093	 22.837       
 10.220	 -4.461	 24.564       
  7.987	 -7.184	 25.951       
  8.031	 -8.399	 29.553       
  6.729	-11.944	 29.976       
  6.635	-11.883	 30.009       
  4.806	-12.132	 33.323       
  3.076	-14.926	 35.241       
 -0.679	-15.178	 34.883       
 -2.781	-15.417	 38.069       
 -6.266	-14.622	 39.330       
 -7.407	-11.041	 39.506       
 -7.117	 -9.342	 42.867       
 -8.263	 -6.030	 44.285       
 -5.711	 -3.792	 45.935       
 -5.478	 -3.139	 49.651       
 -5.420	  0.645	 49.890       
 -3.883	  2.567	 52.801       
 -3.370	  6.321	 53.270       
 -0.940	  7.928	 55.671       
 -0.670	 11.495	 56.858       
  2.610	 13.377	 57.146       
  4.520	 12.563	 60.295       
  5.145	 15.258	 62.925       
  8.877	 14.673	 62.236       
  8.577	 15.667	 58.580       
  6.445	 18.694	 59.397       
  9.195	 19.836	 61.746       
 11.486	 20.043	 58.689       
 11.555	 20.223	 58.771       
  8.954	 22.072	 56.619       
  7.766	 19.402	 54.180       
  4.650	 17.252	 54.045       
  4.354	 13.944	 52.184       
  1.024	 12.123	 52.072       
  1.535	  8.449	 51.201       
 -0.858	  5.929	 49.674       
 -0.906	  5.970	 49.651       
 -0.147	  2.238	 49.254       
 -2.103	  0.171	 46.684       
 -0.982	 -3.317	 47.652       
 -1.162	 -6.807	 46.127       
 -3.399	 -6.354	 43.072       
 -3.649	 -8.004	 39.694       
 -3.616	 -7.202	 36.768       
 -0.941	 -4.600	 36.876       
 -2.811	 -1.623	 35.493       
 -2.803	 -1.596	 35.506       
 -4.503	  0.625	 38.023       
 -5.645	  4.270	 38.331       
 -4.923	  6.386	 41.431       
 -6.265	  9.871	 42.057       
 -5.514	 12.320	 44.864       
 -7.996	 14.858	 46.168       
 -7.567	 17.728	 48.618       
-10.885	 18.829	 50.098       
-12.634	 17.029	 47.259       
-10.663	 18.605	 44.388       
 -8.390	 16.482	 42.256       
 -4.683	 17.172	 42.746       
 -2.161	 16.200	 40.054       
  0.880	 18.327	 40.843       
  3.349	 16.938	 43.359       
  2.279	 13.312	 42.929       
  4.918	 10.648	 42.358       
  4.225	  6.993	 41.811       
  6.386	  3.904	 42.238       
  5.568	  0.472	 40.905       
  5.502	  0.425	 40.996       
  6.907	 -2.875	 42.222       
  7.958	 -5.603	 39.822       
  5.729	 -8.662	 39.836       
  5.935	-10.386	 43.216       
  8.038	-13.527	 43.080       
  5.747	-15.412	 45.458       
  2.180	-14.377	 44.804       
  2.487	-12.862	 41.292       
  0.693	 -9.641	 42.345       
  1.756	 -6.025	 41.864       
  1.891	 -3.106	 44.257       
  2.201	  0.624	 43.932       
  2.333	  0.633	 43.869       
  2.891	  3.609	 46.135       
  1.616	  7.107	 45.394       
  3.096	 10.000	 47.290       
  1.802	 13.586	 47.244       
  4.425	 16.020	 48.465       
  3.489	 19.505	 49.578       
  5.069	 22.264	 51.624       
  3.993	 22.333	 55.248       
  2.451	 25.759	 54.514       
  0.245	 24.365	 51.744       
 -0.567	 21.139	 53.597       
 -1.746	 23.041	 56.662       
 -4.227	 25.140	 54.619       
 -6.471	 22.150	 53.872       
 -8.676	 19.770	 55.819       
 -8.946	 16.464	 54.112       
 -6.780	 14.370	 51.851       
 -8.047	 11.426	 49.810       
 -6.489	  8.791	 47.626       
 -6.434	  8.620	 47.832       
 -8.861	  6.909	 45.378       
 -7.945	  3.710	 43.503       
 -9.895	  2.214	 40.690       
 -9.102	 -1.136	 39.163       
-10.603	 -3.760	 36.864       
-11.834	 -5.478	 40.020       
-13.541	 -2.426	 41.538       
-17.319	 -2.165	 41.708       
-16.802	  1.370	 43.038       
-16.827	  1.424	 42.853       
-13.567	  3.322	 43.411       
-11.764	  2.550	 46.694       
-11.544	  5.828	 48.610       
 -9.275	  6.250	 51.643       
 -9.131	  9.600	 53.413       
 -9.088	  9.604	 53.406       
 -9.112	  9.608	 53.414       
 -8.114	 11.459	 56.537       
 -8.633	 14.886	 58.133       
 -5.311	 16.397	 59.002       
 -6.630	 17.411	 62.438       
 -8.092	 14.092	 63.621       
