BRIEF 2W9E A 99               
-50.090	-48.521	 27.458  0.267
-50.952	-52.109	 26.245 -0.676
-47.601	-53.986	 26.516  0.265
-45.303	-51.094	 27.494  0.938
-43.006	-50.097	 30.289  0.865
-42.767	-46.470	 31.384 -0.137
-39.309	-45.340	 32.406  0.953
-38.757	-42.989	 35.330  0.764
-38.151	-39.251	 34.879  0.562
-34.876	-37.999	 33.433  0.707
-33.421	-34.492	 33.030  0.616
-34.110	-33.370	 29.435  0.802
-30.857	-33.086	 27.455  0.760
-30.017	-29.973	 25.445 -2.822
-30.186	-30.523	 21.676 -1.854
-28.125	-28.361	 19.286 -0.031
-29.377	-27.810	 15.745  0.959
-26.820	-25.539	 14.163  0.121
-28.800	-22.342	 14.276  0.024
-29.347	-19.987	 17.156 -0.500
-33.068	-19.770	 16.305 -1.238
-33.435	-23.544	 16.619  1.030
-31.384	-23.846	 19.814  0.119
-33.267	-20.917	 21.408  0.652
-36.577	-22.419	 20.205  0.584
-35.910	-25.820	 21.695  0.584
-34.640	-24.397	 24.944  0.446
-37.771	-22.297	 25.447  0.606
-40.213	-24.948	 24.298  0.891
-38.601	-28.000	 25.890 -0.595
-40.861	-27.955	 29.009 -1.077
-43.680	-28.940	 26.677  0.846
-41.842	-32.098	 25.602  0.274
-41.554	-35.500	 27.338  0.985
-39.189	-36.241	 30.226  0.026
-39.980	-39.951	 30.348  0.449
-40.191	-42.489	 27.591  1.071
-42.584	-45.332	 26.935  0.365
-40.905	-48.358	 25.378  0.948
-41.435	-52.058	 24.794 -1.935
-39.319	-54.414	 26.965 -0.398
-35.592	-54.996	 26.308 -0.047
-35.947	-58.670	 25.448 -1.167
-38.118	-58.116	 22.384 -0.692
-35.190	-56.381	 20.739 -0.391
-32.274	-57.679	 18.696 -2.001
-30.402	-54.371	 18.905 -0.901
-30.414	-50.953	 20.514 -0.245
-31.462	-49.068	 17.374  0.090
-34.691	-51.004	 16.839 -2.288
-35.365	-50.372	 20.494  0.683
-34.814	-46.634	 20.158  1.071
-36.926	-46.331	 16.978 -1.164
-40.045	-47.764	 18.610  1.046
-39.413	-45.943	 21.871  0.638
-39.465	-42.718	 19.898 -0.222
-42.639	-43.534	 17.911  1.076
-44.561	-44.743	 20.964  0.361
-43.590	-41.929	 23.359  0.929
-44.337	-39.298	 20.712  0.171
-47.780	-40.765	 20.120  0.883
-48.621	-41.122	 23.825  0.003
-47.445	-37.571	 24.510  0.587
-49.500	-36.115	 21.650  0.176
-52.609	-38.245	 22.354  0.383
-52.427	-36.790	 25.915  0.797
-51.338	-33.171	 25.330  0.355
-54.244	-32.705	 22.857  0.101
-56.531	-33.984	 25.642  0.190
-55.353	-31.097	 27.827  0.555
-55.910	-28.422	 25.154  0.802
-52.342	-28.189	 23.815 -1.598
-51.115	-28.089	 20.172  0.765
-47.773	-28.922	 18.500 -1.066
-46.235	-27.427	 15.328  0.215
-44.546	-29.732	 12.772  0.611
-41.251	-28.236	 14.078 -0.253
-42.156	-29.339	 17.615  0.577
-42.443	-32.958	 16.497 -2.597
-39.168	-32.610	 14.584 -0.397
-37.598	-31.268	 17.730  0.196
-39.358	-33.868	 19.931 -0.018
-38.034	-36.696	 17.803  0.207
-34.603	-35.336	 18.475  0.188
-34.860	-35.177	 22.296  0.557
-36.888	-38.408	 22.629  0.551
-34.151	-40.195	 20.689  0.232
-31.548	-39.165	 23.318  0.626
-33.813	-40.090	 26.240  0.900
-34.628	-43.494	 24.669  0.935
-30.883	-44.068	 24.235 -2.202
-30.549	-43.219	 27.960  0.439
-33.392	-45.614	 28.746  0.628
-31.824	-48.494	 26.825  0.938
-28.690	-47.698	 28.805 -1.080
-30.475	-47.874	 32.163 -2.827
-32.028	-51.138	 31.090 -0.370
-28.636	-52.835	 30.563 -2.656
-26.538	-50.612	 32.915 -2.496
BRIEF 2W9E H 216              
-41.636	 -9.462	  2.528       
-43.478	 -9.391	  5.885       
-44.388	 -5.926	  7.226       
-44.244	 -5.245	 11.000       
-46.316	 -2.258	 12.036       
-46.600	 -1.077	 15.656       
-49.199	  1.267	 17.125       
-48.651	  5.025	 17.276       
-46.915	  6.913	 20.140       
-48.601	  6.907	 23.584       
-48.694	  9.538	 26.311       
-49.548	  8.145	 29.723       
-50.060	  9.704	 33.149       
-47.721	  8.162	 35.734       
-49.351	  5.264	 37.570       
-51.493	  4.357	 34.532       
-50.886	  1.470	 32.118       
-50.766	  1.205	 28.302       
-51.131	 -1.580	 25.749       
-49.070	 -1.210	 22.604       
-49.605	 -3.479	 19.570       
-47.630	 -5.025	 16.743       
-48.876	 -6.945	 13.676       
-47.276	 -9.378	 11.198       
-48.592	 -8.117	  7.848       
-48.365	-10.585	  4.922       
-46.823	-13.201	  7.230       
-46.666	-16.738	  5.804       
-44.601	-18.113	  8.689       
-46.837	-20.445	 10.691       
-44.654	-20.040	 13.777       
-41.831	-17.581	 14.460       
-40.670	-15.611	 17.458       
-41.646	-12.171	 18.619       
-39.114	-10.283	 20.696       
-40.001	 -7.112	 22.622       
-37.087	 -4.766	 23.228       
-36.965	 -1.444	 25.052       
-34.549	  1.335	 24.200       
-34.064	  4.256	 26.562       
-32.928	  7.767	 25.574       
-31.741	  6.543	 22.145       
-28.979	  4.153	 23.206       
-29.292	  1.111	 25.477       
-31.347	 -1.909	 24.391       
-32.853	 -4.326	 26.889       
-34.751	 -7.498	 26.035       
-38.220	 -7.536	 27.647       
-39.711	-10.899	 26.706       
-41.073	-12.874	 23.816       
-43.956	-14.909	 22.402       
-44.244	-17.667	 19.845       
-47.724	-16.639	 18.597       
-48.849	-19.923	 17.062       
-49.355	-21.168	 19.716       
-48.679	-20.220	 23.353       
-45.180	-19.915	 24.800       
-44.175	-16.706	 26.616       
-40.826	-15.840	 28.190       
-39.865	-12.914	 30.401       
-36.807	-11.011	 31.430       
-36.969	-11.194	 35.225       
-36.414	 -7.425	 35.292       
-39.720	 -6.845	 33.484       
-42.056	 -9.288	 35.228       
-44.762	 -7.184	 36.860       
-43.904	 -4.426	 34.393       
-44.720	 -5.979	 31.056       
-47.364	 -8.569	 30.229       
-47.129	-10.107	 26.753       
-50.037	-11.622	 24.797       
-51.013	-12.395	 21.227       
-54.089	-12.570	 18.972       
-54.025	-14.613	 15.751       
-57.647	-13.656	 15.025       
-55.579	-10.775	 13.498       
-51.807	-11.624	 13.628       
-51.384	 -8.956	 16.316       
-49.151	 -9.088	 19.409       
-49.664	 -6.951	 22.526       
-47.451	 -5.569	 25.278       
-49.244	 -4.270	 28.338       
-46.913	 -1.920	 30.207       
-48.030	 -1.833	 33.872       
-47.966	  0.993	 36.430       
-45.821	  3.489	 34.529       
-43.048	  5.653	 35.901       
-40.738	  8.096	 34.090       
-38.255	  5.207	 33.829       
-40.730	  3.526	 31.480       
-40.476	  6.321	 28.899       
-38.670	  4.791	 25.938       
-38.991	  3.470	 22.421       
-40.325	 -0.072	 22.446       
-39.455	 -2.328	 19.517       
-41.142	 -5.347	 17.981       
-38.889	 -7.982	 16.499       
-39.950	-10.942	 14.423       
-39.950	-10.947	 14.428       
-37.503	-13.839	 14.092       
-37.942	-16.892	 11.862       
-34.557	-18.479	 11.058       
-32.480	-16.385	  8.615       
-35.253	-13.759	  8.353       
-35.510	-10.906	 10.844       
-37.912	 -7.979	 10.989       
-38.033	 -5.172	 13.536       
-41.026	 -2.836	 13.733       
-40.702	  0.940	 13.523       
-40.824	  1.364	 17.312       
-43.494	  2.762	 19.600       
-42.493	  5.844	 21.600       
-43.976	  5.940	 25.108       
-43.830	  9.196	 27.078       
-44.726	  8.994	 30.789       
-45.851	 12.450	 31.847       
-48.685	 14.636	 33.031       
-47.978	 17.320	 30.419       
-50.878	 18.630	 28.332       
-51.015	 17.622	 24.661       
-50.257	 20.940	 22.942       
-50.303	 21.045	 19.123       
-47.231	 22.804	 17.712       
-47.133	 26.250	 16.219       
-45.469	 25.987	 12.806       
-43.387	 28.915	 11.632       
-41.958	 29.375	  8.107       
-38.390	 30.616	  7.712       
-37.447	 32.786	  4.736       
-34.229	 34.857	  4.129       
-33.944	 38.687	  4.289       
-33.107	 41.418	  1.750       
-30.621	 39.217	 -0.221       
-29.081	 35.730	 -0.740       
-27.926	 33.384	 -3.603       
-24.451	 31.827	 -3.930       
-25.448	 28.707	 -5.924       
-28.228	 27.105	 -3.814       
-30.671	 28.808	 -1.406       
-31.753	 27.607	  2.053       
-35.223	 27.497	  3.645       
-36.711	 25.899	  6.737       
-39.507	 25.309	  9.230       
-39.608	 25.944	 12.948       
-41.976	 23.695	 14.902       
-42.426	 25.177	 18.339       
-44.298	 24.642	 21.624       
-45.626	 21.099	 21.228       
-46.052	 18.005	 23.414       
-45.431	 15.188	 23.297       
-42.989	 13.748	 20.825       
-42.984	 12.731	 17.999       
-43.676	 14.992	 15.061       
-42.584	 14.251	 11.515       
-41.581	 16.861	  8.941       
-41.937	 16.351	  5.184       
-41.056	 18.711	  2.377       
-43.651	 18.776	 -0.405       
-45.239	 15.683	  1.219       
-41.921	 13.794	  0.819       
-41.255	 14.782	 -2.803       
-38.407	 16.975	 -1.474       
-35.658	 14.691	 -0.098       
-32.401	 16.301	 -1.320       
-30.766	 18.575	  1.273       
-33.331	 18.177	  4.010       
-32.081	 18.261	  7.578       
-34.691	 17.563	 10.235       
-33.155	 17.921	 13.696       
-33.901	 16.127	 17.004       
-36.362	 17.880	 19.299       
-35.202	 19.566	 22.486       
-37.470	 19.690	 25.507       
-37.436	 23.159	 27.071       
-39.699	 24.118	 29.973       
-41.899	 21.032	 29.466       
-42.346	 21.740	 25.693       
-40.788	 20.270	 22.550       
-39.175	 22.302	 19.761       
-37.628	 21.163	 16.485       
-36.564	 22.748	 13.213       
-36.022	 21.572	  9.677       
-33.946	 23.006	  6.845       
-34.192	 22.275	  3.149       
-31.791	 23.538	  0.483       
-33.010	 24.166	 -3.020       
-31.295	 25.371	 -6.221       
-31.094	 29.195	 -6.502       
-33.539	 29.252	 -9.409       
-36.477	 27.193	 -8.032       
-37.580	 29.463	 -5.187       
-39.842	 31.266	 -4.961       
-40.883	 30.075	 -8.481       
-41.919	 26.468	 -7.583       
-44.029	 26.325	 -4.383       
-42.238	 24.961	 -1.288       
-44.065	 23.600	  1.790       
-43.191	 21.823	  5.020       
-45.746	 19.312	  6.253       
-45.836	 18.874	 10.017       
-47.729	 15.988	 11.589       
-48.430	 15.488	 15.286       
-49.934	 12.001	 15.805       
-50.765	 12.840	 19.419       
-52.850	 15.981	 18.835       
-53.966	 14.730	 15.396       
-52.743	 17.919	 13.682       
-51.383	 17.779	 10.141       
-50.381	 21.317	  9.202       
-49.252	 22.710	  5.816       
-47.113	 25.844	  5.667       
-45.848	 27.424	  2.433       
-42.634	 29.486	  2.413       
-43.021	 33.014	  0.992       
-40.082	 35.479	  0.833       
-39.874	 38.027	  3.692       
BRIEF 2W9E L 217              
-27.328	-12.354	 32.436       
-24.428	-12.689	 30.067       
-22.809	 -9.264	 30.031       
-21.829	 -8.131	 26.522       
-19.027	 -5.520	 26.556       
-18.341	 -3.784	 23.243       
-15.235	 -1.861	 22.230       
-14.336	  0.630	 21.367       
-17.339	  2.653	 22.632       
-16.785	  5.127	 19.797       
-14.517	  4.734	 16.783       
-13.616	  7.004	 13.879       
-12.171	  5.363	 10.743       
-10.808	  6.640	  7.405       
-12.548	  5.412	  4.231       
-11.338	  2.140	  2.674       
 -9.842	  1.117	  6.036       
-10.277	 -2.319	  7.551       
-12.285	 -1.858	 10.700       
-12.691	 -4.312	 13.558       
-14.974	 -3.965	 16.537       
-15.115	 -6.424	 19.444       
-15.138	 -6.435	 19.430       
-17.795	 -7.811	 21.755       
-16.679	 -9.726	 24.846       
-18.946	-11.998	 26.858       
-18.843	-12.672	 30.611       
-19.753	-16.356	 30.096       
-19.331	-18.535	 26.988       
-19.330	-18.512	 26.982       
-21.936	-18.077	 24.187       
-22.581	-20.305	 21.169       
-23.498	-17.774	 18.470       
-23.334	-13.973	 18.450       
-25.638	-11.587	 16.585       
-24.983	 -8.030	 15.460       
-27.454	 -5.222	 14.768       
-26.933	 -1.909	 13.043       
-28.698	  1.262	 14.065       
-28.594	  4.599	 12.274       
-30.146	  7.527	 14.126       
-33.840	  7.826	 13.331       
-34.299	  4.188	 12.283       
-34.907	  1.132	 14.425       
-32.142	 -1.453	 14.952       
-31.850	 -4.051	 12.175       
-30.101	 -7.403	 12.328       
-26.883	 -7.205	 10.366       
-25.143	-10.452	 11.233       
-26.792	-13.515	 12.697       
-25.371	-16.856	 13.864       
-21.910	-15.296	 14.400       
-20.955	-15.081	 10.747       
-23.970	-15.002	  8.427       
-24.975	-11.661	  6.868       
-28.610	-10.545	  7.208       
-30.467	 -9.661	  4.010       
-29.145	 -6.670	  2.070       
-26.087	 -6.300	  4.297       
-23.038	 -5.552	  2.091       
-20.417	 -8.287	  1.566       
-17.540	 -6.237	  3.083       
-18.963	 -7.137	  6.443       
-18.086	-10.306	  8.313       
-18.389	-11.635	 11.852       
-16.343	-14.267	 13.676       
-15.718	-15.648	 17.146       
-16.319	-18.373	 19.720       
-16.725	-18.736	 23.468       
-16.400	-15.304	 25.035       
-14.761	-13.353	 22.210       
-14.778	-13.342	 22.212       
-16.654	-12.152	 19.114       
-15.860	 -9.539	 16.451       
-15.817	 -9.568	 16.420       
-17.345	 -7.663	 13.472       
-17.333	 -7.680	 13.462       
-15.240	 -6.542	 10.541       
-15.734	 -4.163	  7.674       
-13.081	 -5.219	  5.172       
-13.221	 -1.781	  3.512       
-14.756	  1.198	  5.369       
-17.517	  2.970	  3.476       
-19.607	  6.061	  4.276       
-22.955	  4.204	  4.617       
-21.449	  2.061	  7.343       
-21.225	  4.988	  9.741       
-23.680	  3.875	 12.413       
-23.886	  2.338	 15.888       
-23.472	 -1.454	 16.065       
-24.727	 -3.623	 18.939       
-24.033	 -7.311	 19.750       
-26.749	 -9.580	 21.054       
-26.857	-13.111	 22.552       
-29.442	-15.908	 22.826       
-27.673	-18.315	 25.241       
-29.616	-17.587	 28.405       
-32.574	-15.588	 29.606       
-32.256	-12.631	 29.835       
-30.963	-12.143	 26.355       
-28.684	 -9.161	 26.505       
-27.350	 -6.456	 24.211       
-23.873	 -4.946	 23.884       
-23.243	 -1.353	 24.903       
-22.924	 -0.506	 21.187       
-19.930	  0.628	 19.122       
-20.500	  4.006	 17.456       
-18.593	  4.016	 14.155       
-17.850	  7.206	 12.204       
-16.146	  7.753	  8.873       
-13.438	 10.357	  8.335       
-13.667	 12.797	  5.410       
-12.011	 15.956	  4.074       
-12.733	 19.019	  6.264       
-15.751	 21.131	  5.256       
-17.149	 24.494	  6.335       
-20.722	 25.079	  7.472       
-23.254	 26.850	  5.300       
-24.630	 29.225	  7.930       
-28.094	 30.701	  7.402       
-30.143	 32.988	  9.658       
-33.865	 33.791	  9.741       
-36.281	 36.384	 11.143       
-39.428	 35.525	 13.064       
-42.578	 35.165	 10.932       
-45.819	 37.183	 11.000       
-47.721	 34.132	 12.358       
-45.223	 34.065	 15.201       
-45.141	 37.754	 16.129       
-48.962	 37.933	 16.091       
-48.893	 34.687	 18.141       
-46.904	 36.537	 20.833       
-43.393	 35.131	 20.423       
-40.253	 36.033	 18.498       
-37.876	 33.191	 17.646       
-34.811	 33.802	 15.484       
-33.341	 30.653	 13.907       
-29.831	 29.724	 12.732       
-28.907	 26.612	 10.680       
-25.247	 25.551	 10.571       
-25.215	 22.945	  7.803       
-23.056	 20.190	  6.285       
-19.796	 20.773	  8.155       
-16.928	 18.472	  9.163       
-15.607	 17.671	 11.755       
-18.469	 17.731	 14.317       
-16.871	 20.207	 16.733       
-18.657	 23.559	 16.533       
-19.918	 26.487	 18.604       
-22.496	 29.271	 18.088       
-22.831	 32.779	 19.561       
-25.834	 35.116	 19.393       
-25.561	 38.914	 19.126       
-28.585	 41.151	 19.715       
-26.961	 44.496	 18.892       
-23.460	 43.204	 19.805       
-24.194	 41.517	 23.216       
-23.879	 37.795	 24.082       
-26.775	 35.481	 25.079       
-27.248	 31.920	 26.423       
-30.505	 31.473	 28.370       
-33.216	 30.984	 25.732       
-30.934	 29.343	 23.189       
-31.750	 25.849	 21.910       
-29.193	 23.710	 20.105       
-29.688	 20.450	 18.227       
-27.340	 18.184	 16.279       
-27.588	 15.418	 13.640       
-25.318	 12.360	 13.414       
-22.954	 11.763	 10.509       
-24.734	 11.815	  7.139       
-24.473	  8.461	  5.319       
-24.126	 10.157	  1.930       
-21.696	 13.105	  2.387       
-20.382	 12.199	  5.881       
-21.244	 15.601	  7.373       
-22.721	 16.943	 10.586       
-25.335	 19.680	 11.011       
-26.770	 21.942	 13.721       
-29.651	 24.284	 14.500       
-29.745	 27.024	 17.093       
-32.788	 29.024	 18.131       
-32.880	 32.319	 20.020       
-36.288	 32.638	 21.671       
-37.424	 36.009	 22.982       
-40.649	 37.893	 23.629       
-42.246	 40.261	 21.077       
-41.544	 42.900	 23.749       
-37.793	 42.129	 24.066       
-37.279	 41.397	 20.364       
-38.838	 44.663	 19.090       
-36.709	 46.589	 21.602       
-33.605	 45.756	 19.527       
-32.708	 46.016	 15.805       
-29.750	 44.002	 14.463       
-29.312	 40.229	 14.931       
-26.192	 38.095	 14.430       
-25.533	 34.330	 14.336       
-21.871	 33.554	 15.014       
-20.171	 30.215	 14.318       
-16.646	 29.121	 15.284       
-15.094	 26.211	 13.324       
-11.771	 24.627	 12.204       
-12.305	 25.422	  8.522       
-12.421	 29.213	  8.832       
 -9.730	 31.393	 10.372       
-12.491	 33.671	 11.711       
-15.896	 33.042	 13.387       
-18.384	 32.766	 10.478       
-21.097	 35.432	 10.779       
-24.641	 35.721	  9.441       
-26.771	 38.754	 10.344       
-29.868	 40.848	  9.614       
-31.499	 44.205	 10.371       
-35.245	 44.719	 10.891       
-36.190	 45.540	  7.244       
-36.960	 42.200	  5.501       
