BRIEF 2XTJ A 243              
 23.204	-24.709	 12.194 -0.547
 26.211	-23.897	  9.953  0.439
 26.442	-20.144	 10.728  0.919
 27.688	 -3.753	 29.720 -0.854
 24.690	 -2.456	 27.732  0.180
 24.989	 -1.930	 23.984  0.978
 22.097	 -0.798	 21.826 -0.036
 21.520	 -2.212	 18.304  0.320
 19.490	 -0.059	 15.935  1.076
 17.884	 -1.649	 12.896  0.587
 16.682	  0.399	  9.927  0.184
 14.490	 -1.849	  7.811  1.280
 10.930	 -2.858	  7.088  1.011
  8.423	 -3.141	  9.898  1.261
  8.974	 -6.060	 12.231  0.598
  6.699	 -8.610	 13.888  0.077
  6.698	 -8.678	 13.894 -1.109
  7.623	 -7.669	 17.481 -1.101
  5.572	-10.556	 19.004  1.265
  7.626	-13.283	 17.392 -1.099
  8.893	-15.766	 19.989  0.416
 12.560	-15.016	 19.154  1.078
 12.438	-11.262	 19.742 -1.095
  9.377	-10.419	 21.891  0.336
 10.252	 -8.391	 24.987  0.493
 13.775	 -7.632	 23.690  0.436
 12.993	 -5.524	 20.621 -0.624
 11.755	 -1.986	 21.205 -2.658
  9.708	 -0.761	 18.214 -2.197
 10.413	  2.984	 17.995  0.686
  7.776	  5.043	 16.215 -1.105
 10.009	  6.374	 13.466  0.588
  8.555	  5.593	 10.059 -0.110
  9.442	  7.165	  6.770 -0.050
  8.535	  5.159	  3.678 -1.091
  7.448	  5.795	  0.059 -0.708
  4.051	  4.692	 -1.268 -0.508
  3.887	  1.120	 -2.680 -2.021
  5.053	  0.752	 -6.315 -1.936
  5.741	-10.373	 -4.435 -0.552
  5.111	-13.305	 -2.072 -2.658
  6.977	-12.407	  1.154  1.214
  5.074	-10.583	  3.926 -0.381
  5.269	 -6.881	  4.523  0.324
  7.402	 -7.345	  7.686  1.068
  9.404	-10.413	  6.638  1.280
 12.773	 -8.853	  5.849  1.275
 13.212	 -7.050	  9.190  1.178
 11.765	 -9.713	 11.473  1.209
 14.302	-12.116	 10.014  1.022
 17.213	 -9.744	 10.517  1.111
 16.151	 -8.832	 14.058  0.979
 16.262	-12.632	 14.447  0.897
 19.803	-13.091	 13.178  0.303
 21.619	-10.676	 15.526  0.602
 19.397	-10.914	 18.575  0.895
 17.023	-13.914	 18.343 -1.103
 16.609	-15.894	 21.593 -0.515
 17.672	-19.274	 20.187  0.291
 18.702	-18.613	 16.557  1.275
 20.505	-15.268	 17.052  0.812
 24.206	-14.310	 17.032  1.050
 23.964	-11.996	 20.071  0.661
 21.253	-13.909	 21.922 -1.104
 20.799	-10.962	 24.337  0.537
 20.570	 -8.366	 22.789 -1.101
 18.869	 -4.971	 22.975  0.009
 17.316	 -3.807	 19.683  0.221
 15.489	 -0.772	 18.383  0.422
 13.488	 -0.830	 15.180  0.834
 13.149	  2.173	 12.826  0.991
 11.038	  1.786	  9.717  1.022
 12.698	  2.950	  6.464  0.729
 11.457	  0.287	  3.996 -0.672
  7.904	 -0.272	  2.763 -0.048
  6.087	 -3.594	  2.207 -1.429
  8.006	 -4.238	 -1.022  0.999
 11.303	 -3.552	  0.831  0.393
 11.717	 -0.187	 -0.868  0.979
 12.853	  3.011	  0.904 -0.295
 14.486	  6.350	  0.011 -0.916
 17.855	  7.996	  0.557  0.188
 15.991	 10.865	  2.238 -0.715
 13.934	  8.613	  4.576  0.656
 17.128	  6.815	  5.501  0.356
 18.876	 10.147	  6.326 -1.014
 16.021	 11.164	  8.590  0.817
 16.199	  7.768	 10.323  0.568
 19.929	  8.199	 10.791 -0.139
 19.165	 11.601	 12.250 -0.166
 16.592	 10.113	 14.657  0.763
 19.374	  7.827	 15.947 -0.088
 21.834	 10.684	 16.487 -2.226
 19.205	 12.618	 18.451  0.146
 18.589	  9.655	 20.799 -0.158
 22.323	  9.093	 21.187 -0.217
 22.696	 12.672	 22.503 -1.504
 19.545	 12.669	 24.631 -0.077
 19.651	  9.223	 26.259 -0.074
 23.253	  7.847	 26.550 -1.087
 24.900	  5.321	 27.498 -1.179
 27.978	  4.556	 25.381  0.458
 28.271	  1.800	 22.671  0.611
 25.923	  2.056	 19.708  0.857
 25.554	 -0.265	 16.705  0.789
 23.421	  0.563	 13.658  1.119
 22.492	 -2.041	 11.093  0.660
 21.800	 -0.861	  7.540  1.274
 20.636	 -3.943	  5.559  0.682
 19.937	 -1.862	  2.483  0.774
 21.652	 -0.392	 -0.535  0.354
 20.978	  2.221	 -3.242 -1.110
 23.237	  3.827	 -5.859 -2.458
 26.344	  5.742	 -4.749  0.543
 25.074	  8.673	 -2.676 -2.651
 27.287	 11.594	 -1.588 -0.379
 24.819	 12.685	  1.134 -0.099
 24.069	  9.229	  2.516  0.136
 27.835	  8.541	  2.724 -2.628
 28.214	 11.914	  4.522  0.995
 25.573	 11.227	  7.166  0.604
 27.328	  7.932	  7.825 -1.098
 30.647	  9.699	  8.153 -1.070
 29.202	 12.265	 10.567  0.710
 27.658	  9.531	 12.685 -0.262
 30.904	  7.572	 12.757 -1.101
 32.743	 10.660	 14.114 -0.537
 30.421	 10.464	 17.125  0.873
 31.684	  6.893	 17.727 -0.043
 28.736	  5.001	 16.199  0.022
 29.354	  1.563	 14.717 -0.155
 27.731	  1.399	 11.290  0.318
 27.286	 -1.981	  9.600  0.718
 25.799	 -2.261	  6.136  1.109
 25.242	 -4.773	  3.343  1.084
 27.676	 -4.637	  0.375  1.261
 24.631	 -5.296	 -1.824  1.281
 23.513	 -8.241	 -3.919 -0.395
 24.444	 -7.134	 -7.471 -0.960
 27.604	 -9.200	 -8.342 -1.200
 29.078	 -5.746	 -8.841 -0.209
 31.708	 -3.400	 -7.437  0.471
 30.371	 -2.234	 -4.057  0.009
 31.975	  1.208	 -4.511 -0.829
 29.030	  1.977	 -6.842 -2.545
 26.522	  1.613	 -3.952  1.019
 25.502	  3.431	 -0.784  1.263
 25.984	  2.997	  2.187  1.011
 28.220	  0.104	  0.986  0.346
 30.765	  2.513	 -0.539  0.208
 31.336	  4.542	  2.645 -1.106
 34.702	  3.989	  4.380 -1.093
 33.836	  4.500	  8.081  0.796
 30.782	  2.298	  7.576  0.246
 31.592	 -1.442	  8.028  1.018
 30.742	 -3.016	  4.673  1.156
 29.936	 -6.704	  4.719  0.551
 29.840	 -9.111	  1.753  0.864
 28.238	-12.578	  1.747  0.529
 30.003	-15.976	  1.723  0.159
 28.219	-19.345	  1.586 -2.630
 28.844	-22.647	  3.466 -1.102
 32.145	-23.328	  1.607  0.716
 33.370	-19.759	  2.288 -2.655
 32.819	-18.706	 -1.341  0.066
 31.028	-15.591	 -2.667 -1.531
 27.248	-16.162	 -2.384 -0.747
 25.279	-16.580	 -5.597 -0.729
 21.858	-14.935	 -5.526  0.535
 19.341	-14.673	 -8.410 -0.192
 21.281	-14.218	-11.597  0.248
 23.414	-11.957	 -9.375 -0.245
 25.098	-12.357	 -5.934  1.228
 27.287	-10.637	 -3.356  1.047
 29.095	 -7.405	 -4.223 -1.033
 32.909	 -7.338	 -4.201  1.174
 35.982	 -5.152	 -4.388 -0.542
 37.970	 -2.621	 -2.380 -0.020
 34.832	 -1.223	 -0.770  0.068
 34.018	 -4.508	  1.010  0.875
 35.649	 -4.550	  4.433 -0.125
 34.866	 -8.145	  5.297 -0.055
 32.798	-11.184	  4.441  1.206
 30.435	-13.113	  6.701  1.221
 27.952	-16.020	  6.364  1.261
 25.064	-14.984	  4.082 -0.389
 23.576	-18.192	  2.675 -1.088
 20.489	-19.966	  4.105  0.939
 20.624	-18.119	  7.424 -0.776
 18.071	-19.453	  9.902  1.154
 16.099	-16.831	 11.837  0.574
 12.596	-15.621	 12.813 -1.529
  9.946	-15.831	 10.081 -1.089
  7.008	-13.441	 10.375 -1.099
  4.737	-16.042	  8.780 -0.220
  3.819	-17.037	 12.311 -0.750
  5.319	-16.213	 15.652 -1.078
  6.858	-19.670	 16.017 -0.591
  7.996	-19.873	 12.359  0.296
 11.636	-19.786	 11.126 -0.944
 12.897	-19.017	  7.630 -0.120
 16.107	-19.486	  5.723 -0.255
 17.247	-16.358	  3.826  0.883
 20.268	-15.386	  1.721  1.275
 21.977	-12.065	  1.034  1.281
 24.390	 -9.371	  2.155  1.281
 21.764	 -8.251	  4.743  1.120
 22.298	-11.515	  6.577  1.218
 26.091	-11.238	  6.547  0.272
 25.781	 -7.693	  7.855  1.202
 23.383	 -8.765	 10.613  0.954
 25.974	-11.388	 11.649  0.948
 28.791	 -8.828	 11.873  0.597
 26.452	 -6.514	 13.865  1.192
 25.788	 -9.307	 16.365  0.151
 29.532	 -9.969	 16.828  0.657
 30.267	 -6.222	 17.113  1.047
 27.545	 -6.085	 19.838  0.408
 29.096	 -8.909	 21.868 -0.532
 32.634	 -7.567	 21.581 -0.058
 31.317	 -4.203	 22.783  0.087
 29.647	 -5.800	 25.831 -2.184
 32.982	 -7.325	 26.919 -0.353
 34.988	 -4.152	 26.089 -0.022
 32.745	 -1.062	 25.673 -1.103
 35.763	  1.200	 25.029 -0.145
 37.107	 -0.149	 21.759 -0.110
 37.670	  2.534	 19.167  0.230
 36.164	  2.021	 15.720 -1.100
 39.634	  1.183	 14.356 -0.648
 40.213	 -1.307	 17.190  0.417
 36.768	 -2.833	 16.681 -0.554
 37.493	 -3.180	 12.978 -2.651
 40.885	 -4.781	 13.484 -1.068
 39.192	 -7.235	 15.848  0.034
 36.320	 -8.088	 13.451 -1.126
 38.767	 -8.686	 10.598 -2.658
 40.875	-11.027	 12.784 -0.836
 37.686	-12.710	 14.132  0.650
 36.370	-13.549	 10.620  0.398
 39.545	-15.665	 10.202 -1.404
 40.318	-19.308	 11.128  0.202
 42.043	-20.797	  8.052       
BRIEF 2XTJ B 108              
  4.489	-15.028	 27.078       
  0.759	-15.291	 26.255       
 -1.497	-16.030	 29.224       
 -4.504	-18.299	 29.202       
 -7.329	-18.016	 31.703       
 -9.679	-20.966	 32.082       
-13.209	-20.943	 33.590       
-14.408	-22.342	 35.905       
-12.060	-24.305	 38.205       
-14.700	-26.902	 38.866       
-17.931	-28.297	 37.424       
-20.673	-30.619	 38.566       
-22.720	-32.535	 35.999       
-24.645	-35.755	 35.342       
-24.303	-38.136	 32.407       
-26.381	-36.663	 29.549       
-25.556	-33.044	 30.463       
-24.255	-30.501	 28.026       
-21.134	-29.064	 29.656       
-19.126	-26.090	 28.402       
-15.663	-25.100	 29.633       
-14.406	-21.693	 28.579       
-10.885	-20.400	 27.959       
 -9.539	-16.892	 27.376       
 -6.314	-15.547	 25.837       
 -4.450	-12.386	 26.849       
 -4.358	-11.475	 23.136       
 -5.644	-12.552	 19.698       
 -4.470	-16.005	 18.595       
 -6.738	-16.561	 15.597       
 -7.782	-20.123	 16.503       
 -4.442	-21.593	 17.575       
 -5.947	-23.357	 20.613       
 -5.766	-27.016	 21.693       
 -7.905	-28.897	 24.209       
 -6.667	-31.762	 26.381       
 -8.269	-34.226	 28.751       
 -6.275	-35.563	 31.706       
 -7.213	-38.381	 34.039       
 -5.343	-39.195	 37.326       
 -1.789	-40.502	 36.808       
 -1.867	-40.300	 33.000       
 -0.392	-37.969	 30.390       
 -2.786	-35.385	 28.913       
 -4.705	-36.508	 25.839       
 -5.376	-34.356	 22.797       
 -9.063	-33.891	 21.950       
 -9.264	-30.772	 19.756       
 -6.740	-28.735	 17.821       
 -7.016	-25.367	 16.024       
-10.083	-24.436	 18.048       
-12.666	-26.664	 16.401       
-11.238	-29.765	 14.666       
-11.259	-33.216	 16.309       
 -8.085	-35.134	 16.999       
 -7.819	-38.557	 15.397       
-10.368	-41.028	 16.848       
-11.974	-38.680	 19.416       
-15.792	-38.995	 19.831       
-17.991	-36.388	 18.126       
-19.722	-35.487	 21.383       
-16.685	-33.200	 21.850       
-16.681	-29.920	 20.014       
-14.713	-26.699	 20.033       
-15.714	-23.204	 19.031       
-14.175	-19.738	 19.166       
-11.908	-17.230	 17.461       
 -9.677	-14.339	 18.458       
 -9.686	-14.340	 22.241       
-12.623	-16.238	 23.806       
-12.909	-20.008	 23.244       
-15.269	-22.840	 24.214       
-15.036	-26.602	 24.637       
-18.407	-28.335	 24.666       
-19.184	-31.867	 25.731       
-22.668	-32.366	 24.274       
-23.852	-35.444	 26.164       
-21.501	-36.386	 29.030       
-20.417	-40.062	 29.401       
-19.061	-41.754	 32.559       
-15.508	-41.591	 31.152       
-15.706	-37.825	 30.421       
-15.248	-36.958	 34.086       
-11.689	-35.684	 34.172       
 -9.586	-32.528	 34.069       
 -9.582	-30.445	 30.860       
 -6.857	-28.024	 29.719       
 -6.725	-25.457	 26.922       
 -3.368	-24.560	 25.323       
 -2.372	-21.900	 22.846       
  0.261	-22.571	 20.168       
  0.426	-19.138	 18.569       
  2.567	-18.890	 20.701       
  5.440	-20.575	 22.558       
  2.993	-22.903	 24.147       
  1.071	-21.965	 27.268       
 -1.779	-23.673	 29.144       
 -4.958	-22.774	 31.056       
 -4.951	-23.729	 34.789       
 -5.093	-23.571	 34.783       
 -7.518	-26.477	 34.202       
-11.156	-27.392	 34.782       
-12.326	-30.413	 36.774       
-15.509	-32.059	 35.537       
-17.030	-33.818	 38.553       
-20.106	-36.028	 39.065       
-23.265	-34.273	 40.239       
-24.873	-35.637	 43.404       
BRIEF 2XTJ C 105              
-27.535	-35.461	 46.377       
-25.767	-33.710	 49.314       
-24.420	-36.249	 51.841       
-23.271	-35.583	 55.417       
-19.841	-36.962	 56.445       
-19.430	-39.691	 59.065       
-16.681	-38.460	 61.394       
-14.275	-40.885	 63.102       
-11.306	-40.098	 65.379       
 -8.156	-42.153	 65.977       
 -5.786	-41.788	 68.934       
 -2.075	-42.466	 68.414       
 -1.263	-46.187	 68.352       
  0.883	-47.530	 71.211       
  3.515	-48.706	 68.679       
  3.867	-45.136	 67.359       
  3.815	-43.666	 70.878       
  6.680	-46.050	 71.610       
  8.893	-44.687	 68.786       
  8.613	-41.046	 69.969       
  5.837	-39.137	 68.139       
  2.045	-38.880	 68.153       
 -0.457	-38.597	 65.306       
 -4.158	-38.034	 65.913       
 -6.185	-38.818	 62.807       
 -9.627	-37.449	 62.052       
-11.588	-39.130	 59.234       
-14.539	-37.658	 57.353       
-16.176	-40.421	 55.399       
-18.231	-40.457	 52.183       
-19.448	-36.832	 51.983       
-20.650	-34.488	 49.210       
-19.939	-31.801	 48.056       
-16.167	-31.517	 48.545       
-16.234	-28.464	 50.804       
-15.601	-29.318	 54.445       
-14.052	-27.460	 57.372       
-12.012	-29.366	 59.976       
-11.129	-27.741	 63.296       
 -8.829	-29.394	 65.844       
 -8.997	-28.485	 69.548       
 -6.593	-29.759	 72.226       
 -7.956	-29.245	 75.774       
-10.236	-26.654	 74.110       
 -7.273	-24.817	 72.484       
 -7.888	-24.370	 68.732       
 -4.981	-25.787	 66.760       
 -3.683	-23.761	 63.798       
 -1.138	-24.648	 61.095       
  0.022	-27.965	 62.625       
 -2.484	-30.264	 60.952       
 -2.521	-31.601	 57.356       
 -5.209	-32.983	 55.058       
 -5.948	-35.214	 52.085       
 -9.141	-35.727	 50.120       
 -9.887	-38.772	 47.973       
-10.924	-38.481	 44.370       
-14.684	-38.866	 43.917       
-15.898	-42.435	 44.538       
-16.295	-45.064	 41.801       
-19.684	-46.315	 43.110       
-21.344	-43.518	 45.125       
-19.491	-40.389	 43.902       
-18.440	-39.037	 47.313       
-15.244	-37.707	 48.814       
-13.542	-38.683	 52.033       
-11.074	-36.574	 53.997       
 -8.349	-37.484	 56.437       
 -6.861	-34.897	 58.774       
 -3.749	-35.595	 60.853       
 -2.694	-33.579	 63.896       
  0.976	-33.911	 64.866       
  2.410	-33.529	 68.382       
  5.421	-34.742	 70.325       
  4.929	-37.627	 72.793       
  5.836	-35.149	 75.556       
  3.133	-32.703	 74.364       
  0.551	-35.409	 73.799       
  1.087	-36.718	 77.340       
  0.511	-33.200	 78.660       
 -3.148	-32.913	 77.561       
 -6.422	-34.769	 78.156       
 -9.113	-33.804	 75.584       
 -8.473	-34.163	 71.835       
-11.315	-32.898	 69.675       
-12.094	-33.085	 65.955       
-14.817	-30.643	 64.888       
-16.423	-30.855	 61.432       
-18.435	-28.294	 59.481       
-20.126	-29.267	 56.232       
-23.281	-28.108	 54.467       
-24.905	-31.538	 55.049       
-24.950	-31.072	 58.811       
-27.345	-28.692	 60.582       
-24.437	-27.672	 62.877       
-20.760	-28.637	 63.512       
-20.480	-32.208	 64.753       
-17.638	-32.820	 67.218       
-15.784	-36.120	 67.721       
-13.339	-36.503	 70.590       
-11.607	-38.725	 73.119       
 -9.911	-38.426	 76.512       
 -6.316	-39.644	 76.623       
 -6.406	-43.026	 78.430       
 -9.906	-44.505	 77.708       
BRIEF 2XTJ D 131              
  2.609	-49.145	 18.878       
  4.182	-45.760	 18.059       
  5.214	-44.545	 21.496       
  7.506	-42.354	 23.592       
  9.118	-44.084	 26.565       
 10.868	-42.101	 29.283       
 13.610	-42.985	 31.779       
 12.556	-43.719	 35.369       
 11.912	-41.726	 38.547       
 14.796	-39.648	 40.016       
 15.621	-38.100	 43.391       
 18.070	-35.185	 43.566       
 19.599	-32.955	 46.253       
 18.911	-29.206	 45.764       
 21.608	-27.557	 43.662       
 22.372	-30.577	 41.465       
 21.076	-31.491	 37.998       
 18.778	-34.118	 36.455       
 18.897	-35.599	 32.927       
 15.697	-37.339	 31.766       
 15.495	-39.238	 28.471       
 12.686	-39.782	 25.950       
 12.993	-42.631	 23.425       
 10.840	-42.783	 20.282       
  9.687	-46.203	 19.103       
  7.616	-48.237	 16.639       
  7.203	-46.016	 13.579       
  9.169	-46.148	 10.338       
 10.783	-42.847	 11.463       
 11.573	-42.122	 15.136       
 13.630	-38.970	 14.914       
 11.075	-36.343	 15.957       
 10.747	-32.821	 17.320       
 10.280	-33.280	 21.085       
  8.921	-30.899	 23.783       
  9.247	-31.181	 27.538       
  6.255	-30.179	 29.670       
  6.308	-30.462	 33.489       
  3.502	-30.738	 36.054       
  4.076	-30.130	 39.780       
  1.796	-32.319	 41.915       
 -1.745	-30.960	 42.040       
 -0.737	-28.116	 39.658       
 -1.212	-27.744	 35.897       
  0.972	-27.878	 32.793       
  4.136	-25.934	 31.893       
  6.192	-26.038	 28.646       
  9.951	-25.932	 29.060       
 11.350	-26.174	 25.586       
 11.792	-28.288	 22.496       
 14.514	-29.649	 20.231       
 13.877	-29.313	 16.487       
 16.112	-31.734	 14.583       
 15.295	-30.379	 11.093       
 15.826	-26.750	 12.065       
 18.831	-27.971	 14.038       
 18.126	-25.777	 17.116       
 16.315	-25.902	 20.482       
 13.708	-23.376	 21.640       
 13.684	-22.687	 25.375       
 10.913	-21.223	 27.493       
 11.832	-17.819	 28.895       
 11.223	-19.011	 32.501       
 13.820	-21.764	 31.974       
 16.447	-20.071	 29.816       
 19.846	-20.805	 31.316       
 18.707	-23.838	 33.382       
 17.504	-26.262	 30.683       
 19.500	-27.647	 27.885       
 17.662	-30.057	 25.557       
 19.579	-32.379	 23.251       
 19.016	-35.399	 20.980       
 21.263	-38.444	 20.407       
 21.299	-38.773	 16.592       
 21.940	-42.538	 16.763       
 19.300	-43.728	 19.213       
 15.999	-41.888	 18.536       
 16.392	-40.426	 22.060       
 15.897	-36.844	 23.277       
 17.228	-35.595	 26.616       
 16.119	-32.857	 29.000       
 18.697	-31.614	 31.463       
 17.594	-29.300	 34.267       
 20.156	-27.904	 36.698       
 20.295	-25.823	 39.902       
 17.446	-27.944	 41.184       
 15.272	-26.578	 43.964       
 12.243	-28.001	 45.835       
  9.969	-26.150	 43.387       
 11.342	-28.331	 40.547       
  9.646	-31.413	 42.067       
  7.235	-32.426	 39.294       
  6.312	-35.064	 36.757       
  8.304	-34.217	 33.599       
  6.617	-35.207	 30.329       
  8.000	-35.361	 26.844       
  5.624	-34.789	 23.958       
  6.177	-34.647	 20.225       
  5.532	-31.435	 18.266       
  6.109	-30.805	 14.531       
  8.383	-28.885	 12.221       
  6.179	-28.463	  9.160       
  7.658	-27.146	  5.873       
  5.261	-24.285	  4.934       
  7.543	-22.456	  2.486       
  6.525	-21.409	 -1.034       
  8.683	-20.751	 -4.118       
 10.755	-21.688	 -1.885       
 11.664	-21.061	  0.984       
 12.201	-22.873	  3.378       
  9.943	-21.841	  6.182       
  9.824	-24.174	  9.135       
  6.665	-23.836	 11.236       
  6.988	-25.190	 14.770       
  3.494	-26.408	 15.500       
  2.926	-27.231	 19.174       
  0.184	-29.862	 18.783       
  0.817	-32.390	 21.541       
 -0.819	-35.564	 20.209       
  1.771	-38.002	 21.514       
  3.266	-38.279	 25.087       
  5.453	-39.474	 27.030       
  4.629	-41.593	 30.118       
  6.137	-39.103	 32.585       
  9.108	-39.097	 34.915       
  8.788	-38.096	 38.552       
 11.712	-36.008	 39.672       
 11.816	-35.307	 43.404       
 14.107	-32.588	 44.804       
 14.759	-32.765	 48.551       
 17.659	-32.436	 51.009       
BRIEF 2XTJ E 105              
 15.573	-36.085	 52.523       
 17.241	-39.438	 51.898       
 15.550	-42.555	 50.600       
 13.676	-44.131	 53.549       
 11.061	-46.795	 54.238       
  7.891	-46.033	 56.152       
  6.670	-47.187	 59.528       
  3.177	-48.700	 59.465       
  0.955	-48.021	 62.480       
 -2.504	-49.446	 63.113       
 -5.586	-47.285	 62.999       
 -7.497	-49.532	 65.387       
-11.309	-49.866	 65.232       
-13.279	-48.803	 68.355       
-16.303	-46.997	 69.892       
-15.651	-44.278	 68.243       
-14.844	-45.475	 64.748       
-18.226	-47.287	 64.863       
-21.484	-45.887	 63.428       
-24.714	-47.773	 62.644       
-23.460	-51.291	 61.948       
-20.192	-50.003	 60.456       
-16.663	-49.797	 61.905       
-13.760	-47.856	 60.359       
-10.182	-49.146	 60.633       
 -6.892	-48.435	 58.828       
 -3.125	-47.930	 58.621       
 -0.808	-44.949	 59.030       
  2.064	-45.139	 56.533       
  4.458	-42.664	 58.094       
  7.799	-40.990	 57.466       
  8.911	-42.308	 54.040       
 10.839	-40.833	 51.096       
 10.227	-40.496	 48.133       
  6.881	-41.184	 46.490       
  5.200	-43.455	 45.625       
  3.704	-45.968	 48.065       
  1.002	-48.519	 47.274       
 -1.395	-49.850	 49.892       
 -3.874	-52.727	 49.490       
 -6.096	-54.763	 51.847       
 -6.054	-58.555	 52.387       
 -3.690	-59.051	 49.436       
 -6.349	-57.609	 47.093       
 -9.517	-59.456	 48.186       
-10.794	-56.334	 50.002       
-11.573	-53.297	 47.854       
-15.147	-52.317	 48.771       
-15.228	-49.295	 51.138       
-11.440	-48.751	 50.981       
-10.047	-45.222	 50.876       
 -6.329	-44.806	 50.271       
 -5.491	-41.118	 50.671       
 -3.023	-38.855	 48.845       
  0.244	-38.486	 50.737       
  1.174	-35.238	 52.442       
  4.674	-33.764	 52.618       
  5.655	-32.875	 56.163       
  7.833	-30.024	 57.479       
 10.433	-32.767	 58.041       
 10.699	-33.523	 54.312       
  9.247	-37.029	 54.698       
  5.898	-38.198	 53.295       
  2.945	-39.584	 55.269       
 -0.312	-41.203	 54.150       
 -3.294	-43.043	 55.593       
 -5.442	-45.844	 54.200       
 -8.798	-46.719	 55.785       
-11.681	-49.159	 55.298       
-15.203	-49.469	 56.717       
-16.678	-52.904	 57.466       
-19.522	-54.526	 59.461       
-18.630	-54.342	 63.191       
-20.111	-57.839	 63.517       
-17.084	-59.190	 61.587       
-14.423	-57.593	 63.830       
-13.444	-60.569	 66.059       
-13.820	-63.236	 63.343       
-12.580	-61.656	 60.071       
 -8.869	-60.681	 59.799       
 -7.657	-57.352	 58.312       
 -4.178	-56.833	 56.811       
 -2.911	-53.735	 54.986       
 -0.166	-54.530	 52.484       
  2.286	-51.669	 52.176       
  4.828	-51.342	 49.372       
  7.501	-48.671	 49.164       
  9.282	-49.791	 45.990       
 11.938	-47.005	 46.200       
 13.277	-48.389	 49.514       
 12.390	-52.070	 48.989       
 10.063	-51.998	 51.981       
  7.143	-54.402	 52.035       
  5.064	-54.619	 55.221       
  1.948	-56.626	 56.024       
  0.260	-55.173	 59.107       
 -2.595	-56.816	 60.987       
 -4.973	-54.345	 62.603       
 -6.621	-55.495	 65.851       
 -9.294	-53.906	 68.105       
 -8.924	-54.206	 71.937       
-12.191	-55.552	 73.506       
-14.198	-55.745	 71.146       
-16.471	-57.966	 73.339       
-20.058	-57.729	 71.901       
BRIEF 2XTJ P 93               
 30.181	 26.607	 -7.230       
 26.919	 24.900	 -6.141       
 26.696	 21.517	 -7.830       
 23.851	 19.105	 -8.716       
 23.833	 15.304	 -8.279       
 21.445	 12.469	 -9.146       
 21.623	  8.684	 -8.822       
 23.706	  7.006	-11.518       
 21.158	  4.213	-11.926       
 18.328	  5.801	-13.953       
 15.345	  3.766	-12.621       
 16.315	  4.557	 -9.052       
 16.053	  8.294	 -9.531       
 13.194	  9.939	 -7.659       
 12.862	 13.337	 -9.445       
 10.815	 16.001	 -7.639       
 12.341	 15.609	 -4.167       
 15.766	 17.041	 -3.374       
 18.254	 17.149	 -0.561       
 19.652	 20.679	 -0.374       
 22.963	 20.300	  1.436       
 24.509	 23.454	  2.794       
 28.120	 24.448	  3.441       
 29.984	 22.737	  6.292       
 29.382	 24.994	  9.314       
 25.890	 26.305	  8.483       
 23.713	 26.528	 11.619       
 20.144	 25.265	 11.949       
 18.766	 28.800	 11.950       
 20.624	 29.612	  8.721       
 19.186	 26.410	  7.260       
 19.193	 26.416	  7.256       
 15.608	 27.381	  8.070       
 16.261	 30.856	  6.552       
 17.602	 29.337	  3.297       
 14.563	 27.036	  3.013       
 12.255	 29.960	  3.676       
 14.094	 31.943	  1.048       
 13.586	 29.082	 -1.427       
  9.883	 28.893	 -0.621       
  9.231	 32.653	 -1.048       
 11.439	 32.838	 -4.095       
  9.482	 29.951	 -5.642       
  6.007	 31.295	 -4.719       
  7.043	 34.532	 -6.463       
  7.055	 32.432	 -9.638       
  3.934	 30.329	 -9.050       
  5.619	 27.174	 -7.766       
  4.752	 25.327	 -4.546       
  7.693	 24.010	 -2.605       
  7.053	 21.738	  0.313       
  9.723	 21.658	  2.998       
  9.448	 18.089	  4.264       
 12.275	 18.259	  6.781       
 15.084	 20.457	  8.007       
 18.235	 18.528	  8.834       
 19.519	 19.371	 12.267       
 22.328	 17.372	 13.886       
 23.657	 15.191	 11.067       
 24.362	 17.594	  8.214       
 23.191	 21.081	  7.411       
 20.472	 21.212	  4.774       
 16.830	 20.509	  4.165       
 14.453	 18.266	  2.217       
 12.194	 19.824	 -0.361       
  9.485	 18.594	 -2.706       
  9.407	 20.810	 -5.788       
  9.407	 20.847	 -9.590       
 12.771	 20.247	-11.283       
 12.185	 23.623	-12.963       
 13.417	 25.392	 -9.786       
 16.792	 23.618	 -9.584       
 18.741	 26.369	-11.333       
 17.181	 28.781	 -8.816       
 17.894	 26.631	 -5.743       
 21.574	 26.229	 -6.660       
 21.943	 30.018	 -6.452       
 20.784	 30.081	 -2.802       
 23.254	 31.295	 -0.144       
 25.324	 28.534	  1.532       
 24.471	 25.750	 -0.925       
 27.198	 23.131	 -1.262       
 25.331	 20.792	 -3.633       
 21.823	 19.409	 -4.246       
 21.040	 15.677	 -4.553       
 17.887	 14.311	 -6.199       
 16.310	 11.706	 -3.907       
 16.747	  8.056	 -4.938       
 15.616	  4.548	 -3.981       
 17.147	  2.205	 -1.405       
 16.358	 -1.540	 -1.337       
 16.316	 -4.389	  1.177       
 19.429	 -6.541	  0.599       
