BRIEF 2ZJS Y 415              
 28.608	-24.667	 39.884  0.836
 25.824	-24.281	 42.492 -0.989
 28.463	-25.224	 45.091 -0.986
 31.076	-22.892	 43.501 -0.206
 29.000	-20.265	 45.272 -0.748
 28.394	-22.434	 48.374 -1.133
 32.011	-22.814	 49.554 -0.156
 32.930	-19.262	 48.459 -0.000
 29.937	-18.159	 50.558 -0.991
 30.688	-20.525	 53.463 -0.062
 33.629	-18.276	 54.322  0.195
 31.997	-16.187	 57.134 -0.223
 33.817	-12.996	 56.015  0.467
 31.382	-12.644	 53.091  0.992
 28.494	-14.654	 54.610  0.180
 28.219	-11.769	 57.097 -0.915
 28.111	 -9.208	 54.258  0.763
 25.264	-11.076	 52.495  0.029
 23.246	-11.278	 55.736 -0.965
 23.670	 -7.513	 56.137  0.601
 22.810	 -6.782	 52.484  0.772
 19.706	 -8.948	 52.847 -0.453
 18.918	 -7.294	 56.179 -2.054
 19.033	 -3.726	 54.817  0.529
 16.710	 -4.687	 51.955  0.459
 14.495	 -6.353	 54.581 -0.348
 14.071	 -3.048	 56.450  0.342
 13.618	 -1.293	 53.105  0.141
 10.852	 -3.777	 52.329  1.024
  9.564	 -3.174	 55.874 -0.458
  9.227	  0.555	 55.138  0.962
  7.204	 -0.218	 52.002  0.321
  4.216	 -0.840	 54.269  0.221
  4.600	  2.431	 56.178  0.394
  1.832	  4.466	 54.465  0.879
  1.925	  8.252	 54.087  0.085
 -0.452	  9.850	 56.713  1.020
 -3.182	 11.192	 54.392  0.933
 -3.256	  8.904	 51.354  0.485
 -6.039	  6.525	 50.180  0.144
 -3.889	  3.658	 48.812 -0.417
 -6.879	  1.702	 47.505 -2.472
 -7.777	  4.659	 45.282 -0.148
 -4.165	  4.978	 44.163 -0.014
 -4.023	  1.294	 43.277 -0.642
 -7.354	  1.497	 41.428 -2.472
 -6.038	  4.476	 39.482 -0.288
 -2.810	  2.707	 38.571 -0.103
 -4.825	 -0.227	 37.259 -2.472
 -6.908	  1.987	 34.948 -2.089
 -5.739	  3.001	 31.485 -0.415
 -5.495	  6.649	 32.556 -2.472
 -2.919	  5.986	 35.315 -0.456
 -1.021	  3.568	 33.088 -0.017
  1.847	  5.995	 32.466  0.118
  2.909	  5.767	 36.110  0.108
  4.181	  2.277	 35.279  0.168
  7.901	  3.073	 35.240 -0.153
  7.527	  5.460	 38.167  0.162
  5.978	  2.677	 40.233  0.705
  8.589	  0.231	 39.011  0.464
 11.624	  2.221	 40.123  0.910
  9.794	  3.190	 43.298  0.630
  9.940	 -0.545	 44.020  1.018
  6.153	 -0.483	 44.136  0.992
  6.273	  2.183	 46.827  0.853
  4.235	  4.663	 44.797  0.469
  1.480	  2.013	 44.536 -0.603
  1.201	  2.399	 48.334  0.489
  2.736	  5.789	 49.221  0.198
  5.348	  4.536	 51.635  0.735
  7.810	  6.757	 53.504  0.178
  9.914	  6.300	 50.363  0.506
  7.092	  6.865	 47.868  0.922
  9.602	  7.128	 45.016  0.918
 12.326	  5.012	 46.629  0.757
 16.001	  5.789	 46.034  0.850
 15.084	  7.453	 42.741  0.825
 15.301	 11.098	 43.920  1.020
 18.954	 10.315	 44.763  1.017
 19.606	  9.130	 41.187  1.013
 18.084	 12.440	 40.056  0.896
 20.576	 14.304	 42.261  0.820
 23.368	 12.075	 41.008  0.913
 22.628	 13.043	 37.387  1.026
 22.148	 16.759	 38.209  0.852
 25.484	 17.145	 40.056 -0.429
 27.353	 15.051	 37.446  0.937
 26.167	 17.502	 34.793  0.832
 27.279	 20.423	 36.973 -0.227
 30.660	 18.719	 37.496  0.031
 31.145	 19.080	 33.706  0.141
 29.605	 22.496	 32.868  0.496
 30.520	 24.380	 36.088 -0.421
 34.364	 24.309	 36.322  0.867
 34.744	 25.055	 40.063 -2.472
 32.965	 21.761	 40.768  0.064
 35.308	 20.075	 38.262  0.384
 38.214	 21.169	 40.479 -0.488
 36.630	 19.453	 43.500  0.206
 35.806	 16.376	 41.385  0.399
 39.398	 15.520	 40.394  0.943
 40.660	 16.541	 43.872  0.925
 41.611	 13.094	 45.245  0.963
 39.987	 11.091	 48.056  0.398
 38.165	 13.614	 50.270 -0.683
 37.367	 15.884	 47.294  1.018
 35.497	 13.029	 45.599  0.644
 33.534	 12.491	 48.846  0.274
 32.468	 16.154	 49.170  0.361
 30.680	 16.123	 45.784  0.559
 29.306	 12.845	 47.151  0.510
 27.901	 14.778	 50.112  0.612
 26.572	 17.660	 47.988  0.583
 24.752	 14.993	 46.000  0.959
 23.611	 13.338	 49.256  1.008
 22.226	 16.756	 50.338  0.468
 21.033	 17.287	 46.759 -0.726
 18.910	 14.130	 46.887  0.914
 17.333	 14.610	 50.316  0.295
 16.222	 18.125	 49.331 -2.372
 14.903	 16.738	 46.050  0.722
 12.713	 14.303	 48.019  0.411
 11.178	 17.259	 49.845 -2.472
 10.310	 18.907	 46.511 -0.973
  9.000	 15.746	 44.852  1.008
  6.989	 14.924	 48.001 -0.068
  5.477	 18.401	 48.054 -1.036
  4.969	 18.455	 44.271  0.237
  2.959	 15.213	 44.505  0.565
  1.031	 16.202	 47.642  0.116
  0.107	 19.490	 45.979 -0.958
 -0.413	 18.709	 42.297  0.118
 -1.656	 15.118	 42.619  0.603
 -2.610	 13.584	 45.999 -0.363
 -5.031	 16.197	 47.351 -0.974
 -5.480	 17.461	 43.797 -0.130
 -9.130	 17.289	 42.774 -2.472
-11.452	 16.675	 45.727 -0.932
 -8.531	 15.342	 47.596 -0.948
 -9.086	 12.585	 45.044 -2.472
 -6.598	 10.273	 46.763 -0.365
 -7.117	 11.604	 50.302 -0.397
 -8.563	  9.420	 53.031  0.337
-11.734	 10.891	 54.535 -2.472
-10.896	 13.281	 57.372 -2.382
 -7.989	 14.669	 55.369 -1.633
 -8.005	 17.944	 53.425 -1.731
 -5.919	 19.858	 50.758 -0.736
 -4.685	 22.295	 53.462  0.039
 -1.011	 23.048	 54.223 -2.472
 -1.259	 20.555	 57.114 -2.472
 -1.197	 17.696	 54.605  0.443
  1.471	 19.417	 52.489 -0.950
  3.824	 19.760	 55.469 -2.472
  3.025	 16.271	 56.839 -0.871
  3.876	 14.674	 53.464  0.233
  7.079	 16.723	 53.087  0.118
  8.117	 15.360	 56.521 -0.970
  7.133	 11.751	 55.721  0.470
  9.091	 12.080	 52.462  0.660
 12.274	 13.608	 53.920  0.458
 12.155	 11.125	 56.804  0.393
 11.758	  8.284	 54.289  0.938
 14.446	  9.353	 51.835  0.846
 17.020	 10.098	 54.577 -0.067
 16.338	  6.754	 56.273  0.554
 16.726	  5.035	 52.908  0.412
 19.728	  6.903	 51.523  0.932
 21.554	  6.103	 54.758  0.946
 20.489	  2.454	 54.306  0.151
 21.888	  2.667	 50.780  0.963
 25.428	  3.692	 51.674  1.005
 25.659	  0.876	 54.247  0.645
 25.119	 -1.777	 51.539  0.676
 28.220	 -0.327	 49.856  0.945
 30.558	 -0.338	 52.900  0.486
 29.306	 -3.186	 55.106  0.587
 27.562	 -5.184	 52.336  1.018
 27.789	 -6.702	 48.852  0.380
 28.205	 -4.566	 45.723  0.992
 26.517	 -1.162	 45.660  1.014
 23.658	  0.092	 47.831  1.018
 21.637	  2.310	 45.512  0.675
 22.165	 -0.167	 42.668  1.027
 20.918	 -3.049	 44.824  0.180
 17.928	 -1.027	 46.078  0.573
 16.660	 -0.324	 42.560  0.998
 17.393	 -3.959	 41.731  0.681
 15.288	 -5.069	 44.731  0.387
 12.281	 -3.001	 43.650  0.780
 12.041	 -4.667	 40.225  0.998
 12.737	 -8.255	 41.227  0.638
 10.394	 -8.306	 44.285  0.680
  7.401	 -8.267	 41.989 -0.406
  8.807	-11.207	 39.980 -0.462
  7.895	-14.281	 42.070  0.921
  4.190	-13.492	 42.609 -2.472
  3.938	-12.497	 38.925  0.296
  5.513	-15.796	 37.782 -0.976
  3.124	-17.568	 40.192 -2.160
 -0.032	-15.720	 39.060 -0.970
  0.815	-16.278	 35.377 -0.147
  0.665	-20.071	 35.752 -2.470
 -2.536	-19.870	 37.815 -0.937
 -4.177	-18.154	 34.817 -0.550
 -2.712	-20.627	 32.326 -0.680
 -5.164	-23.079	 33.930 -0.612
 -8.372	-21.071	 33.397 -0.386
 -7.553	-21.192	 29.664  0.705
 -6.592	-17.502	 29.468 -0.415
 -2.905	-18.309	 28.796 -0.984
 -1.314	-21.358	 27.110 -0.124
  2.011	-23.013	 28.028 -1.710
  3.408	-22.516	 24.499 -2.472
  3.534	-18.707	 24.801 -2.472
  4.712	-18.698	 28.425 -0.456
  7.478	-21.211	 27.676 -2.421
  8.508	-18.890	 24.843 -2.472
  8.684	-15.927	 27.217 -0.734
 10.765	-17.617	 29.924 -2.472
 13.003	-18.987	 27.149 -1.938
 13.569	-15.430	 25.930 -0.995
 14.403	-14.032	 29.395 -0.108
 17.062	-16.765	 29.683 -1.103
 18.215	-16.067	 26.111 -0.980
 18.468	-12.341	 26.914  0.158
 20.266	-13.057	 30.201  0.144
 22.682	-15.129	 28.119 -0.956
 23.338	-12.738	 25.211 -1.021
 24.289	-10.009	 27.658  0.670
 26.500	-12.473	 29.527  0.601
 28.077	-13.324	 26.136 -0.028
 28.595	 -9.642	 25.358 -0.286
 30.165	 -8.709	 28.718  0.746
 32.737	-11.516	 28.290  0.467
 33.427	-10.462	 24.674  0.221
 36.607	 -8.386	 24.131  0.642
 38.797	 -7.244	 21.270  1.024
 42.480	 -7.515	 22.022  0.685
 44.753	 -4.964	 20.400  0.520
 48.294	 -6.327	 20.418  0.360
 51.036	 -4.275	 22.033  0.523
 54.777	 -4.916	 22.186  0.640
 57.570	 -3.481	 24.304  0.929
 61.169	 -2.546	 23.481  0.859
 64.387	 -3.927	 24.953  0.523
 65.432	 -5.552	 29.747 -0.749
 61.618	 -5.417	 29.755  0.116
 60.600	 -6.329	 26.216  0.499
 57.657	 -8.631	 25.471  0.309
 54.099	 -8.704	 24.048 -0.015
 50.776	 -7.894	 25.747  0.626
 47.261	 -6.829	 24.744  0.656
 45.151	 -3.751	 25.507  0.612
 41.555	 -4.942	 25.946  1.020
 38.666	 -3.075	 24.338  0.487
 35.326	 -4.230	 25.773  0.781
 32.001	 -3.830	 23.982 -0.016
 30.350	 -2.237	 27.049  1.026
 32.291	 -0.839	 30.015  0.620
 30.404	 -2.006	 33.153  0.421
 27.168	 -0.548	 31.744  0.823
 25.357	 -0.512	 35.071  0.953
 25.195	  3.245	 35.461  0.969
 24.113	  4.541	 32.028  1.020
 21.108	  2.250	 32.234  0.588
 19.797	  3.425	 35.635  1.013
 20.652	  6.917	 34.361  1.017
 18.677	  6.585	 31.118  1.026
 15.725	  5.182	 33.118  0.881
 15.754	  8.124	 35.520  0.938
 15.973	 10.603	 32.609  0.375
 12.997	  9.016	 30.856  0.651
 10.940	  9.447	 34.007  0.164
 11.626	 13.188	 34.265  0.372
  9.001	 14.053	 31.609  1.020
  6.467	 11.580	 33.066 -0.085
  7.025	 12.673	 36.667  0.817
  6.523	 16.403	 35.986 -0.980
  3.735	 16.173	 33.379 -0.209
  1.560	 13.222	 34.480 -0.973
  0.402	 14.213	 37.992  0.078
 -1.603	 17.066	 36.504 -0.477
 -4.709	 15.008	 35.901 -2.472
 -7.026	 17.583	 34.328 -2.472
 -4.495	 19.121	 31.965 -2.472
 -4.652	 17.538	 28.469 -2.472
 -1.478	 19.211	 27.182 -2.472
  0.541	 17.679	 30.035 -0.389
 -1.098	 14.256	 29.738 -0.981
  0.037	 14.261	 26.117 -2.472
  3.576	 15.087	 27.262 -2.472
  3.561	 12.245	 29.795 -0.976
  1.844	  9.706	 27.569 -2.472
  4.464	 10.405	 24.874 -2.472
  7.273	  9.072	 27.081 -0.609
  5.265	  6.082	 28.377 -0.956
  7.721	  3.179	 27.728  0.159
  4.927	  0.710	 26.914  0.121
  3.633	  2.818	 24.006 -0.047
  5.908	  2.761	 20.879 -0.568
  6.635	  6.516	 21.001 -2.204
  7.999	  6.300	 24.543  0.132
  9.726	  2.968	 23.919 -0.391
 11.589	  4.616	 21.044 -2.472
 12.532	  7.585	 23.244 -2.318
 13.639	  5.005	 25.841 -0.012
 15.693	  2.974	 23.352 -0.055
 17.506	  6.017	 21.863 -2.472
 18.303	  6.924	 25.455  0.041
 19.860	  3.582	 26.442  0.818
 21.987	  3.750	 23.287 -0.474
 23.284	  7.238	 23.964  0.776
 23.933	  6.703	 27.647  1.017
 25.690	  3.421	 26.993 -0.039
 27.828	  4.668	 24.080  0.268
 28.928	  7.820	 25.950  0.877
 29.669	  5.774	 29.065  1.017
 31.696	  2.972	 27.442  0.888
 33.335	  5.271	 24.856  0.763
 34.530	  7.889	 27.360  0.381
 36.962	  6.156	 29.683  0.364
 39.814	  8.676	 29.130  0.511
 40.889	  6.387	 26.266  0.814
 43.022	  7.043	 23.152  0.593
 45.390	 10.016	 23.518 -0.965
 46.823	  9.117	 26.950  0.236
 47.296	  5.467	 25.902  0.617
 49.304	  6.562	 22.845  0.968
 51.498	  8.788	 25.047  0.092
 51.785	  6.282	 27.938  0.940
 53.310	  3.791	 25.466  0.636
 56.286	  6.175	 25.662  0.450
 56.944	  5.168	 29.327  0.537
 58.900	  2.094	 28.314  0.092
 58.880	  1.963	 24.486  0.830
 55.500	  0.407	 23.671  0.909
 53.752	  0.178	 20.306  0.369
 50.912	 -1.499	 18.447  0.294
 52.753	 -3.809	 16.007  0.921
 52.710	 -2.466	 12.448  0.992
 51.033	  0.825	 13.321  0.645
 53.118	  4.013	 13.626  1.008
 53.573	  5.399	 17.140  0.948
 51.816	  8.697	 17.916  1.018
 48.953	 10.292	 15.983 -0.391
 48.387	  7.118	 13.868 -0.198
 48.109	  5.170	 17.153  0.959
 45.513	  7.597	 18.486  0.169
 43.481	  7.442	 15.242 -0.469
 43.924	  3.672	 15.294  0.296
 42.582	  3.173	 18.808  0.449
 39.929	  5.885	 18.283  0.397
 38.559	  4.142	 15.205 -0.986
 38.491	  0.698	 16.850  0.554
 36.899	  1.957	 20.108  0.376
 34.315	  3.951	 18.120 -0.104
 33.286	  1.123	 15.772  0.918
 33.288	 -1.309	 18.715  0.321
 31.479	  0.619	 21.471  0.956
 28.698	  1.198	 18.902 -0.009
 27.884	 -2.512	 18.557 -0.885
 27.891	 -2.666	 22.361  1.018
 25.262	  0.078	 22.521  0.542
 23.080	 -1.194	 19.636 -1.143
 22.915	 -4.623	 21.240  0.784
 21.720	 -3.143	 24.557  0.253
 19.049	 -1.338	 22.504  0.248
 17.641	 -4.614	 21.218 -2.472
 17.472	 -5.864	 24.816  0.541
 15.410	 -2.785	 25.608  0.373
 13.102	 -2.870	 22.559  0.336
 12.502	 -6.603	 22.036  0.030
 10.684	 -7.555	 25.297  1.020
  7.778	 -5.261	 24.405  0.050
  7.336	 -6.793	 20.935 -1.141
  7.642	-10.236	 22.559 -0.108
  5.307	 -9.143	 25.355 -0.306
  2.795	 -7.823	 22.797 -0.865
  2.487	-11.015	 20.752 -1.886
  2.289	-12.934	 24.043 -2.466
 -0.630	-12.341	 26.416 -0.440
  1.886	-11.675	 29.209  0.094
  2.371	 -8.004	 30.161 -0.424
  4.365	 -6.401	 32.980  0.146
  6.773	 -3.494	 33.307  0.490
  8.986	 -5.657	 35.545  0.208
 10.059	 -7.732	 32.509  0.544
 10.196	 -4.779	 30.128  0.965
 13.817	 -4.742	 29.042  1.018
 14.649	 -1.726	 31.131  1.000
 13.284	 -4.072	 33.786  0.716
 15.722	 -6.739	 32.580  0.561
 18.779	 -4.597	 31.807  0.939
 18.996	 -3.197	 35.334  1.026
 18.380	 -6.616	 36.961  0.522
 21.032	 -8.254	 34.751  0.952
 23.103	 -5.084	 35.213  0.704
 23.178	 -5.026	 39.017  1.026
 23.805	 -8.787	 39.096  0.623
 27.011	 -8.520	 37.024  0.680
 28.085	 -5.326	 38.829  0.841
 27.611	 -7.164	 42.133  0.928
 29.312	-10.428	 41.024  0.274
 32.274	 -8.565	 39.494 -0.174
 32.815	 -6.553	 42.717  0.920
 32.945	 -9.797	 44.744  0.009
 35.927	-11.249	 42.821  0.835
 37.930	 -7.990	 42.743  0.373
 38.055	 -8.053	 46.542  0.624
 37.881	-11.882	 46.670 -0.024
 41.193	-11.699	 44.798  0.135
 42.374	 -9.350	 47.575  0.681
 40.869	-11.496	 50.382  0.944
BRIEF 2ZJS E 46               
 30.057	  4.404	 10.676       
 28.501	  1.027	  9.769       
 31.350	 -1.395	  8.975       
 31.927	 -4.702	 10.841       
 34.814	 -5.727	 13.108       
 33.423	 -9.266	 13.441       
 36.912	-10.642	 14.111       
 36.818	 -9.972	 17.852       
 37.681	-12.372	 20.662       
 34.704	-13.817	 22.468       
 37.089	-15.176	 25.198       
 34.139	-17.297	 26.262       
 32.743	-19.487	 23.477       
 30.532	-21.605	 25.734       
 31.593	-20.268	 29.120       
 28.727	-17.952	 28.155       
 26.592	-20.833	 29.448       
 28.194	-20.706	 32.922       
 27.970	-16.911	 32.917       
 24.225	-17.240	 32.236       
 24.130	-19.916	 34.941       
 25.606	-17.447	 37.427       
 23.171	-14.613	 36.590       
 20.048	-16.807	 36.710       
 21.218	-18.108	 40.093       
 21.775	-14.625	 41.565       
 18.317	-13.327	 40.544       
 16.302	-16.453	 41.397       
 18.022	-16.472	 44.806       
 17.060	-12.904	 45.750       
 13.777	-13.525	 43.927       
 12.826	-16.224	 46.425       
 14.545	-14.394	 49.305       
 12.507	-11.239	 48.572       
  9.408	-13.179	 47.489       
  8.990	-14.657	 50.972       
  9.711	-11.230	 52.512       
  6.069	-10.632	 51.573       
  4.576	-13.600	 53.434       
  7.003	-13.089	 56.356       
  5.255	 -9.722	 56.689       
  1.819	-11.356	 56.205       
  1.976	-13.628	 59.269       
  3.342	-10.555	 61.063       
  0.066	 -8.669	 60.372       
 -1.903	-11.001	 62.691       
BRIEF 2ZJS H 220              
 47.608	  6.173	-11.716       
 50.428	  6.434	 -9.119       
 53.745	  7.873	-10.320       
 56.591	  9.605	 -8.479       
 59.104	 11.777	-10.333       
 62.390	 12.708	 -8.684       
 64.976	 15.411	 -9.408       
 67.764	 14.755	-11.908       
 71.186	 13.791	-10.538       
 73.027	 16.515	 -8.604       
 76.645	 17.473	 -7.867       
 77.761	 19.416	 -4.802       
 80.733	 20.570	 -2.703       
 81.810	 19.675	  0.862       
 79.819	 22.064	  3.082       
 77.024	 22.938	  0.636       
 73.427	 21.643	  0.571       
 70.695	 20.254	 -1.716       
 66.945	 20.097	 -1.986       
 65.587	 17.282	 -4.077       
 62.078	 16.963	 -5.482       
 59.440	 14.247	 -5.286       
 56.570	 15.024	 -7.680       
 53.580	 12.920	 -6.618       
 50.926	 12.213	 -9.248       
 48.187	  9.546	 -9.321       
 46.464	  9.503	 -5.924       
 45.401	 11.931	 -3.171       
 48.626	 13.626	 -1.946       
 47.590	 14.661	  1.614       
 46.559	 11.048	  2.352       
 49.883	  9.167	  2.077       
 53.353	  9.537	  3.645       
 56.320	 10.487	  1.487       
 59.495	  8.885	  2.801       
 63.118	  9.459	  1.856       
 65.599	  6.611	  1.414       
 69.403	  6.543	  1.238       
 71.341	  3.860	 -0.661       
 75.131	  3.997	 -0.696       
 77.165	  2.856	 -3.752       
 76.994	 -0.895	 -3.200       
 74.775	 -1.852	 -0.291       
 71.491	 -1.736	  1.647       
 68.844	  0.941	  2.090       
 68.508	  3.491	  4.893       
 65.182	  5.045	  5.849       
 66.027	  8.771	  6.161       
 62.615	  9.846	  7.405       
 59.128	 10.670	  6.200       
 56.689	 13.528	  5.736       
 52.899	 13.615	  5.820       
 51.764	 16.258	  3.263       
 48.516	 17.317	  5.004       
 49.530	 18.056	  8.599       
 53.117	 19.148	  9.249       
 53.877	 15.838	 11.025       
 57.174	 14.121	 10.147       
 59.292	 11.215	 11.431       
 63.084	 11.286	 11.276       
 65.659	  8.545	 11.590       
 67.775	  9.633	 14.578       
 70.899	  9.252	 12.470       
 69.658	 11.596	  9.749       
 68.609	 14.242	 12.291       
 70.106	 17.666	 11.646       
 71.235	 16.575	  8.187       
 67.825	 16.132	  6.520       
 64.679	 18.279	  6.393       
 61.461	 17.502	  4.547       
 58.907	 19.882	  3.044       
 55.469	 18.905	  1.757       
 53.757	 21.298	 -0.633       
 49.965	 20.917	 -0.869       
 49.666	 23.140	 -3.998       
 52.077	 21.571	 -6.515       
 52.315	 17.990	 -5.242       
 55.963	 18.068	 -4.247       
 57.947	 16.642	 -1.363       
 61.338	 18.058	 -0.528       
 64.443	 16.832	  1.185       
 67.024	 19.411	  2.048       
 70.327	 17.824	  2.989       
 72.456	 20.057	  5.203       
 76.236	 20.592	  5.327       
 77.118	 17.907	  2.806       
 80.221	 15.749	  3.231       
 81.791	 12.938	  1.163       
 79.582	 10.585	  3.178       
 76.320	 11.884	  1.680       
 77.112	 10.848	 -1.875       
 74.528	  8.175	 -2.620       
 71.345	  7.494	 -4.536       
 68.289	  8.944	 -2.829       
 64.760	  7.565	 -3.090       
 61.317	  8.906	 -2.270       
 58.562	  6.362	 -1.704       
 54.866	  6.413	 -0.852       
 53.204	  4.704	  2.129       
 49.679	  4.226	  3.578       
 48.887	  6.171	  6.760       
 48.999	  3.425	  9.426       
 51.604	  1.075	  7.987       
 55.264	  1.175	  6.941       
 54.748	 -0.441	  3.528       
 56.284	  1.367	  0.548       
 54.016	  0.434	 -2.319       
 55.343	  3.014	 -4.806       
 58.919	  4.174	 -5.301       
 60.443	  7.117	 -7.170       
 63.159	  6.477	 -9.763       
 66.124	  7.668	 -7.686       
 68.082	 10.919	 -7.559       
 71.871	 10.612	 -7.514       
 73.906	 12.936	 -5.301       
 77.685	 13.416	 -5.717       
 79.589	 15.295	 -3.031       
 82.996	 15.973	 -4.593       
 85.547	 18.742	 -4.056       
 87.145	 18.134	 -7.467       
 87.198	 20.355	-10.536       
 86.151	 18.978	-13.959       
 89.055	 17.182	-15.647       
 89.410	 15.296	-18.959       
 90.664	 11.658	-19.038       
 94.219	 10.676	-19.845       
 94.213	  7.737	-22.264       
 97.011	  5.166	-22.370       
 97.293	  2.004	-24.475       
 97.786	 -1.463	-23.023       
 99.766	 -3.938	-25.108       
101.494	 -7.043	-23.597       
105.094	 -6.843	-22.321       
107.625	 -6.847	-25.182       
108.428	-10.532	-24.519       
105.210	-12.463	-23.698       
103.972	-15.888	-24.873       
101.318	-15.550	-27.558       
 98.356	-17.905	-27.139       
 95.567	-18.477	-29.691       
 94.060	-15.132	-28.667       
 95.305	-11.817	-27.293       
 93.742	 -9.305	-24.906       
 94.472	 -5.596	-25.330       
 93.583	 -2.645	-23.159       
 92.830	  1.038	-22.916       
 93.437	  2.977	-19.663       
 91.307	  5.983	-18.710       
 93.126	  7.617	-15.795       
 92.272	 10.698	-13.722       
 89.032	 12.238	-15.002       
 86.089	 14.050	-13.434       
 83.178	 13.802	-13.356       
 81.263	 10.670	-14.348       
 80.872	  9.274	-16.946       
 82.902	  8.255	-19.982       
 81.781	  6.242	-22.992       
 84.377	  3.711	-24.104       
 83.776	  1.727	-27.271       
 86.465	  0.297	-29.507       
 87.021	  0.568	-33.277       
 84.743	  3.636	-33.338       
 82.212	  0.919	-32.422       
 83.088	 -1.899	-34.856       
 84.433	 -4.233	-32.149       
 81.530	 -5.173	-29.876       
 81.813	 -8.689	-28.438       
 84.560	 -9.939	-26.141       
 84.813	 -6.428	-24.657       
 84.788	 -5.593	-20.943       
 84.731	 -2.020	-19.606       
 85.167	 -2.032	-15.843       
 83.262	  0.103	-13.287       
 84.965	  3.406	-12.486       
 87.053	  3.794	 -9.338       
 87.987	  6.961	 -7.421       
 91.706	  7.376	 -6.973       
 92.765	 10.798	 -5.629       
 89.594	 12.756	 -6.238       
 89.157	 11.764	 -9.879       
 87.952	  8.537	-11.506       
 89.925	  5.728	-13.214       
 88.629	  3.244	-15.799       
 89.865	  0.587	-18.228       
 88.629	 -1.521	-21.180       
 89.675	 -4.916	-22.500       
 89.140	 -6.315	-26.005       
 89.954	 -9.950	-26.917       
 90.957	-10.505	-30.529       
 92.635	-13.560	-32.088       
 96.450	-13.377	-32.086       
 96.467	-13.212	-35.912       
 94.171	-10.155	-35.824       
 96.093	 -7.805	-33.523       
 99.508	 -7.464	-35.136       
 97.736	 -6.856	-38.506       
 94.206	 -5.295	-38.102       
 94.296	 -1.872	-36.400       
 92.813	 -1.831	-32.899       
 91.751	  1.489	-31.358       
 89.567	  2.264	-28.327       
 87.315	  5.315	-28.423       
 87.170	  7.039	-25.030       
 84.587	  9.819	-24.748       
 84.228	 12.286	-21.875       
 81.139	 14.394	-22.709       
 81.557	 16.522	-19.551       
 84.675	 18.168	-21.050       
 84.374	 17.474	-24.809       
 87.037	 14.766	-25.004       
 86.532	 12.548	-28.034       
 90.087	 11.216	-27.906       
 90.847	  7.729	-29.186       
 94.199	  5.996	-28.838       
 95.601	  3.396	-31.178       
 97.204	  0.438	-29.440       
100.668	 -0.422	-30.824       
103.065	 -3.301	-29.987       
106.063	 -2.660	-27.693       
109.581	 -1.846	-28.957       
BRIEF 2ZJS L 214              
 67.897	 -1.260	 17.957       
 65.553	 -3.256	 15.621       
 67.657	 -4.616	 12.745       
 67.642	 -6.883	  9.706       
 69.796	 -9.769	  8.419       
 69.832	-11.483	  5.033       
 72.569	-14.027	  5.486       
 73.150	-14.542	  1.748       
 74.458	-11.574	 -0.194       
 74.619	-13.495	 -3.493       
 72.419	-16.393	 -4.602       
 72.598	-18.736	 -7.580       
 69.790	-20.714	 -9.199       
 69.331	-21.122	-12.968       
 66.276	-19.890	-14.888       
 62.925	-21.451	-14.032       
 64.124	-22.729	-10.648       
 62.695	-22.394	 -7.166       
 64.604	-19.545	 -5.511       
 64.394	-18.752	 -1.794       
 65.744	-15.638	 -0.066       
 65.954	-15.471	  3.720       
 65.546	-12.620	  6.172       
 65.973	-12.502	  9.945       
 65.139	 -9.778	 12.471       
 67.039	 -9.051	 15.705       
 63.744	 -8.926	 17.566       
 60.322	-10.429	 17.112       
 58.576	 -8.612	 14.330       
 54.989	 -9.613	 14.765       
 54.645	-10.683	 11.125       
 54.918	 -7.112	  9.639       
 57.742	 -7.757	  7.153       
 57.956	 -6.592	  3.532       
 59.979	 -7.571	  0.445       
 61.360	 -5.302	 -2.266       
 62.791	 -5.716	 -5.745       
 65.492	 -3.487	 -7.200       
 66.322	 -4.139	-10.844       
 69.964	 -3.393	-11.835       
 68.674	 -0.423	-13.861       
 67.752	  1.269	-10.560       
 63.944	  0.800	-10.472       
 62.354	 -0.343	 -7.190       
 59.019	 -2.127	 -6.705       
 57.312	 -3.601	 -3.642       
 56.646	 -7.313	 -4.058       
 55.096	 -8.610	 -0.855       
 53.990	 -6.611	  2.154       
 52.446	 -8.559	  5.012       
 54.562	-11.398	  6.452       
 55.526	-12.095	  2.849       
 51.916	-13.284	  2.283       
 50.147	-10.390	  0.531       
 51.201	 -9.263	 -2.973       
 50.344	 -5.831	 -4.377       
 49.501	 -6.230	 -8.106       
 52.458	 -8.600	 -8.635       
 53.019	-11.986	-10.446       
 51.887	-15.183	 -8.663       
 55.320	-16.854	 -8.701       
 56.206	-14.622	 -5.736       
 55.200	-15.847	 -2.273       
 56.498	-15.796	  1.292       
 56.147	-17.034	  4.852       
 57.808	-17.513	  8.238       
 56.824	-15.870	 11.528       
 58.439	-14.308	 14.581       
 62.018	-13.606	 13.470       
 62.795	-15.490	 10.260       
 60.941	-14.863	  7.005       
 61.422	-15.818	  3.381       
 60.460	-14.761	 -0.111       
 60.080	-17.505	 -2.696       
 60.065	-17.244	 -6.469       
 58.517	-20.443	 -7.857       
 59.418	-19.974	-11.525       
 62.373	-17.634	-12.101       
 62.747	-15.416	-15.195       
 65.294	-12.974	-16.647       
 63.077	-10.102	-15.438       
 63.633	-11.521	-11.949       
 67.441	-11.212	-12.061       
 67.787	 -8.481	 -9.381       
 68.552	 -7.606	 -5.736       
 65.979	 -8.387	 -3.034       
 65.433	 -6.429	  0.187       
 63.460	 -7.194	  3.321       
 62.097	 -4.543	  5.635       
 60.329	 -4.786	  8.942       
 57.191	 -2.682	  9.117       
 56.849	 -3.328	 12.820       
 57.994	  0.099	 14.112       
 60.138	  3.209	 13.611       
 62.794	  3.408	 12.515       
 61.932	  1.343	  9.437       
 64.928	 -0.813	  8.570       
 66.085	 -2.899	  5.582       
 68.321	 -5.948	  5.093       
 71.538	 -5.820	  3.065       
 69.790	 -7.536	  0.124       
 70.410	-10.573	 -2.090       
 71.711	-10.167	 -5.678       
 70.570	-13.063	 -7.883       
 73.099	-14.799	-10.134       
 72.741	-17.222	-13.048       
 74.112	-20.660	-12.148       
 76.805	-21.701	-14.645       
 79.638	-24.090	-15.551       
 82.815	-22.835	-13.838       
 85.669	-21.028	-15.615       
 89.247	-19.883	-15.082       
 90.031	-16.214	-15.794       
 92.030	-15.038	-18.804       
 94.784	-13.342	-16.749       
 96.716	-10.596	-18.558       
 99.432	 -8.241	-17.337       
100.175	 -4.817	-18.874       
103.295	 -2.653	-18.299       
102.971	  1.168	-18.106       
102.716	  2.996	-21.433       
105.808	  5.057	-22.259       
103.394	  7.928	-22.843       
102.361	  7.732	-19.162       
105.924	  7.152	-18.024       
106.798	 10.668	-19.240       
103.983	 12.015	-17.039       
106.100	 10.515	-14.245       
103.380	  7.971	-13.459       
103.287	  4.211	-13.912       
100.275	  1.948	-13.514       
100.440	 -1.788	-13.973       
 97.117	 -3.254	-15.078       
 96.033	 -6.837	-14.595       
 92.899	 -8.209	-16.244       
 91.335	-11.397	-14.901       
 88.626	-11.943	-17.430       
 86.083	-14.751	-17.707       
 85.803	-16.646	-14.420       
 82.572	-18.025	-13.014       
 82.339	-18.303	 -9.239       
 82.376	-14.542	 -8.667       
 84.951	-14.720	 -5.852       
 88.514	-14.452	 -7.105       
 91.528	-12.693	 -5.593       
 94.514	-11.005	 -7.169       
 97.877	-10.819	 -5.491       
100.730	 -8.531	 -6.512       
104.332	 -9.638	 -6.324       
107.012	 -7.075	 -7.039       
110.396	 -8.847	 -7.133       
108.952	-11.998	 -5.560       
107.328	-10.356	 -2.526       
103.702	 -9.313	 -1.989       
102.741	 -5.664	 -2.517       
 99.531	 -4.166	 -1.124       
 99.853	 -0.381	 -1.274       
 98.409	  1.263	 -4.361       
 96.320	 -1.674	 -5.549       
 92.782	 -0.900	 -6.658       
 90.466	 -3.308	 -8.377       
 86.974	 -3.282	 -9.860       
 84.596	 -6.097	-10.720       
 81.913	 -6.304	-13.352       
 78.372	 -7.583	-12.961       
 77.519	-11.005	-14.363       
 77.839	-10.763	-18.134       
 74.314	-11.009	-19.581       
 75.558	-13.187	-22.480       
 77.860	-15.718	-20.787       
 77.236	-15.545	-17.040       
 80.900	-14.942	-16.095       
 82.553	-12.133	-14.152       
 85.590	-10.025	-15.122       
 87.977	 -8.142	-12.791       
 90.540	 -5.369	-13.315       
 93.500	 -4.830	-10.919       
 95.774	 -1.772	-11.211       
 98.865	 -0.955	 -9.150       
 99.330	  2.815	 -9.571       
102.936	  3.862	 -8.876       
105.158	  6.879	 -9.456       
107.725	  6.493	-12.227       
110.329	  6.374	 -9.435       
108.935	  3.384	 -7.545       
108.313	  1.682	-10.868       
111.930	  2.204	-11.996       
113.120	  0.846	 -8.603       
112.119	 -2.718	 -9.395       
112.573	 -5.254	-12.202       
109.884	 -7.928	-12.374       
106.190	 -7.484	-11.622       
103.915	-10.425	-10.923       
100.164	-10.709	-10.776       
 98.958	-13.949	 -9.130       
 95.262	-14.879	 -9.413       
 93.438	-17.408	 -7.227       
 90.040	-18.781	 -8.212       
 88.099	-21.782	 -6.825       
 88.768	-23.145	-10.332       
 92.287	-24.414	 -9.333       
 94.783	-24.869	 -6.458       
 97.716	-23.637	 -8.540       
 97.307	-19.844	 -8.784       
 97.335	-18.449	-12.332       
100.539	-16.367	-12.095       
101.499	-13.871	-14.813       
104.314	-11.316	-15.049       
106.796	 -9.243	-17.085       
110.254	 -7.685	-16.659       
110.959	 -3.962	-16.907       
114.428	 -4.497	-18.434       
113.029	 -7.139	-20.829       
113.084	 -4.555	-23.674       
