BRIEF 2ZUQ A 148              
-73.025	 -8.258	112.561 -0.102
-70.119	 -8.850	114.962 -0.040
-66.330	 -8.592	114.661  1.395
-66.860	 -5.023	113.361 -2.205
-69.308	 -5.370	110.461 -0.128
-66.551	 -7.602	109.063 -0.074
-63.182	 -6.394	110.489 -0.980
-64.166	 -3.026	109.006 -0.414
-64.588	 -4.570	105.542  0.459
-61.574	 -6.838	106.167 -0.150
-59.646	 -3.588	106.758 -2.123
-61.402	 -1.926	103.813  0.017
-59.872	 -4.494	101.429  0.430
-56.358	 -3.634	102.647 -0.885
-57.458	 -0.031	102.066 -0.826
-57.367	 -0.889	-98.364  0.575
-54.964	 -3.771	-97.746  0.611
-52.179	 -1.774	-99.349 -1.071
-53.520	  1.438	-97.735 -0.702
-52.914	 -0.444	-94.498  1.414
-49.485	 -1.647	-95.720  0.330
-48.402	  1.969	-96.244 -0.211
-48.551	  2.401	-92.456  0.833
-46.359	 -0.647	-91.715  1.412
-43.452	  0.735	-93.661 -0.280
-43.824	  4.514	-94.129 -0.340
-45.831	  5.732	-91.120 -0.083
-44.160	  2.987	-89.008 -0.848
-46.429	  2.108	-87.202  0.921
-45.320	 -1.481	-86.770 -0.265
-48.243	 -2.932	-84.719  1.551
-50.664	 -5.741	-85.533  1.555
-52.554	 -7.299	-82.655  1.183
-55.493	 -9.121	-84.393  1.135
-54.793	 -6.828	-87.361  1.556
-52.821	 -9.600	-89.175  0.884
-55.680	-12.004	-88.506  0.637
-57.710	 -9.161	-90.052  1.391
-55.440	 -8.622	-93.060  1.557
-56.420	-12.206	-93.856 -0.059
-60.133	-11.251	-93.687  0.967
-59.673	 -8.922	-96.723  0.673
-57.483	-11.482	-98.559 -0.981
-60.623	-13.553	-98.161 -0.322
-62.738	-10.727	-99.614  0.538
-60.384	-10.500	102.597 -0.195
-60.885	-14.175	103.511 -2.387
-64.646	-13.580	103.628  0.482
-64.565	-10.519	105.924  0.509
-61.558	-11.564	108.001 -0.223
-63.356	-14.934	108.530 -0.450
-66.795	-13.367	109.065  0.544
-64.800	-11.529	111.723 -0.497
-62.058	-13.743	113.302 -0.778
-64.099	-16.264	115.290 -0.146
-67.330	-14.506	114.118 -0.022
-69.533	-16.164	115.321 -0.679
-72.928	-17.430	114.075 -2.384
-72.072	-20.746	112.342 -2.416
-69.037	-19.608	110.267 -2.372
-70.933	-16.452	109.220  0.237
-72.761	-18.674	106.682 -1.333
-69.456	-19.665	105.085 -1.121
-68.192	-16.076	104.999  0.032
-71.333	-15.206	103.002 -0.332
-70.647	-17.331	-99.930 -2.416
-66.929	-16.552	-99.768 -0.244
-67.945	-12.840	100.242  0.090
-70.135	-13.616	-97.266 -1.134
-67.808	-15.602	-95.010 -0.822
-64.616	-13.551	-94.757  0.216
-66.720	-10.390	-94.363  0.564
-68.781	-11.691	-91.424 -1.517
-65.508	-13.099	-90.131 -1.969
-63.990	 -9.680	-90.706  1.553
-66.667	 -8.045	-88.551 -0.549
-66.366	-10.377	-85.534 -1.096
-62.562	 -9.964	-85.647  0.196
-62.765	 -6.116	-85.922  0.992
-65.564	 -6.075	-83.364 -0.787
-63.845	 -7.794	-80.416  0.656
-60.744	 -5.960	-81.489  1.192
-62.748	 -2.736	-81.075  0.678
-64.477	 -3.880	-77.910  0.169
-61.059	 -4.629	-76.441  0.119
-60.519	 -0.845	-76.138  0.937
-63.880	  0.522	-75.065 -0.160
-63.533	 -2.399	-72.720  0.320
-59.995	 -3.804	-72.265  1.101
-59.994	 -7.030	-70.259  0.269
-58.262	 -7.190	-66.841  0.696
-56.004	 -9.900	-68.290  0.376
-54.901	 -9.093	-71.817  0.136
-51.621	-10.778	-72.749  0.859
-49.867	 -8.746	-75.418  1.556
-48.858	-11.687	-77.662  0.777
-47.759	-12.121	-81.288  0.018
-46.938	-15.490	-82.916  0.223
-49.050	-17.859	-85.149  0.489
-50.153	-24.204	-93.785  0.530
-47.764	-21.324	-92.909  1.181
-49.450	-18.210	-91.591  0.430
-46.182	-16.512	-90.501  0.247
-43.854	-18.032	-93.133 -0.384
-45.105	-17.842	-96.755  0.653
-44.874	-14.030	-96.450 -0.905
-42.904	-11.742	-94.122  0.352
-43.731	 -8.140	-95.124 -1.005
-47.522	 -8.491	-94.520  0.199
-47.862	-11.696	-92.410  0.850
-45.570	-10.663	-89.518 -0.972
-47.213	 -9.415	-86.311  1.248
-45.105	 -7.370	-83.849  0.597
-47.583	 -5.241	-81.881  1.181
-45.593	 -4.788	-78.647  0.883
-48.345	 -2.803	-76.888  1.556
-48.074	  0.865	-76.442  0.594
-51.451	  1.487	-74.830 -0.313
-51.929	  4.295	-77.320 -0.174
-52.914	  4.759	-80.947 -0.173
-53.633	  8.057	-82.718  1.017
-55.826	  6.283	-85.272 -0.136
-57.466	  9.339	-86.824  0.227
-60.860	 11.024	-86.272  0.036
-62.031	  9.685	-82.899  0.433
-62.077	  6.174	-84.368  0.123
-59.291	  3.590	-84.326  1.055
-58.386	  1.577	-87.404  1.062
-60.104	 -1.498	-85.977  1.191
-63.055	  0.850	-85.390  0.440
-63.126	  2.034	-89.013  0.877
-62.412	 -1.454	-90.418  1.052
-65.325	 -2.786	-88.377  0.038
-67.613	 -0.448	-90.363 -0.305
-66.088	 -1.045	-93.782 -0.218
-66.620	 -4.800	-93.068  1.262
-70.281	 -4.158	-92.482 -0.957
-70.095	 -2.381	-95.860 -2.386
-69.162	 -5.754	-97.434  0.034
-71.462	 -7.940	-95.342 -0.588
-74.467	 -5.705	-95.862 -2.411
-73.691	 -5.639	-99.619 -1.009
-73.176	 -9.407	100.130 -0.700
-76.431	-10.280	-98.368 -2.324
-78.702	 -7.222	-98.184 -2.408
-77.615	 -5.801	101.574  0.005
-77.026	 -9.098	103.463 -1.079
-78.627	-12.362	102.312  0.196
BRIEF 2ZUQ D 148              
125.635	-33.689	151.973       
129.177	-32.371	152.374       
132.846	-33.095	151.528       
132.406	-36.794	150.602       
129.017	-36.472	148.863       
130.916	-34.079	146.581       
134.458	-35.600	146.630       
132.947	-38.944	145.596       
131.828	-37.001	142.526       
134.855	-34.807	141.650       
136.674	-38.142	141.846       
134.265	-40.159	139.628       
134.529	-37.694	136.715       
138.340	-37.795	136.935       
137.903	-41.579	137.126       
136.063	-40.982	133.843       
138.661	-38.644	132.322       
141.291	-41.190	133.376       
139.438	-43.880	131.385       
139.422	-41.210	128.639       
143.161	-40.373	128.593       
143.742	-44.162	128.686       
142.168	-44.544	125.228       
143.859	-41.312	124.119       
147.317	-42.853	124.638       
147.852	-46.345	126.110       
145.729	-48.078	123.425       
146.250	-45.653	120.484       
143.405	-45.214	119.516       
143.622	-41.546	118.426       
140.106	-39.927	118.601       
139.313	-36.229	119.215       
136.657	-34.779	116.775       
134.386	-32.417	118.765       
134.785	-34.536	121.913       
137.881	-32.653	123.174       
135.200	-29.932	123.527       
133.299	-32.557	125.562       
136.453	-33.264	127.595       
136.457	-29.614	128.643       
132.787	-30.238	129.535       
133.998	-32.763	132.140       
136.988	-30.839	133.521       
133.852	-28.787	134.073       
132.425	-31.415	136.388       
135.840	-31.212	137.994       
135.325	-27.666	139.289       
131.585	-28.253	139.775       
131.721	-31.017	142.415       
135.303	-30.171	143.406       
134.017	-26.687	144.296       
131.019	-28.303	145.988       
133.696	-30.290	147.786       
136.304	-27.639	148.624       
134.689	-26.044	151.699       
131.114	-27.548	151.291       
130.016	-25.497	153.374       
126.691	-23.648	153.452       
126.515	-21.143	150.590       
129.200	-22.336	148.095       
126.862	-25.342	147.746       
124.947	-23.232	145.207       
127.956	-22.196	143.047       
128.915	-25.875	142.945       
125.468	-26.997	141.738       
125.172	-24.560	138.857       
128.633	-24.946	137.275       
127.663	-28.657	137.608       
124.226	-28.294	136.070       
125.979	-26.456	133.240       
128.953	-28.638	132.421       
126.437	-31.503	132.447       
123.952	-29.682	130.203       
126.747	-28.673	127.838       
127.955	-32.261	127.964       
124.621	-33.814	126.976       
123.953	-31.612	123.929       
127.482	-31.671	122.465       
127.658	-35.443	123.011       
124.088	-35.710	121.714       
124.564	-34.110	118.331       
127.886	-35.955	118.164       
125.753	-39.102	118.321       
123.505	-37.588	115.596       
126.670	-37.184	113.508       
127.507	-40.828	114.114       
124.075	-42.327	113.419       
122.726	-39.959	110.759       
125.657	-38.241	109.043       
124.715	-35.440	106.636       
124.938	-35.950	102.864       
128.099	-33.863	103.255       
130.336	-34.692	106.283       
133.222	-32.541	107.597       
135.435	-34.076	110.357       
137.272	-30.742	110.929       
140.050	-29.627	113.363       
140.896	-26.612	115.692       
140.167	-24.715	118.974       
141.695	-17.003	126.437       
144.120	-19.162	124.418       
142.591	-22.702	124.192       
145.004	-25.134	122.458       
147.762	-22.874	123.670       
148.376	-23.113	127.433       
148.184	-26.972	127.455       
149.943	-29.380	124.995       
149.419	-33.163	125.400       
145.735	-33.284	126.442       
144.851	-29.968	124.740       
145.223	-31.021	121.079       
143.035	-32.877	118.526       
143.971	-35.420	115.810       
141.431	-37.635	113.969       
141.989	-38.599	110.312       
138.554	-40.112	109.478       
139.171	-43.469	107.767       
136.127	-44.948	109.461       
136.259	-48.632	110.545       
135.113	-49.529	114.084       
134.851	-51.786	117.158       
132.915	-50.322	120.142       
132.092	-52.113	123.424       
128.509	-53.441	123.785       
128.313	-52.601	120.023       
127.432	-49.060	121.161       
129.329	-45.911	120.182       
131.448	-44.335	122.946       
130.060	-40.821	122.449       
126.704	-42.609	122.690       
127.648	-44.005	126.095       
128.793	-40.488	127.152       
125.590	-38.823	125.915       
123.893	-41.208	128.323       
125.858	-40.505	131.493       
125.772	-36.728	131.046       
121.990	-37.109	131.636       
122.780	-39.117	134.798       
124.903	-36.127	135.843       
122.350	-33.541	134.740       
119.753	-35.374	136.835       
122.241	-36.004	139.692       
121.956	-32.235	139.644       
118.341	-31.072	139.512       
116.589	-34.452	139.950       
118.671	-34.850	143.085       
120.742	-31.970	144.541       
117.984	-29.380	143.983       
BRIEF 2ZUQ B 218              
-49.499	 -7.654	-58.296       
-51.333	 -4.449	-57.561       
-52.022	 -3.961	-53.822       
-55.274	 -2.364	-52.723       
-55.256	 -1.064	-49.200       
-58.163	  0.798	-47.588       
-58.182	  2.898	-44.413       
-59.666	  2.727	-41.849       
-60.641	 -0.770	-40.734       
-63.821	  0.538	-39.092       
-66.200	  3.513	-39.075       
-68.966	  4.441	-36.697       
-71.705	  6.935	-37.648       
-75.148	  8.042	-36.435       
-77.826	  7.044	-38.948       
-77.982	  9.778	-41.599       
-74.473	 11.150	-41.920       
-71.790	 11.551	-44.603       
-68.940	  9.014	-44.605       
-66.063	  8.907	-47.027       
-63.682	  5.961	-46.624       
-60.585	  5.665	-48.836       
-59.078	  3.119	-51.200       
-55.489	  3.501	-52.405       
-53.844	  1.249	-54.992       
-50.119	  0.573	-55.432       
-50.299	  1.073	-59.194       
-51.985	  3.863	-61.080       
-55.325	  2.743	-62.489       
-55.631	  5.133	-65.495       
-55.576	  4.231	-69.170       
-54.058	  6.631	-71.661       
-57.126	  6.068	-73.902       
-60.177	  7.335	-71.979       
-60.028	  8.542	-68.440       
-61.109	  5.104	-67.283       
-60.093	  4.321	-63.769       
-60.679	  0.566	-63.593       
-61.550	  0.403	-59.912       
-64.733	 -0.960	-58.427       
-66.357	 -0.658	-54.971       
-68.305	 -3.645	-53.652       
-70.451	 -3.524	-50.570       
-70.948	 -6.766	-48.638       
-73.643	 -7.122	-45.998       
-73.188	 -9.332	-42.898       
-73.162	-12.927	-44.188       
-73.888	-12.091	-47.818       
-72.304	-12.190	-51.197       
-70.737	 -8.800	-52.036       
-72.930	 -6.469	-54.189       
-71.627	 -4.283	-57.037       
-71.862	 -0.620	-56.084       
-69.727	  1.572	-58.289       
-67.738	  0.639	-61.338       
-65.026	  2.424	-63.340       
-64.626	  4.694	-60.294       
-67.388	  7.253	-60.633       
-70.292	  5.435	-62.309       
-73.002	  3.911	-60.093       
-74.830	  0.681	-60.844       
-78.509	 -0.186	-61.564       
-80.334	  0.811	-58.380       
-77.511	  2.464	-56.484       
-78.929	  5.427	-54.558       
-77.120	  8.682	-55.525       
-75.836	  8.787	-51.931       
-72.974	  6.376	-52.556       
-70.497	  8.384	-54.614       
-67.207	  7.363	-56.184       
-64.471	  9.912	-56.513       
-60.794	  9.200	-57.039       
-58.300	  8.932	-59.856       
-54.824	  7.562	-60.365       
-53.869	  5.710	-57.187       
-56.411	  7.464	-54.950       
-60.012	  6.501	-54.600       
-62.665	  7.471	-52.078       
-66.178	  6.161	-51.450       
-68.725	  8.503	-49.933       
-72.137	  7.578	-48.483       
-74.439	 10.438	-47.527       
-77.573	  9.936	-45.386       
-76.504	  6.602	-43.872       
-79.573	  4.439	-43.571       
-79.675	  1.563	-41.109       
-79.477	 -0.981	-43.936       
-75.967	  0.213	-44.733       
-74.217	 -1.976	-42.212       
-71.458	 -3.493	-44.299       
-67.875	 -3.950	-45.228       
-66.981	 -1.953	-48.357       
-64.364	 -3.491	-50.602       
-62.526	 -1.845	-53.426       
-61.338	 -3.947	-56.362       
-58.881	 -3.147	-59.073       
-59.498	 -4.591	-62.507       
-56.615	 -2.899	-64.339       
-54.353	 -5.904	-64.181       
-55.978	 -9.030	-62.864       
-58.447	 -8.621	-59.984       
-57.296	 -7.448	-56.533       
-59.342	 -6.366	-53.481       
-58.769	 -3.992	-50.586       
-58.850	 -5.344	-47.073       
-62.236	 -3.878	-46.271       
-63.718	 -1.068	-44.196       
-66.415	 -1.997	-41.680       
-69.148	  0.681	-41.503       
-70.831	 -0.166	-38.184       
-73.766	  1.963	-37.002       
-74.148	  4.107	-33.895       
-78.936	  5.384	-28.720       
-78.801	  2.595	-26.116       
-81.458	 -0.113	-25.470       
-82.247	 -2.777	-22.810       
-81.090	 -6.422	-23.380       
-83.985	 -8.909	-23.415       
-82.909	-12.152	-21.599       
-84.739	-15.533	-21.610       
-83.421	-18.825	-20.122       
-83.601	-22.262	-21.778       
-83.252	-25.650	-19.966       
-81.626	-28.749	-21.520       
-83.649	-30.766	-24.047       
-84.996	-34.161	-23.009       
-83.060	-35.971	-25.767       
-79.757	-34.176	-25.083       
-80.096	-35.533	-21.544       
-81.193	-39.073	-22.441       
-78.173	-39.014	-24.768       
-75.740	-38.310	-21.915       
-75.270	-34.541	-21.624       
-76.865	-31.303	-20.410       
-76.577	-27.699	-21.644       
-78.324	-24.555	-20.422       
-78.555	-21.316	-22.497       
-79.986	-17.808	-22.319       
-80.324	-15.370	-25.208       
-79.768	-11.637	-24.774       
-81.703	-10.270	-27.725       
-81.752	 -6.706	-29.138       
-79.317	 -4.828	-26.867       
-76.973	 -1.871	-27.485       
-74.097	 -0.992	-26.943       
-71.998	 -4.187	-27.267       
-70.847	 -4.263	-23.649       
-72.809	 -6.663	-21.450       
-71.449	 -8.738	-18.548       
-73.685	-11.800	-18.327       
-73.395	-13.723	-15.053       
-74.767	-17.238	-14.430       
-76.226	-18.215	-10.998       
-76.764	-21.661	 -9.526       
-79.466	-20.725	 -6.942       
-76.958	-18.060	 -5.764       
-73.604	-19.907	 -5.827       
-71.814	-18.717	 -8.956       
-69.439	-21.050	-10.883       
-67.887	-20.207	-14.289       
-65.748	-22.957	-15.959       
-67.686	-23.862	-19.149       
-69.662	-20.758	-20.166       
-69.167	-19.838	-23.860       
-70.803	-16.787	-25.482       
-71.377	-15.136	-28.861       
-72.482	-11.676	-29.962       
-74.149	-11.370	-33.345       
-72.430	 -8.773	-35.465       
-74.760	 -5.735	-35.149       
-78.285	 -6.036	-36.703       
-78.915	 -4.208	-40.005       
-82.625	 -3.360	-39.758       
-82.701	 -2.481	-36.061       
-78.919	 -1.951	-35.873       
-78.366	 -3.440	-32.413       
-76.257	 -6.371	-31.123       
-77.471	 -9.648	-29.563       
-75.740	-12.406	-27.551       
-76.013	-16.010	-26.282       
-74.256	-17.651	-23.322       
-74.136	-21.427	-22.959       
-73.482	-23.222	-19.715       
-72.487	-26.757	-20.621       
-72.367	-29.523	-17.964       
-72.275	-33.324	-17.849       
-75.589	-35.303	-17.865       
-75.317	-36.100	-14.124       
-73.675	-32.940	-12.726       
-76.763	-30.913	-13.873       
-79.115	-32.064	-11.079       
-76.514	-31.019	 -8.445       
-78.654	-27.959	 -7.624       
-82.211	-26.848	 -8.427       
-82.522	-23.138	 -9.222       
-80.650	-21.684	-12.197       
-80.488	-18.196	-13.698       
-78.408	-15.700	-15.659       
-78.053	-11.949	-15.375       
-77.052	 -9.073	-17.600       
-75.435	 -5.815	-16.371       
-75.664	 -3.893	-19.670       
-75.248	 -0.152	-19.224       
-78.774	  1.110	-19.918       
-78.775	  0.956	-16.156       
-76.426	 -1.370	-14.244       
-79.451	 -2.910	-12.522       
-78.638	 -6.555	-13.471       
-81.615	 -7.936	-15.513       
-82.356	-11.443	-14.164       
-84.272	-14.398	-15.682       
-84.553	-17.737	-13.892       
-85.944	-21.281	-13.747       
-85.629	-24.340	-11.446       
-84.672	-27.942	-12.265       
-87.085	-30.478	-10.634       
-89.928	-30.403	-13.208       
-87.661	-30.134	-16.260       
BRIEF 2ZUQ E 218              
131.158	-36.470	-92.310       
129.151	-39.691	-92.194       
127.352	-40.877	-89.025       
123.988	-42.576	-89.391       
122.790	-44.570	-86.386       
119.332	-46.087	-85.935       
118.410	-48.918	-83.591       
116.301	-49.221	-81.536       
115.334	-45.827	-80.112       
111.740	-46.971	-80.116       
109.370	-49.895	-80.355       
105.758	-50.305	-79.366       
103.933	-52.806	-81.556       
100.574	-54.529	-82.243       
-98.396	-53.626	-85.221       
-98.692	-56.083	-88.131       
102.150	-57.501	-87.344       
105.539	-57.050	-89.080       
108.155	-54.737	-87.440       
111.617	-53.951	-88.798       
113.804	-51.035	-87.700       
117.490	-50.804	-88.499       
119.752	-48.161	-89.983       
123.517	-48.229	-90.128       
126.175	-45.928	-91.532       
129.818	-45.253	-90.726       
130.789	-45.307	-94.385       
129.650	-47.646	-97.107       
126.983	-46.070	-99.261       
127.612	-48.249	102.351       
128.787	-46.951	105.745       
131.062	-48.980	108.117       
128.620	-47.971	110.862       
125.817	-48.795	110.704       
124.873	-50.772	107.588       
123.109	-47.856	105.892       
122.838	-47.152	102.213       
122.274	-43.987	101.575       
120.181	-43.698	-98.483       
116.530	-42.795	-97.966       
113.732	-43.400	-95.429       
111.442	-40.631	-94.199       
108.490	-40.942	-91.815       
107.469	-38.038	-89.548       
104.133	-37.999	-87.736       
103.660	-35.475	-84.863       
103.007	-31.828	-85.778       
104.385	-32.194	-89.366       
107.342	-32.495	-91.763       
108.638	-35.897	-92.927       
107.596	-37.635	-96.163       
110.007	-39.603	-98.397       
109.041	-43.244	-97.983       
111.873	-44.963	-99.776       
114.807	-43.661	101.826       
117.979	-45.470	102.914       
117.050	-47.800	-99.993       
114.913	-50.029	102.278       
112.633	-48.250	104.728       
109.405	-47.113	103.069       
107.953	-43.645	103.486       
104.950	-42.594	105.633       
101.940	-43.539	103.480       
103.716	-45.685	100.893       
102.067	-48.981	-99.717       
103.381	-52.507	100.383       
103.905	-53.193	-96.681       
107.090	-51.037	-96.351       
110.164	-52.604	-97.958       
113.644	-51.162	-97.436       
116.572	-53.556	-97.676       
120.262	-53.836	-96.882       
123.531	-52.950	-98.558       
126.559	-50.729	-97.995       
126.571	-50.295	-94.215       
123.365	-52.137	-93.151       
119.948	-50.721	-94.113       
116.648	-52.067	-92.801       
113.156	-50.639	-93.221       
110.323	-53.091	-92.495       
106.502	-52.823	-92.120       
103.773	-55.476	-92.069       
-99.988	-54.842	-91.595       
101.123	-52.119	-89.193       
-98.376	-49.506	-89.505       
-97.294	-47.282	-86.596       
-98.212	-44.403	-88.917       
101.761	-45.783	-89.037       
102.673	-44.288	-85.693       
105.596	-41.953	-86.447       
109.356	-41.566	-86.090       
111.198	-43.269	-88.926       
114.466	-41.613	-89.925       
117.119	-42.624	-92.459       
119.102	-40.217	-94.669       
122.252	-41.000	-96.604       
123.120	-38.755	-99.504       
126.219	-40.577	100.800       
128.231	-37.714	-99.381       
126.412	-34.611	-98.219       
123.129	-35.030	-96.290       
123.233	-36.660	-92.852       
120.235	-38.103	-90.932       
119.717	-41.044	-88.537       
118.509	-40.724	-84.938       
115.083	-42.248	-85.432       
113.066	-45.255	-84.399       
109.847	-44.131	-82.691       
106.986	-46.517	-83.387       
104.419	-46.635	-80.559       
101.180	-48.704	-80.315       
100.308	-51.338	-77.665       
-97.627	-53.340	-73.280       
-98.727	-52.345	-69.758       
-97.253	-50.068	-67.056       
-98.123	-48.548	-63.647       
-98.812	-44.804	-63.205       
-96.162	-42.531	-61.712       
-98.346	-40.431	-59.442       
-97.121	-37.334	-57.637       
-99.146	-34.881	-55.522       
-98.529	-31.126	-55.280       
-99.810	-28.559	-52.684       
101.221	-25.125	-53.618       
-98.288	-22.945	-54.606       
-96.796	-20.341	-52.262       
-98.327	-17.394	-54.122       
101.679	-18.782	-55.284       
102.753	-18.724	-51.637       
102.180	-14.987	-51.006       
104.367	-14.460	-54.100       
107.431	-15.833	-52.253       
107.472	-19.164	-54.093       
105.815	-22.586	-53.713       
105.428	-25.523	-56.124       
103.973	-28.917	-55.227       
102.780	-30.916	-58.240       
101.415	-34.383	-58.872       
-99.990	-35.894	-62.042       
100.828	-39.519	-62.847       
-98.144	-40.078	-65.475       
-97.064	-42.801	-67.903       
-99.519	-45.695	-67.683       
101.263	-48.180	-69.922       
104.255	-49.060	-70.335       
105.953	-45.626	-70.174       
108.683	-46.718	-67.723       
107.583	-45.128	-64.485       
109.563	-43.984	-61.489       
108.564	-41.220	-59.061       
110.150	-40.829	-55.636       
109.302	-37.740	-53.562       
109.351	-37.564	-49.763       
109.271	-34.662	-47.287       
107.928	-36.630	-44.302       
109.673	-40.004	-44.684       
112.982	-38.561	-45.891       
113.189	-38.691	-49.679       
115.085	-35.736	-51.171       
115.607	-35.715	-54.940       
116.971	-32.379	-56.112       
114.591	-29.543	-56.904       
112.228	-31.952	-58.706       
111.151	-31.437	-62.320       
109.421	-34.041	-64.537       
107.561	-34.060	-67.853       
106.197	-36.811	-70.100       
103.458	-36.909	-72.689       
103.401	-39.027	-75.813       
100.872	-41.816	-76.158       
-97.213	-40.804	-76.096       
-95.365	-40.733	-79.433       
-92.229	-42.373	-78.008       
-93.348	-43.754	-74.631       
-96.731	-44.734	-76.204       
-98.635	-44.376	-72.914       
101.009	-42.008	-71.112       
100.753	-39.417	-68.364       
103.569	-37.713	-66.521       
103.679	-34.740	-64.186       
106.247	-34.134	-61.432       
106.951	-30.942	-59.531       
109.026	-30.541	-56.412       
109.515	-26.794	-56.128       
110.576	-24.786	-53.033       
110.966	-21.318	-51.606       
107.941	-20.803	-49.295       
110.380	-20.394	-46.368       
111.566	-23.939	-46.959       
108.069	-25.105	-47.795       
107.091	-24.633	-44.142       
110.279	-26.276	-42.840       
108.232	-29.493	-42.909       
104.707	-30.921	-42.850       
104.264	-34.162	-44.759       
104.672	-34.315	-48.535       
104.196	-37.396	-50.758       
104.804	-38.753	-54.298       
105.010	-42.396	-55.372       
104.634	-44.072	-58.743       
106.399	-47.452	-59.066       
104.995	-48.650	-62.377       
105.334	-52.210	-63.675       
101.713	-53.129	-62.817       
101.755	-53.790	-59.105       
105.237	-53.788	-57.582       
103.951	-51.779	-54.629       
104.373	-47.979	-54.820       
101.236	-45.868	-55.219       
101.863	-43.430	-52.386       
-99.484	-40.501	-52.237       
100.395	-37.943	-49.614       
-99.232	-34.586	-48.240       
100.564	-32.702	-45.174       
100.848	-28.995	-44.438       
-98.722	-27.964	-41.362       
-95.471	-26.862	-43.073       
-97.290	-25.500	-46.209       
BRIEF 2ZUQ C 216              
-84.451	-12.454	-62.703       
-80.801	-13.590	-62.843       
-79.548	-16.314	-60.514       
-76.437	-18.239	-59.491       
-76.301	-21.138	-57.039       
-72.907	-22.720	-56.632       
-72.646	-25.918	-54.637       
-71.050	-29.291	-53.969       
-68.209	-29.009	-51.464       
-67.472	-29.432	-47.787       
-64.362	-30.926	-46.176       
-61.347	-32.303	-48.071       
-57.956	-33.516	-46.950       
-54.622	-31.825	-47.832       
-53.379	-32.759	-51.309       
-57.052	-33.565	-51.907       
-59.505	-32.924	-54.722       
-63.136	-31.786	-55.237       
-65.220	-30.042	-57.917       
-67.863	-27.297	-57.483       
-70.498	-26.228	-59.942       
-72.276	-22.952	-60.209       
-75.776	-23.714	-61.435       
-76.534	-20.642	-63.557       
-80.133	-19.580	-64.216       
-81.886	-16.535	-65.658       
-79.621	-14.754	-68.132       
-78.066	-15.381	-71.558       
-75.456	-17.715	-70.086       
-73.269	-18.477	-73.153       
-72.740	-14.754	-73.764       
-71.199	-13.653	-70.421       
-67.811	-14.565	-68.898       
-67.521	-16.329	-65.585       
-65.311	-16.015	-62.495       
-64.749	-17.806	-59.214       
-64.068	-15.765	-56.120       
-63.327	-17.241	-52.678       
-63.326	-15.512	-49.314       
-60.854	-16.562	-46.663       
-61.549	-17.103	-42.941       
-59.954	-13.697	-42.355       
-62.864	-12.355	-44.481       
-60.183	-11.615	-47.115       
-61.203	-11.649	-50.842       
-59.191	-13.500	-53.493       
-60.114	-13.896	-57.161       
-59.471	-17.445	-58.234       
-60.329	-18.208	-61.859       
-61.794	-16.659	-64.957       
-63.226	-18.375	-67.978       
-64.135	-16.585	-71.219       
-67.693	-16.555	-72.662       
-66.990	-19.431	-75.067       
-64.719	-21.533	-72.825       
-61.881	-20.310	-75.024       
-59.403	-18.729	-72.627       
-59.076	-19.258	-68.848       
-56.999	-17.259	-66.331       
-55.732	-17.809	-62.789       
-53.766	-16.162	-60.077       
-50.388	-17.857	-59.716       
-51.637	-19.112	-56.309       
-53.908	-21.669	-57.921       
-52.490	-21.805	-61.446       
-51.849	-25.475	-62.060       
-54.067	-26.823	-59.272       
-57.378	-25.291	-60.428       
-59.577	-25.558	-63.577       
-62.417	-23.248	-64.595       
-64.573	-25.185	-67.064       
-68.144	-24.434	-68.231       
-70.947	-26.282	-69.979       
-73.558	-23.995	-71.555       
-75.419	-27.162	-72.436       
-76.403	-27.680	-68.825       
-75.823	-24.025	-67.926       
-73.315	-24.892	-65.199       
-69.955	-23.258	-64.452       
-67.325	-25.471	-62.864       
-64.350	-25.199	-60.616       
-62.251	-28.346	-60.380       
-59.869	-28.071	-57.396       
-56.899	-30.439	-57.100       
-53.677	-30.545	-54.934       
-55.606	-28.914	-52.118       
-53.688	-26.594	-49.816       
-55.170	-25.754	-46.414       
-54.817	-22.164	-47.640       
-57.650	-22.962	-50.108       
-59.934	-23.150	-47.102       
-62.531	-20.449	-47.897       
-66.097	-19.671	-49.024       
-66.447	-19.991	-52.808       
-68.493	-17.417	-54.791       
-69.376	-17.684	-58.454       
-69.475	-14.258	-60.076       
-70.563	-12.485	-63.275       
-68.683	 -9.719	-65.157       
-69.530	 -7.540	-68.247       
-66.964	 -6.087	-62.663       
-68.829	 -8.828	-60.780       
-72.444	 -7.761	-60.995       
-74.378	-10.883	-59.880       
-72.707	-12.930	-57.139       
-73.682	-16.353	-55.890       
-74.003	-17.299	-52.246       
-71.015	-19.562	-51.701       
-70.085	-23.109	-51.050       
-67.827	-23.205	-48.051       
-64.805	-25.444	-48.632       
-62.446	-26.391	-45.802       
-59.153	-28.206	-45.920       
-58.001	-29.933	-42.773       
-57.408	-33.507	-41.558       
-62.502	-35.389	-39.393       
-66.161	-34.674	-40.216       
-68.731	-34.728	-37.403       
-72.513	-34.565	-37.925       
-74.055	-31.843	-35.744       
-76.298	-32.708	-32.796       
-79.542	-30.665	-32.901       
-81.656	-30.140	-29.802       
-84.833	-28.009	-29.727       
-85.074	-25.288	-27.079       
-88.549	-25.072	-25.509       
-89.098	-22.199	-23.011       
-89.660	-22.457	-19.204       
-92.100	-25.395	-18.561       
-94.061	-22.931	-16.427       
-97.314	-21.871	-18.101       
-96.339	-18.262	-17.227       
-97.429	-16.470	-20.397       
-95.522	-13.279	-21.246       
-96.335	-11.661	-24.599       
-93.556	-12.124	-27.179       
-92.580	-15.776	-26.828       
-89.035	-16.632	-27.872       
-87.993	-20.230	-28.599       
-84.595	-21.619	-29.511       
-82.628	-24.224	-31.430       
-79.245	-25.574	-30.271       
-76.525	-27.098	-32.473       
-73.559	-28.797	-30.890       
-70.452	-30.916	-31.469       
-69.791	-30.593	-35.198       
-67.054	-30.170	-37.765       
-66.575	-28.215	-39.838       
-68.178	-24.820	-40.322       
-70.626	-23.863	-41.661       
-74.079	-25.106	-40.803       
-77.366	-23.786	-42.224       
-80.070	-23.104	-39.636       
-83.535	-22.197	-40.954       
-86.706	-21.501	-38.986       
-89.750	-23.114	-40.638       
-88.281	-23.826	-44.107       
-87.051	-20.226	-44.423       
-90.560	-18.891	-43.754       
-89.718	-17.734	-40.224       
-87.064	-15.236	-41.256       
-88.184	-11.976	-39.627       
-87.159	-11.875	-35.953       
-84.361	-14.386	-35.400       
-80.719	-14.420	-34.144       
-78.076	-17.042	-35.038       
-74.923	-16.733	-32.979       
-71.362	-17.325	-34.344       
-70.327	-20.942	-33.637       
-67.405	-21.244	-31.196       
-64.272	-23.383	-31.150       
-64.289	-25.410	-27.922       
-62.019	-28.454	-28.432       
-62.304	-28.871	-32.232       
-66.082	-29.055	-32.415       
-68.180	-25.997	-33.201       
-71.266	-25.150	-31.190       
-74.009	-22.676	-32.171       
-77.349	-21.375	-30.816       
-80.532	-19.949	-32.420       
-83.155	-17.602	-30.966       
-86.387	-16.676	-32.712       
-88.973	-14.386	-31.063       
-92.661	-14.394	-31.959       
-96.173	-13.388	-30.791       
-97.831	-15.690	-28.261       
100.678	-15.814	-30.712       
-98.425	-17.371	-33.361       
-96.782	-20.036	-31.144       
-98.010	-23.199	-29.501       
101.160	-23.270	-31.709       
-99.214	-22.673	-34.902       
-96.165	-24.933	-35.397       
-92.573	-23.655	-35.467       
-89.654	-25.939	-36.291       
-85.877	-25.582	-36.506       
-84.246	-26.919	-39.712       
-80.467	-27.505	-39.610       
-78.283	-28.340	-42.607       
-74.741	-29.579	-42.262       
-73.427	-29.606	-45.855       
-69.878	-30.695	-45.057       
-71.465	-34.006	-43.819       
-74.914	-34.269	-45.485       
-77.314	-33.817	-42.558       
-80.917	-32.621	-42.881       
-81.891	-32.700	-39.196       
-85.395	-31.364	-38.462       
-86.405	-30.440	-34.914       
-89.974	-29.358	-34.111       
-90.234	-27.137	-31.000       
-92.532	-28.854	-28.536       
-93.803	-27.429	-25.247       
-93.047	-29.404	-22.077       
-95.226	-32.315	-20.920       
-94.148	-34.726	-18.158       
BRIEF 2ZUQ F 214              
-99.138	-29.607	105.513       
102.942	-28.983	105.262       
103.738	-26.617	102.374       
106.323	-24.764	100.231       
105.486	-22.228	-97.515       
108.502	-21.305	-95.384       
108.035	-18.427	-92.912       
109.302	-15.366	-91.035       
111.308	-16.312	-87.908       
111.329	-16.272	-84.083       
113.406	-14.998	-81.119       
116.843	-13.408	-81.615       
119.957	-12.509	-79.610       
123.155	-14.573	-80.051       
124.813	-12.508	-82.785       
121.660	-11.174	-84.478       
120.147	-11.971	-87.888       
117.079	-13.383	-89.667       
116.194	-13.672	-93.375       
114.127	-16.850	-93.591       
112.008	-17.473	-96.700       
110.012	-20.227	-98.448       
107.228	-19.643	101.047       
107.106	-22.324	103.729       
103.595	-22.627	105.098       
102.844	-25.403	107.604       
106.033	-26.601	109.295       
108.430	-25.537	112.108       
110.696	-23.955	109.439       
113.692	-23.189	111.686       
113.209	-26.878	112.511       
115.153	-28.473	109.614       
117.750	-27.528	106.994       
116.735	-26.469	103.438       
117.639	-26.865	-99.724       
116.779	-26.259	-96.081       
116.783	-28.875	-93.390       
116.365	-27.917	-89.751       
115.268	-29.876	-86.700       
116.076	-29.170	-83.078       
113.680	-29.336	-80.096       
115.269	-32.764	-79.496       
113.973	-33.731	-82.961       
117.499	-34.067	-84.337       
117.497	-33.286	-88.088       
120.205	-31.276	-89.833       
121.078	-30.466	-93.452       
121.875	-26.781	-93.424       
121.787	-25.340	-96.945       
121.598	-26.316	100.630       
121.109	-24.023	103.640       
121.527	-25.318	107.228       
118.894	-25.272	110.022       
119.602	-21.659	111.015       
121.615	-20.472	107.979       
124.868	-21.322	109.810       
126.671	-22.689	106.773       
125.606	-23.362	103.150       
126.306	-26.030	100.462       
126.712	-26.078	-96.637       
127.850	-28.247	-93.729       
130.927	-26.727	-92.121       
128.797	-25.856	-89.076       
126.945	-23.000	-90.858       
129.472	-22.249	-93.672       
130.006	-18.493	-93.563       
127.202	-17.509	-91.196       
124.374	-18.691	-93.427       
123.565	-18.015	-97.067       
120.935	-19.494	-99.392       
119.397	-17.225	102.032       
116.688	-17.788	104.645       
114.892	-15.650	107.231       
114.183	-18.180	110.050       
111.406	-15.767	111.087       
109.189	-14.968	108.072       
109.243	-18.642	106.949       
110.813	-17.985	103.535       
113.710	-19.547	101.608       
115.591	-17.695	-98.866       
117.861	-18.537	-95.945       
119.868	-15.572	-94.709       
121.112	-16.221	-91.174       
123.708	-14.166	-89.341       
126.238	-14.213	-86.491       
123.681	-16.508	-84.944       
124.540	-19.316	-82.563       
122.133	-20.702	-79.922       
122.572	-23.997	-81.817       
120.690	-22.624	-84.821       
117.475	-22.783	-82.763       
115.178	-25.186	-84.590       
112.090	-25.490	-86.730       
113.384	-24.902	-90.288       
111.977	-26.955	-93.184       
112.242	-25.843	-96.816       
112.390	-29.129	-98.706       
112.929	-30.089	102.335       
115.239	-32.768	103.750       
113.773	-35.264	106.224       
114.802	-35.085	109.902       
117.485	-37.809	109.756       
117.194	-39.419	106.328       
117.818	-36.063	104.626       
115.607	-37.669	102.026       
113.705	-34.674	100.686       
110.276	-35.654	102.008       
108.418	-32.438	101.201       
108.577	-30.714	-97.848       
107.413	-27.470	-96.224       
106.028	-26.969	-92.726       
108.783	-25.069	-90.905       
109.427	-21.883	-88.944       
110.149	-21.475	-85.220       
113.544	-20.024	-84.337       
115.275	-19.514	-81.000       
118.335	-17.631	-79.834       
117.573	-16.641	-76.221       
119.789	-13.964	-74.623       
112.736	-11.307	-73.561       
108.969	-11.803	-73.706       
107.862	-12.922	-70.186       
104.417	-13.703	-68.690       
102.916	-16.885	-67.090       
101.197	-16.808	-63.685       
-98.567	-19.527	-63.994       
-98.313	-20.850	-60.432       
-95.151	-22.886	-59.874       
-95.443	-26.495	-58.628       
-92.677	-27.676	-56.259       
-92.896	-31.203	-54.787       
-93.487	-32.586	-51.274       
-93.774	-30.045	-48.409       
-91.407	-32.249	-46.400       
-88.991	-34.082	-48.708       
-88.818	-37.897	-49.173       
-86.670	-38.042	-52.377       
-87.454	-41.650	-53.424       
-85.340	-42.082	-56.586       
-86.308	-39.777	-59.490       
-87.625	-36.197	-59.294       
-90.940	-35.103	-60.894       
-92.131	-31.472	-61.156       
-95.064	-29.382	-62.368       
-96.224	-26.011	-63.752       
-99.812	-24.682	-63.336       
101.718	-22.245	-65.574       
105.219	-21.315	-64.403       
108.070	-18.818	-65.100       
107.571	-17.681	-68.750       
108.961	-16.955	-72.258       
108.783	-18.075	-74.964       
106.858	-20.949	-76.515       
104.087	-21.385	-76.855       
101.083	-20.723	-74.602       
-97.563	-22.136	-74.933       
-95.916	-23.770	-71.930       
-92.389	-25.162	-72.146       
-89.545	-26.287	-69.845       
-86.120	-24.621	-70.250       
-87.174	-22.434	-73.221       
-87.293	-25.742	-75.140       
-84.086	-27.368	-73.865       
-86.010	-29.807	-71.704       
-88.549	-31.927	-73.581       
-88.032	-35.720	-73.487       
-90.983	-36.709	-71.244       
-93.034	-33.518	-70.779       
-96.831	-33.665	-70.326       
-99.231	-30.803	-71.111       
102.807	-31.760	-70.327       
105.716	-30.513	-72.474       
107.079	-27.242	-71.109       
110.338	-27.206	-69.179       
113.189	-24.745	-68.798       
113.892	-23.472	-65.278       
116.849	-21.226	-66.047       
115.705	-18.729	-68.690       
112.098	-19.451	-67.916       
109.594	-22.141	-68.824       
107.072	-24.249	-66.911       
103.893	-26.191	-67.717       
100.698	-27.743	-66.292       
-97.592	-29.593	-67.488       
-95.432	-32.213	-65.821       
-91.790	-33.291	-66.212       
-89.692	-36.127	-64.745       
-85.926	-35.596	-64.131       
-83.102	-37.643	-62.534       
-82.926	-36.865	-58.806       
-79.362	-35.704	-59.611       
-80.217	-33.083	-62.244       
-82.803	-31.105	-60.304       
-82.432	-29.670	-56.932       
-78.866	-28.853	-58.171       
-79.434	-27.643	-61.776       
-82.465	-25.382	-62.271       
-85.498	-25.619	-64.599       
-87.278	-22.364	-65.481       
-90.864	-22.998	-66.638       
-91.401	-20.849	-69.727       
-95.006	-19.970	-70.477       
-96.658	-17.493	-72.866       
100.223	-16.417	-73.733       
100.784	-15.005	-77.235       
103.987	-13.012	-76.654       
102.364	-11.432	-73.559       
-98.651	-11.475	-74.511       
-96.658	-12.477	-71.403       
-93.240	-14.180	-71.115       
-93.360	-15.363	-67.486       
-90.731	-18.076	-66.823       
-90.762	-19.633	-63.304       
-88.538	-22.063	-61.339       
