BRIEF 3BSZ F 174              
109.979	 69.119	 31.613 -0.311
108.203	 70.392	 34.743 -0.011
105.911	 73.334	 33.836  0.311
102.256	 74.283	 34.195  0.750
102.637	 77.841	 35.517 -0.502
 99.964	 80.090	 34.026  0.878
102.559	 82.841	 33.633 -0.705
104.996	 80.366	 32.061 -0.934
102.317	 79.623	 29.492  0.391
103.383	 81.348	 26.297 -2.053
100.831	 83.429	 24.404  0.748
100.845	 85.026	 20.932  0.977
102.980	 88.149	 20.622 -2.053
101.674	 91.245	 18.864 -0.700
 98.013	 90.344	 18.968  0.976
 95.757	 92.330	 16.675  0.227
 92.212	 93.016	 17.749 -0.692
 91.840	 94.122	 14.132 -2.053
 93.098	 91.170	 12.151  0.606
 91.424	 88.876	 14.733  1.293
 88.016	 90.532	 14.690  0.355
 85.229	 88.706	 12.889  1.391
 83.285	 85.452	 13.151 -0.441
 84.741	 82.408	 14.874  1.377
 83.446	 78.881	 15.477  1.026
 84.257	 76.709	 18.442  1.391
 85.604	 73.321	 17.521  0.887
 86.845	 72.281	 20.943  1.136
 87.082	 73.375	 24.534  1.165
 88.087	 72.484	 28.067  0.510
 85.302	 72.626	 30.674  0.903
 86.182	 74.704	 33.699  0.712
 84.380	 74.072	 37.007 -0.069
 80.714	 75.087	 37.205  1.173
 78.227	 75.550	 34.391  1.222
 79.548	 76.325	 30.933  0.025
 78.549	 76.856	 27.317  0.197
 77.862	 73.276	 26.289  0.322
 77.039	 72.701	 22.581 -0.726
 76.741	 74.903	 19.466 -0.077
 79.251	 77.623	 20.363  0.827
 80.044	 80.536	 18.100  0.642
 81.750	 83.842	 18.828  1.392
 81.995	 87.185	 17.026 -0.157
 84.943	 89.466	 17.883  1.330
 84.963	 93.098	 16.789 -0.047
 86.977	 96.125	 17.856 -0.885
 85.824	 99.746	 17.341 -0.318
 87.376	103.104	 16.467 -2.053
 88.671	103.765	 20.009  0.851
 90.484	100.419	 19.937  1.032
 88.420	 98.700	 22.599 -0.307
 87.505	 95.105	 21.828  0.491
 84.198	 93.360	 22.558 -0.961
 82.372	 90.191	 21.559  1.391
 79.173	 88.126	 21.341 -1.004
 78.784	 84.354	 21.438  1.391
 75.733	 82.216	 20.758  0.172
 76.054	 78.898	 22.547  0.983
 73.864	 76.334	 24.266 -1.195
 73.759	 75.618	 27.987 -0.458
 71.808	 73.056	 30.045 -2.053
 71.070	 75.549	 32.755 -2.040
 69.306	 73.903	 35.674 -1.422
 68.336	 70.676	 33.877 -0.355
 65.886	 69.871	 31.081 -1.468
 66.333	 73.657	 30.598 -0.981
 68.295	 73.981	 27.334 -0.908
 68.880	 77.657	 26.676 -0.798
 70.780	 78.786	 23.628  0.779
 72.473	 81.704	 25.328 -0.981
 73.337	 84.975	 23.582  1.180
 76.356	 86.277	 25.474  0.065
 78.329	 89.491	 25.350  1.216
 81.554	 90.676	 26.924 -0.120
 83.765	 93.745	 26.889 -0.304
 87.518	 93.213	 26.885  0.259
 89.548	 95.665	 28.859  0.082
 93.048	 95.954	 27.439 -0.660
 96.004	 94.764	 29.466 -2.052
 99.744	 95.543	 29.434 -1.089
 99.961	 92.863	 26.671 -1.240
 98.244	 92.960	 23.241 -0.445
 97.485	 89.277	 23.745  0.834
 96.360	 89.161	 27.355  0.731
 92.830	 90.295	 28.338  1.253
 90.216	 90.470	 31.104  0.607
 86.672	 89.814	 29.917  1.391
 83.720	 91.425	 31.565  0.840
 80.513	 89.851	 30.258  1.386
 76.858	 88.912	 30.653  0.603
 73.970	 87.637	 28.564  0.442
 71.530	 89.792	 26.617 -0.890
 68.819	 88.043	 28.571  0.967
 68.996	 88.890	 32.256  0.350
 68.963	 85.624	 34.198  0.299
 71.978	 84.538	 32.116  0.023
 75.124	 84.091	 34.189  0.508
 76.987	 87.408	 34.325 -0.769
 80.707	 87.436	 34.970 -0.309
 84.256	 88.672	 34.593  0.601
 87.060	 86.228	 33.785  0.791
 90.526	 86.523	 32.208  0.700
 91.131	 85.936	 28.473  1.389
 94.430	 85.085	 26.780  0.915
 94.414	 84.699	 23.002  0.743
 96.889	 81.809	 23.399  0.417
 97.608	 81.587	 19.712 -0.159
 96.146	 81.915	 16.236  0.792
 97.173	 82.493	 12.670  1.149
 94.272	 84.880	 12.313 -1.089
 92.848	 83.390	  9.103 -1.122
 91.896	 79.833	 10.067 -0.222
 92.434	 78.768	 13.717  1.222
 92.435	 80.285	 17.194  0.297
 93.251	 79.034	 20.645 -0.037
 92.305	 80.720	 23.852  1.064
 92.975	 79.931	 27.488  0.505
 91.446	 81.417	 30.564  0.890
 92.607	 80.719	 34.053  0.790
 89.653	 81.264	 36.294  0.944
 91.720	 80.597	 39.460 -1.009
 95.393	 80.177	 40.538 -1.050
 97.263	 77.286	 42.195 -0.804
 99.329	 77.328	 45.419 -1.996
102.482	 77.364	 43.355 -0.429
101.279	 78.747	 40.029 -0.810
 99.230	 76.086	 38.254  0.115
 95.739	 76.880	 37.115  0.253
 92.922	 75.160	 38.952  0.124
 89.737	 76.526	 37.415 -0.207
 90.765	 76.744	 33.781  0.027
 88.887	 76.742	 30.465  0.398
 89.749	 76.979	 26.760  0.828
 88.582	 77.116	 23.131  1.228
 89.890	 76.285	 19.677  0.777
 88.165	 78.653	 17.307  1.349
 88.109	 78.095	 13.542  0.863
 87.143	 80.579	 10.808  1.392
 85.440	 77.691	  9.039  0.113
 82.856	 75.672	 11.034 -0.051
 83.318	 73.174	  8.269 -1.026
 86.405	 72.088	 10.160 -0.043
 90.144	 72.771	 10.094 -0.859
 93.226	 71.786	  8.062 -2.053
 95.343	 69.153	  9.841 -2.053
 98.238	 71.598	  9.836 -0.750
 96.077	 73.737	 12.099 -0.804
 95.044	 70.831	 14.282 -1.951
 98.682	 69.769	 14.393 -2.053
 99.572	 73.264	 15.617  0.526
 96.650	 73.247	 18.001 -0.671
 98.047	 70.014	 19.311 -2.050
101.196	 71.880	 20.383 -0.902
 99.509	 74.701	 22.240  0.897
 97.319	 72.390	 24.353 -0.857
100.296	 70.426	 25.626 -2.048
101.739	 73.881	 26.230 -0.604
 98.641	 74.769	 28.230  0.697
 99.080	 71.570	 30.207  0.851
 95.729	 70.478	 28.849  0.178
 96.378	 67.784	 26.238  0.172
 93.525	 65.328	 25.700 -1.156
 91.323	 67.214	 28.138 -0.907
 89.248	 68.705	 25.340  0.785
 85.662	 67.678	 24.735  0.270
 84.903	 68.236	 21.061 -2.033
 82.044	 70.561	 20.092  1.143
 79.145	 69.607	 17.807 -2.053
 77.307	 71.870	 15.341  0.825
 73.767	 70.627	 14.679 -0.813
 72.401	 74.168	 14.296 -0.093
 70.325	 73.845	 17.484 -0.840
 69.783	 77.592	 17.182  0.910
BRIEF 3BSZ A 119              
 37.040	100.757	 21.647       
 36.717	101.415	 25.381       
 37.738	100.259	 28.912       
 38.163	 96.648	 30.092       
 36.584	 95.351	 33.316       
 38.896	 92.362	 32.999       
 42.672	 92.309	 32.472       
 45.064	 89.383	 32.817       
 48.777	 89.984	 33.568       
 51.622	 87.448	 34.075       
 55.323	 87.680	 34.965       
 58.011	 85.045	 34.288       
 59.384	 84.147	 37.728       
 62.571	 82.499	 36.586       
 63.502	 85.224	 34.097       
 62.276	 88.258	 36.009       
 60.434	 89.462	 32.917       
 56.943	 89.443	 31.427       
 55.484	 86.022	 30.540       
 55.033	 86.690	 26.826       
 52.939	 84.760	 24.302       
 50.939	 83.132	 27.105       
 47.589	 81.763	 26.055       
 44.585	 82.537	 28.185       
 40.996	 81.385	 28.296       
 38.198	 82.702	 30.435       
 34.763	 81.132	 30.807       
 31.384	 81.640	 32.463       
 29.284	 79.045	 34.328       
 26.173	 78.562	 32.197       
 22.769	 77.178	 33.119       
 24.087	 73.644	 33.593       
 27.277	 74.023	 35.670       
 29.225	 73.821	 32.377       
 31.984	 76.146	 31.126       
 31.062	 78.171	 28.036       
 33.790	 79.926	 26.029       
 33.679	 83.565	 27.112       
 36.878	 84.809	 25.371       
 40.550	 83.926	 24.595       
 43.806	 85.683	 23.675       
 47.550	 85.810	 24.331       
 49.929	 88.056	 26.286       
 51.685	 90.899	 24.454       
 55.215	 92.301	 24.846       
 53.846	 93.831	 28.079       
 53.015	 90.476	 29.561       
 49.490	 91.824	 30.036       
 46.348	 91.024	 28.037       
 43.836	 93.699	 27.015       
 40.375	 93.773	 25.446       
 39.040	 90.369	 26.450       
 35.520	 91.735	 26.891       
 33.619	 94.950	 27.574       
 32.077	 96.816	 30.458       
 28.972	 95.281	 28.888       
 29.660	 91.771	 27.562       
 31.407	 91.016	 30.871       
 28.358	 90.412	 33.128       
 27.561	 88.967	 36.536       
 28.373	 85.314	 37.024       
 31.139	 82.959	 38.019       
 34.027	 83.080	 35.557       
 37.155	 80.983	 34.996       
 40.470	 82.308	 33.745       
 42.914	 79.644	 32.669       
 46.498	 80.738	 32.296       
 48.161	 78.350	 29.869       
 51.268	 77.980	 32.031       
 52.528	 74.632	 30.695       
 52.772	 75.908	 27.124       
 54.800	 78.791	 28.484       
 57.476	 76.876	 30.302       
 57.611	 73.806	 28.046       
 57.906	 76.129	 25.023       
 60.956	 77.807	 26.533       
 62.519	 74.542	 27.608       
 61.711	 73.480	 31.183       
 59.440	 70.638	 32.262       
 56.949	 72.679	 34.314       
 54.871	 70.947	 36.947       
 51.412	 72.456	 36.949       
 49.436	 71.473	 33.830       
 48.014	 75.009	 33.917       
 46.887	 77.766	 36.261       
 43.249	 78.703	 36.737       
 41.227	 81.504	 38.335       
 37.608	 81.386	 39.411       
 35.642	 84.124	 41.119       
 32.179	 85.584	 41.267       
 32.237	 88.423	 38.713       
 30.408	 91.732	 39.242       
 28.400	 90.339	 42.107       
 27.984	 93.543	 44.151       
 27.545	 95.829	 41.145       
 30.103	 96.923	 38.452       
 33.904	 96.565	 38.942       
 37.309	 96.387	 37.269       
 39.045	 93.061	 37.734       
 42.717	 92.404	 37.172       
 44.263	 89.000	 37.663       
 48.009	 88.698	 38.056       
 50.108	 85.606	 37.730       
 53.746	 85.121	 38.573       
 54.144	 81.590	 37.261       
 57.199	 79.537	 37.999       
 58.142	 76.035	 36.883       
 57.020	 74.441	 40.145       
 54.680	 76.998	 41.751       
 52.459	 79.977	 40.970       
 50.815	 82.794	 42.931       
 47.615	 84.007	 41.388       
 46.416	 87.305	 42.665       
 43.778	 89.888	 41.767       
 42.978	 93.498	 42.517       
 39.639	 95.095	 41.957       
 38.299	 98.664	 41.818       
 35.650	101.021	 40.389       
 35.600	103.143	 37.140       
BRIEF 3BSZ B 119              
 49.756	 51.422	 55.315       
 53.435	 52.249	 54.623       
 53.685	 55.812	 53.314       
 51.323	 58.401	 51.835       
 51.847	 59.146	 48.073       
 50.086	 62.514	 47.692       
 49.560	 65.214	 50.340       
 48.551	 68.844	 50.722       
 49.566	 71.649	 53.066       
 47.756	 75.044	 53.356       
 48.976	 78.145	 55.229       
 47.072	 81.240	 56.345       
 49.355	 83.981	 55.101       
 47.341	 86.580	 56.980       
 47.836	 85.349	 60.519       
 51.147	 83.495	 60.334       
 49.439	 80.278	 61.414       
 48.132	 77.165	 59.626       
 44.663	 77.300	 58.157       
 42.787	 74.469	 59.867       
 39.776	 72.393	 58.862       
 40.132	 73.542	 55.281       
 38.481	 71.257	 52.762       
 40.484	 69.607	 50.049       
 39.299	 67.799	 46.982       
 41.288	 65.600	 44.655       
 39.903	 64.300	 41.369       
 41.450	 62.318	 38.526       
 41.104	 63.320	 34.874       
 39.112	 60.380	 33.433       
 39.020	 58.494	 30.143       
 36.043	 60.648	 29.052       
 36.840	 64.271	 29.950       
 35.522	 65.169	 33.431       
 37.077	 64.871	 36.894       
 35.625	 61.805	 38.593       
 36.021	 62.168	 42.403       
 39.172	 60.544	 43.750       
 39.430	 61.754	 47.369       
 38.455	 64.434	 49.938       
 39.319	 65.512	 53.480       
 40.092	 68.267	 55.967       
 43.224	 70.112	 57.039       
 44.713	 68.867	 60.335       
 45.900	 71.212	 63.082       
 49.275	 70.679	 61.440       
 47.682	 72.491	 58.518       
 48.160	 69.466	 56.274       
 46.131	 66.479	 55.040       
 48.058	 63.249	 55.434       
 46.829	 59.963	 54.065       
 45.102	 61.272	 50.949       
 45.284	 58.153	 48.783       
 47.457	 55.045	 49.077       
 50.759	 54.409	 47.309       
 49.161	 52.598	 44.374       
 45.494	 53.439	 43.859       
 46.966	 56.885	 43.123       
 47.607	 55.459	 39.668       
 49.198	 57.283	 36.779       
 47.270	 60.219	 35.344       
 46.081	 63.812	 35.665       
 44.953	 65.076	 39.045       
 43.238	 68.200	 40.380       
 43.375	 69.318	 43.981       
 40.631	 71.724	 45.069       
 41.285	 73.782	 48.221       
 38.131	 75.455	 49.525       
 39.906	 78.693	 50.222       
 36.414	 80.170	 50.019       
 34.469	 79.033	 53.086       
 37.660	 79.321	 55.153       
 38.131	 83.047	 54.648       
 34.377	 83.503	 54.644       
 34.363	 81.807	 58.041       
 36.468	 84.641	 59.486       
 33.918	 87.115	 58.192       
 36.087	 87.969	 55.185       
 34.780	 87.789	 51.638       
 37.524	 86.199	 49.491       
 38.091	 86.381	 45.738       
 38.722	 82.816	 44.529       
 35.857	 80.367	 44.701       
 38.574	 77.818	 45.503       
 42.164	 76.883	 44.673       
 43.098	 73.956	 42.547       
 46.291	 72.340	 41.421       
 46.092	 70.293	 38.280       
 49.015	 68.096	 37.422       
 50.219	 64.867	 35.942       
 51.561	 62.318	 38.428       
 53.111	 58.882	 38.440       
 53.783	 59.291	 34.699       
 57.388	 58.157	 35.115       
 57.885	 55.775	 38.023       
 56.608	 56.920	 41.485       
 57.150	 60.440	 42.839       
 56.205	 61.871	 46.263       
 53.720	 64.698	 45.665       
 53.272	 67.449	 48.229       
 51.031	 70.344	 47.246       
 51.502	 73.390	 49.474       
 49.450	 76.536	 49.473       
 49.850	 80.013	 50.909       
 46.539	 81.866	 51.010       
 45.224	 85.400	 51.414       
 41.804	 86.959	 50.910       
 42.806	 88.121	 47.433       
 45.776	 85.976	 46.641       
 47.218	 82.538	 46.953       
 49.913	 80.376	 45.527       
 50.500	 76.695	 45.281       
 53.813	 74.837	 45.425       
 54.699	 71.191	 44.828       
 57.531	 69.033	 46.112       
 58.328	 65.605	 44.775       
 60.634	 63.033	 46.290       
 61.334	 59.351	 45.628       
 62.163	 56.921	 48.501       
BRIEF 3BSZ C 119              
 60.532	115.302	 33.119       
 61.390	111.953	 31.537       
 61.514	108.147	 32.072       
 62.194	106.252	 35.340       
 64.785	103.422	 35.574       
 63.313	102.639	 38.947       
 59.667	102.107	 39.907       
 58.164	100.653	 43.088       
 54.657	 99.090	 43.109       
 52.761	 97.474	 46.039       
 49.409	 95.699	 46.355       
 47.393	 95.161	 49.514       
 47.029	 91.356	 49.870       
 44.187	 91.329	 52.382       
 42.154	 93.974	 50.493       
 42.940	 92.937	 46.936       
 43.715	 96.550	 46.128       
 46.673	 98.877	 45.771       
 48.697	 99.513	 48.936       
 48.186	103.287	 49.066       
 50.119	105.922	 51.062       
 53.016	103.504	 51.535       
 56.291	105.197	 52.393       
 59.394	104.086	 50.527       
 63.092	104.741	 50.839       
 65.895	103.618	 48.594       
 69.591	103.922	 49.235       
 72.990	103.319	 47.716       
 76.019	101.608	 49.347       
 78.618	104.343	 49.636       
 82.367	104.249	 50.059       
 82.131	102.784	 53.582       
 79.463	100.038	 53.419       
 76.970	102.610	 54.773       
 73.521	103.468	 53.397       
 73.206	106.998	 51.983       
 69.748	108.497	 51.290       
 69.180	108.099	 47.538       
 65.473	109.147	 47.415       
 62.090	108.795	 49.204       
 58.379	108.989	 48.386       
 54.957	107.465	 48.921       
 52.519	105.413	 46.818       
 49.751	107.147	 44.855       
 46.180	106.049	 44.128       
 47.715	103.568	 41.673       
 49.722	101.857	 44.362       
 52.791	102.590	 42.251       
 55.580	105.130	 42.844       
 57.083	107.179	 39.977       
 59.931	109.639	 39.555       
 62.272	108.451	 42.311       
 65.349	109.170	 40.215       
 66.469	109.578	 36.622       
 68.087	107.533	 33.873       
 71.080	109.572	 35.046       
 70.988	110.079	 38.803       
 70.289	106.347	 39.113       
 73.797	104.893	 38.553       
 75.651	101.617	 39.053       
 75.873	100.382	 42.624       
 74.025	 98.228	 45.116       
 70.814	 99.901	 46.205       
 68.232	 99.302	 48.931       
 64.522	 99.873	 48.631       
 62.677	 99.789	 51.918       
 58.931	 99.358	 51.726       
 57.396	100.803	 54.840       
 55.043	 97.865	 55.372       
 54.436	 98.271	 59.135       
 53.097	101.789	 58.802       
 50.773	100.428	 56.146       
 49.102	 97.727	 58.138       
 49.287	 99.341	 61.549       
 47.758	102.472	 60.111       
 44.768	100.574	 58.763       
 44.394	 98.580	 61.968       
 46.188	 95.215	 61.979       
 49.265	 94.291	 64.021       
 51.527	 93.324	 61.070       
 54.482	 91.065	 61.676       
 57.398	 92.247	 59.538       
 58.859	 95.514	 60.801       
 59.355	 96.411	 57.138       
 60.189	 94.927	 53.761       
 63.466	 95.625	 51.961       
 64.993	 95.135	 48.513       
 68.689	 95.022	 47.677       
 70.212	 94.349	 44.325       
 73.130	 95.388	 42.189       
 71.824	 98.274	 40.050       
 72.827	 98.809	 36.412       
 75.670	 96.324	 36.688       
 75.773	 95.052	 33.089       
 74.897	 98.414	 31.537       
 71.627	100.474	 31.580       
 68.257	 98.924	 32.589       
 64.677	 99.595	 33.754       
 64.033	 98.195	 37.235       
 60.592	 97.654	 38.742       
 60.103	 96.169	 42.140       
 56.710	 94.828	 43.128       
 55.449	 94.058	 46.586       
 52.350	 92.189	 47.612       
 52.592	 92.803	 51.336       
 50.385	 90.916	 53.779       
 50.130	 91.186	 57.564       
 52.244	 88.070	 58.092       
 54.195	 87.626	 54.858       
 55.390	 89.393	 51.737       
 56.595	 88.455	 48.242       
 58.971	 90.999	 46.756       
 59.542	 90.606	 43.109       
 61.190	 92.531	 40.319       
 61.226	 92.671	 36.522       
 63.885	 94.412	 34.464       
 64.168	 95.460	 30.850       
 65.783	 97.881	 28.383       
 64.598	101.341	 27.086       
BRIEF 3BSZ D 119              
 68.171	 70.993	 74.620       
 64.345	 70.756	 74.776       
 62.927	 72.655	 71.796       
 64.227	 75.189	 69.216       
 62.724	 78.756	 69.564       
 63.452	 80.189	 66.120       
 63.768	 78.312	 62.797       
 63.871	 78.905	 59.044       
 62.732	 76.949	 56.004       
 63.608	 77.769	 52.393       
 62.071	 76.363	 49.222       
 63.327	 76.360	 45.597       
 60.181	 77.396	 43.725       
 61.871	 76.688	 40.411       
 62.450	 72.949	 40.772       
 59.826	 72.032	 43.356       
 62.441	 70.776	 45.763       
 64.082	 72.196	 48.876       
 66.979	 74.541	 48.375       
 69.861	 72.857	 50.242       
 73.005	 74.223	 51.914       
 71.633	 77.725	 51.762       
 73.268	 80.122	 54.187       
 71.184	 81.829	 56.855       
 72.063	 84.703	 59.060       
 70.300	 85.951	 62.148       
 71.248	 89.194	 63.926       
 69.695	 91.107	 66.788       
 68.950	 94.825	 66.711       
 71.286	 96.130	 69.441       
 71.185	 98.926	 72.005       
 73.201	101.139	 69.668       
 71.746	100.802	 66.106       
 73.472	 98.000	 64.142       
 72.846	 94.258	 63.905       
 75.378	 92.471	 66.088       
 75.702	 88.823	 64.918       
 73.400	 86.401	 66.721       
 73.656	 83.142	 64.744       
 74.437	 81.473	 61.384       
 74.084	 78.112	 59.662       
 73.172	 76.063	 56.607       
 69.959	 74.582	 55.234       
 69.583	 70.867	 55.904       
 68.444	 68.360	 53.248       
 65.029	 68.963	 54.795       
 65.394	 72.491	 53.476       
 65.275	 73.872	 57.005       
 67.688	 74.965	 59.709       
 66.758	 73.536	 63.066       
 68.447	 74.523	 66.307       
 69.111	 78.180	 65.492       
 69.335	 79.607	 69.008       
 68.103	 78.097	 72.272       
 64.785	 78.825	 73.978       
 66.161	 81.704	 76.120       
 69.289	 83.341	 74.690       
 66.834	 84.273	 71.947       
 65.918	 87.104	 74.268       
 63.275	 89.746	 73.539       
 64.061	 92.164	 70.719       
 64.327	 92.856	 67.008       
 65.820	 90.241	 64.743       
 66.915	 90.013	 61.108       
 67.225	 86.746	 59.178       
 69.424	 86.873	 56.083       
 69.006	 84.147	 53.498       
 71.834	 84.051	 50.971       
 69.467	 83.588	 48.090       
 72.334	 84.962	 45.990       
 75.080	 82.326	 45.974       
 72.430	 79.555	 45.784       
 70.959	 80.609	 42.494       
 74.385	 81.723	 41.300       
 75.548	 78.182	 42.084       
 73.154	 76.822	 39.484       
 74.665	 79.183	 36.916       
 71.767	 81.578	 37.295       
 72.244	 85.273	 38.048       
 69.602	 86.222	 40.624       
 68.266	 89.668	 41.558       
 68.311	 90.047	 45.357       
 71.706	 90.161	 47.031       
 69.943	 88.169	 49.803       
 66.616	 87.831	 51.590       
 66.038	 89.023	 55.096       
 63.217	 88.992	 57.544       
 63.269	 91.659	 60.178       
 60.900	 91.277	 63.091       
 60.237	 91.757	 66.781       
 60.102	 88.572	 68.836       
 59.517	 87.472	 72.439       
 57.994	 90.890	 73.047       
 54.999	 89.345	 74.760       
 55.700	 85.990	 76.381       
 57.355	 83.303	 74.233       
 56.277	 82.575	 70.657       
 57.505	 79.806	 68.274       
 58.976	 81.595	 65.243       
 59.237	 79.814	 61.925       
 60.417	 81.843	 58.948       
 59.738	 80.184	 55.596       
 60.835	 81.333	 52.201       
 59.849	 80.523	 48.636       
 62.511	 81.663	 46.195       
 63.011	 82.241	 42.490       
 65.686	 83.979	 40.405       
 63.708	 87.213	 40.379       
 61.297	 86.737	 43.191       
 60.924	 85.422	 46.685       
 58.579	 85.597	 49.613       
 58.891	 85.049	 53.317       
 56.303	 83.726	 55.720       
 56.288	 83.345	 59.495       
 54.417	 80.949	 61.761       
 54.232	 81.356	 65.504       
 53.055	 78.846	 68.036       
 53.214	 78.583	 71.826       
 53.614	 75.199	 73.574       
BRIEF 3BSZ E 174              
 -0.710	 81.700	 72.734       
  1.413	 79.378	 70.560       
  2.976	 81.371	 67.688       
  6.431	 82.121	 66.281       
  5.743	 81.537	 62.565       
  7.684	 84.059	 60.504       
  4.689	 84.548	 58.203       
  2.442	 84.881	 61.267       
  4.690	 87.773	 62.319       
  2.749	 90.925	 61.690       
  4.525	 93.760	 59.830       
  3.641	 97.430	 59.125       
  0.993	 97.954	 56.452       
  1.432	100.578	 53.770       
  5.157	101.067	 54.158       
  6.537	104.194	 52.605       
 10.077	104.113	 51.276       
  9.623	107.863	 51.078       
  8.533	108.835	 54.557       
 10.984	106.284	 56.032       
 14.018	107.376	 54.045       
 16.679	109.331	 55.916       
 19.134	108.652	 58.735       
 18.527	106.057	 61.398       
 20.422	105.062	 64.544       
 20.571	101.541	 65.929       
 19.597	101.378	 69.560       
 19.181	 97.632	 69.900       
 19.484	 94.403	 67.979       
 19.308	 90.626	 68.091       
 22.447	 88.761	 66.991       
 21.894	 86.181	 64.276       
 24.368	 83.336	 63.905       
 27.772	 84.148	 62.426       
 29.561	 87.492	 62.419       
 27.518	 90.662	 62.752       
 27.752	 94.435	 62.994       
 28.837	 94.763	 66.587       
 28.910	 98.309	 68.025       
 28.327	101.844	 66.658       
 25.604	101.077	 64.068       
 23.926	103.660	 61.917       
 21.908	103.298	 58.727       
 20.810	105.694	 56.004       
 17.769	104.799	 53.924       
 16.893	106.650	 50.728       
 14.718	105.866	 47.720       
 15.147	107.422	 44.283       
 13.000	108.607	 41.417       
 12.270	105.113	 40.049       
 11.014	104.034	 43.479       
 13.787	101.580	 44.227       
 15.102	101.717	 47.785       
 18.755	101.382	 48.889       
 20.790	101.989	 52.056       
 24.185	102.454	 53.734       
 25.180	101.539	 57.263       
 28.375	102.432	 59.107       
 28.939	 99.922	 61.897       
 31.812	 98.211	 63.708       
 32.707	 94.538	 63.412       
 35.391	 92.501	 65.184       
 36.222	 90.632	 62.033       
 38.755	 87.860	 62.692       
 39.900	 89.037	 66.141       
 41.845	 92.091	 67.324       
 40.728	 93.256	 63.871       
 38.188	 96.030	 64.590       
 36.863	 97.395	 61.338       
 34.285	100.112	 61.230       
 32.489	 98.741	 58.140       
 30.755	100.944	 55.546       
 27.971	 98.764	 54.188       
 25.596	 99.127	 51.283       
 22.537	 97.202	 50.158       
 19.926	 97.442	 47.432       
 16.373	 96.526	 48.293       
 14.381	 94.681	 45.716       
 10.668	 95.387	 46.171       
  8.351	 92.567	 47.110       
  4.622	 91.931	 46.782       
  4.346	 93.905	 50.054       
  5.369	 97.555	 50.625       
  6.751	 96.452	 53.965       
  8.536	 93.210	 53.042       
 11.924	 93.324	 51.309       
 14.950	 91.285	 50.171       
 18.291	 93.032	 50.790       
 21.207	 92.499	 48.474       
 24.297	 94.107	 49.964       
 28.060	 94.327	 50.371       
 30.716	 96.643	 51.809       
 32.347	 99.459	 49.897       
 35.638	 97.885	 50.821       
 35.962	 94.554	 49.066       
 36.867	 91.990	 51.727       
 33.763	 93.042	 53.682       
 31.168	 90.287	 53.913       
 28.856	 90.458	 50.884       
 25.390	 89.000	 51.110       
 21.685	 88.873	 50.433       
 19.170	 88.485	 53.241       
 15.484	 89.276	 53.797       
 14.336	 92.596	 55.325       
 10.967	 93.243	 56.984       
 10.232	 96.770	 58.238       
  8.383	 95.192	 61.150       
  7.037	 98.483	 62.389       
  7.753	102.189	 62.772       
  6.069	105.515	 63.282       
  8.357	107.052	 60.700       
  9.400	110.049	 62.825       
 11.047	108.521	 65.895       
 11.353	104.708	 66.046       
 11.853	101.753	 63.696       
 11.865	 98.012	 64.130       
 13.101	 95.509	 61.597       
 13.251	 91.782	 61.513       
 15.109	 89.518	 59.141       
 14.743	 85.798	 59.074       
 17.949	 84.441	 57.663       
 16.631	 80.822	 57.785       
 13.315	 78.930	 58.260       
 12.280	 76.282	 60.782       
 10.888	 72.786	 60.203       
  7.397	 74.030	 60.976       
  7.739	 77.760	 60.447       
  9.801	 79.373	 63.176       
 12.896	 81.299	 62.293       
 16.245	 79.820	 63.188       
 18.828	 82.273	 61.932       
 17.106	 85.539	 62.771       
 18.293	 89.118	 63.394       
 16.716	 92.505	 64.182       
 17.119	 96.234	 64.844       
 15.376	 99.061	 66.654       
 16.290	102.218	 64.835       
 15.676	105.675	 66.290       
 15.748	109.006	 64.444       
 17.542	110.467	 67.458       
 20.681	108.688	 68.670       
 20.085	110.637	 71.821       
 17.631	107.921	 72.766       
 13.916	107.273	 72.506       
 10.683	108.331	 74.269       
  9.360	105.586	 76.588       
  6.185	105.492	 74.558       
  8.313	104.308	 71.674       
 10.217	101.857	 73.869       
  6.870	100.755	 75.212       
  5.735	100.131	 71.654       
  8.995	 98.447	 70.689       
  8.399	 96.182	 73.660       
  5.243	 94.909	 71.931       
  6.825	 94.168	 68.567       
  9.673	 92.119	 69.996       
  7.349	 89.818	 71.945       
  5.481	 89.650	 68.654       
  8.727	 88.637	 66.906       
  9.212	 85.979	 69.540       
 12.393	 87.691	 70.630       
 11.719	 89.481	 73.921       
 14.728	 90.011	 76.150       
 17.028	 88.664	 73.442       
 18.211	 92.193	 72.478       
 21.805	 93.256	 73.182       
 21.770	 97.033	 73.545       
 24.000	 99.097	 71.268       
 26.586	101.679	 72.421       
 27.460	104.955	 70.651       
 30.975	106.080	 71.632       
 31.691	107.518	 68.188       
 34.331	104.898	 67.466       
 34.168	106.161	 63.863       
BRIEF 3BSZ L 215              
101.207	 48.299	 29.661       
 98.865	 49.077	 32.528       
 96.640	 46.498	 34.111       
 92.882	 46.738	 34.425       
 91.135	 44.199	 36.662       
 87.371	 43.772	 36.921       
 86.539	 43.122	 40.640       
 83.721	 40.593	 40.536       
 83.361	 38.898	 37.136       
 79.684	 37.967	 37.431       
 77.254	 40.543	 38.841       
 73.640	 40.015	 39.900       
 71.180	 42.400	 41.564       
 67.428	 42.973	 41.633       
 65.633	 45.282	 39.229       
 65.562	 48.681	 40.840       
 68.607	 48.554	 43.082       
 72.185	 49.688	 42.480       
 75.235	 48.194	 40.798       
 78.849	 48.723	 41.705       
 81.150	 47.552	 38.993       
 84.862	 48.076	 39.708       
 88.125	 48.559	 37.803       
 91.498	 48.968	 39.578       
 94.723	 49.721	 37.739       
 98.296	 48.498	 37.761       
 99.452	 52.071	 37.235       
 97.734	 55.431	 37.875       
 95.328	 56.491	 35.137       
 95.244	 60.100	 36.235       
 97.424	 62.834	 34.758       
 97.892	 66.635	 34.556       
 94.798	 66.991	 36.749       
 92.218	 64.526	 35.366       
 91.457	 60.812	 34.966       
 91.409	 58.892	 31.709       
 88.999	 56.059	 32.515       
 86.057	 54.930	 30.389       
 82.977	 52.683	 30.542       
 81.298	 50.612	 27.830       
 78.068	 48.597	 27.624       
 78.409	 45.508	 25.391       
 75.073	 43.717	 24.911       
 74.598	 40.265	 23.306       
 75.382	 39.921	 19.620       
 76.548	 43.529	 19.280       
 79.585	 45.883	 19.633       
 80.498	 48.005	 22.702       
 78.532	 51.131	 23.642       
 80.236	 54.123	 25.135       
 78.767	 55.159	 28.459       
 81.197	 57.290	 30.437       
 84.155	 59.276	 29.167       
 86.880	 60.235	 31.602       
 85.601	 58.297	 34.600       
 82.933	 60.933	 35.386       
 81.714	 62.775	 32.303       
 78.502	 61.188	 31.000       
 77.800	 60.548	 27.350       
 74.947	 62.254	 25.547       
 72.514	 59.406	 25.058       
 73.093	 57.595	 28.311       
 70.591	 58.066	 31.173       
 71.206	 59.223	 34.746       
 71.249	 55.591	 35.837       
 74.961	 55.500	 35.191       
 77.690	 57.530	 36.851       
 81.400	 57.050	 37.438       
 84.012	 57.918	 40.060       
 87.617	 57.369	 41.102       
 91.188	 58.570	 40.746       
 94.738	 57.248	 41.064       
 93.983	 53.517	 40.523       
 90.417	 53.028	 41.855       
 87.294	 53.734	 39.766       
 83.704	 52.487	 39.797       
 80.809	 52.374	 37.370       
 77.452	 53.021	 39.031       
 74.243	 51.576	 37.618       
 71.187	 52.573	 39.618       
 68.300	 52.008	 39.397       
 69.502	 48.909	 37.510       
 67.025	 48.432	 34.702       
 65.736	 45.296	 32.991       
 67.216	 46.264	 29.630       
 70.666	 46.859	 31.135       
 71.658	 43.202	 31.253       
 75.129	 43.117	 29.735       
 78.931	 43.095	 30.175       
 80.717	 46.229	 31.325       
 84.292	 46.967	 30.280       
 86.435	 49.857	 31.488       
 89.419	 51.137	 29.620       
 92.163	 53.690	 30.063       
 94.048	 56.024	 27.739       
 96.441	 57.818	 30.025       
 99.322	 55.661	 28.889       
100.123	 53.784	 25.696       
 99.228	 51.132	 24.861       
 95.497	 51.431	 25.433       
 94.006	 48.636	 27.513       
 90.638	 47.419	 28.609       
 89.303	 45.503	 31.543       
 88.157	 41.927	 31.734       
 84.637	 43.289	 31.675       
 81.810	 42.199	 33.938       
 78.534	 40.454	 33.197       
 75.648	 42.142	 34.929       
 72.653	 39.891	 35.479       
 69.280	 40.595	 37.076       
 67.634	 38.852	 40.043       
 64.019	 37.929	 39.433       
 61.288	 35.495	 40.443       
 61.322	 31.943	 39.066       
 59.381	 30.683	 36.076       
 59.129	 27.119	 34.817       
 60.378	 26.701	 31.212       
 57.911	 26.498	 28.339       
 59.041	 23.290	 26.699       
 58.531	 22.142	 23.123       
 59.774	 19.216	 21.048       
 59.794	 18.733	 17.273       
 60.218	 15.723	 14.889       
 63.068	 15.850	 12.368       
 61.388	 17.139	  9.236       
 61.533	 15.413	  5.855       
 64.793	 16.748	  4.361       
 66.803	 16.276	  7.506       
 66.364	 12.511	  7.147       
 66.984	 13.002	  3.467       
 70.621	 13.632	  4.518       
 71.758	 10.555	  6.452       
 71.333	 11.988	  9.919       
 68.599	 12.512	 12.515       
 67.936	 15.519	 14.749       
 64.926	 16.044	 16.973       
 64.671	 19.559	 18.395       
 63.328	 20.574	 21.815       
 63.039	 24.155	 23.001       
 63.381	 25.275	 26.581       
 62.131	 28.817	 26.565       
 61.749	 31.621	 29.062       
 62.734	 30.047	 32.392       
 64.779	 30.873	 35.491       
 67.214	 30.502	 37.266       
 69.981	 30.070	 34.764       
 70.966	 26.535	 35.615       
 68.743	 23.943	 34.023       
 69.070	 20.306	 32.967       
 67.906	 18.526	 29.808       
 67.891	 14.762	 29.265       
 66.846	 13.076	 26.029       
 64.830	  9.917	 26.584       
 64.487	  7.658	 23.579       
 62.600	  4.530	 24.650       
 63.115	  5.026	 28.324       
 66.816	  5.138	 27.480       
 68.816	  8.231	 28.395       
 70.727	  9.359	 25.309       
 74.111	 10.988	 26.017       
 75.587	 11.048	 22.483       
 74.333	 13.619	 19.970       
 73.836	 16.092	 22.803       
 74.262	 19.575	 21.466       
 73.890	 22.433	 23.948       
 73.142	 26.086	 23.511       
 72.025	 28.778	 25.926       
 70.917	 32.374	 25.480       
 71.867	 35.374	 27.549       
 69.225	 36.610	 29.965       
 66.415	 38.163	 27.913       
 65.970	 41.946	 27.999       
 62.298	 42.427	 28.764       
 61.258	 39.590	 31.083       
 64.837	 38.861	 32.113       
 64.537	 35.055	 31.730       
 66.689	 32.306	 30.196       
 66.254	 29.831	 27.388       
 67.966	 26.768	 25.946       
 67.656	 24.627	 22.851       
 68.571	 20.986	 22.540       
 68.436	 18.537	 19.660       
 69.096	 14.831	 19.357       
 71.502	 14.431	 16.434       
 71.365	 10.750	 15.343       
 71.807	  8.942	 12.068       
 68.747	  8.598	  9.878       
 69.007	  4.842	 10.462       
 69.512	  5.009	 14.245       
 66.189	  6.885	 14.024       
 64.376	  4.048	 12.442       
 65.632	  1.556	 15.016       
 63.424	  3.044	 17.758       
 59.895	  4.564	 18.231       
 59.503	  6.717	 21.394       
 61.168	 10.134	 21.448       
 61.267	 12.151	 24.669       
 62.724	 15.406	 25.977       
 62.770	 15.630	 29.803       
 63.380	 18.961	 31.522       
 64.953	 19.029	 34.985       
 64.594	 22.397	 36.800       
 64.310	 23.782	 40.336       
 61.023	 25.476	 39.555       
 59.482	 22.028	 40.005       
 59.924	 18.624	 41.551       
 58.474	 16.543	 38.723       
 60.494	 17.084	 35.506       
 58.624	 18.644	 32.564       
 58.307	 16.075	 29.818       
 57.559	 16.644	 26.179       
 57.763	 13.834	 23.617       
 56.263	 12.174	 20.561       
 56.655	  8.863	 18.809       
 57.863	  7.486	 15.519       
BRIEF 3BSZ M 215              
  9.445	 81.153	 92.084       
 12.227	 79.095	 90.547       
 14.913	 77.473	 92.635       
 18.633	 78.037	 92.103       
 21.027	 75.748	 93.956       
 24.818	 76.194	 94.110       
 26.372	 72.666	 93.865       
 29.356	 72.883	 96.207       
 29.264	 75.883	 98.539       
 33.015	 76.096	 99.186       
 35.392	 75.811	 96.241       
 39.171	 75.488	 96.277       
 41.627	 74.855	 93.469       
 45.256	 75.664	 92.601       
 46.262	 78.853	 90.839       
 46.348	 77.992	 87.156       
 43.799	 75.193	 87.073       
 40.073	 75.247	 86.212       
 36.941	 75.919	 88.246       
 33.535	 74.407	 87.715       
 30.858	 76.299	 89.561       
 27.332	 74.873	 89.145       
 23.737	 76.116	 89.291       
 20.763	 73.800	 88.698       
 17.158	 75.028	 88.518       
 13.793	 74.052	 89.957       
 12.222	 75.007	 86.651       
 13.665	 75.422	 83.151       
 15.383	 78.780	 82.562       
 15.315	 78.463	 78.775       
 12.637	 80.002	 76.575       
 11.719	 80.816	 72.947       
 15.123	 79.433	 71.938       
 17.592	 80.819	 74.507       
 18.720	 80.664	 78.154       
 18.329	 83.400	 80.727       
 21.117	 82.524	 83.165       
 23.659	 84.980	 84.595       
 26.925	 85.016	 86.562       
 28.271	 87.544	 89.061       
 31.606	 87.998	 90.863       
 31.147	 89.419	 94.370       
 34.505	 90.182	 96.033       
 35.049	 91.179	 99.719       
 33.582	 94.491	100.900       
 31.970	 95.299	 97.531       
 28.844	 94.764	 95.354       
 28.291	 92.101	 92.638       
 30.122	 92.237	 89.296       
 28.427	 91.003	 86.145       
 30.398	 88.363	 84.285       
 28.185	 86.413	 81.928       
 24.858	 87.401	 80.490       
 22.539	 84.687	 79.196       
 24.566	 81.691	 80.328       
 27.084	 82.019	 77.475       
 27.489	 85.620	 76.259       
 30.525	 87.215	 77.875       
 30.571	 90.710	 79.284       
 32.836	 93.377	 77.823       
 35.411	 93.796	 80.554       
 35.646	 90.172	 81.649       
 38.585	 88.040	 80.437       
 38.518	 84.740	 78.560       
 39.109	 82.972	 81.841       
 35.353	 82.810	 82.294       
 32.794	 81.066	 80.136       
 29.348	 79.613	 80.690       
 27.204	 76.745	 79.414       
 23.965	 74.841	 79.945       
 20.273	 74.690	 79.089       
 17.020	 73.377	 80.534       
 18.045	 73.368	 84.221       
 21.804	 72.721	 84.212       
 24.389	 75.506	 83.770       
 28.016	 75.980	 84.774       
 30.386	 78.895	 85.215       
 33.904	 78.090	 84.060       
 36.925	 79.834	 85.548       
 40.201	 78.772	 83.983       
 43.008	 79.434	 84.400       
 41.829	 80.372	 87.895       
 43.746	 83.507	 88.820       
 44.976	 84.744	 92.189       
 42.797	 87.868	 92.044       
 39.676	 85.851	 91.338       
 39.102	 84.807	 94.914       
 35.421	 85.476	 95.506       
 31.815	 84.268	 95.695       
 29.974	 83.407	 92.502       
 26.206	 83.821	 92.246       
 24.005	 82.787	 89.348       
 20.613	 84.220	 88.675       
 17.782	 83.739	 86.217       
 15.278	 86.035	 84.532       
 13.159	 83.748	 82.431       
 10.361	 83.750	 84.983       
  9.137	 86.301	 87.531       
 10.190	 86.671	 90.267       
 13.896	 86.978	 89.581       
 15.993	 84.730	 91.749       
 19.625	 84.165	 92.515       
 21.740	 81.258	 93.637       
 23.208	 80.582	 97.061       
 26.489	 81.668	 95.534       
 29.811	 79.884	 95.933       
 33.046	 80.933	 97.623       
 35.995	 80.220	 95.425       
 39.286	 79.846	 97.257       
 42.792	 79.164	 96.039       
 45.167	 76.357	 96.978       
 48.696	 77.465	 97.796       
 51.796	 76.587	 99.836       
 51.834	 77.206	103.611       
 53.309	 80.267	105.332       
 53.722	 80.800	109.057       
 51.822	 83.872	110.325       
 53.657	 87.123	111.013       
 52.619	 87.794	114.566       
 52.507	 91.100	116.402       
 51.197	 92.247	119.789       
 50.508	 95.736	121.135       
 49.970	 97.351	124.601       
 46.662	 99.147	125.181       
 47.585	102.768	124.510       
 46.954	105.673	126.879       
 43.330	106.683	126.192       
 42.027	103.135	126.056       
 42.743	102.751	129.768       
 41.399	106.296	130.081       
 37.994	104.611	129.462       
 37.575	101.955	132.160       
 38.530	 99.026	129.972       
 41.637	 97.161	128.770       
 42.394	 95.764	125.295       
 45.734	 94.430	124.091       
 45.907	 93.804	120.336       
 47.741	 90.999	118.522       
 47.884	 90.679	114.748       
 48.071	 87.415	112.918       
 48.954	 88.357	109.388       
 49.522	 86.636	106.105       
 49.374	 82.941	106.984       
 47.886	 79.703	105.611       
 45.927	 77.456	105.751       
 42.754	 79.162	106.835       
 42.358	 77.369	110.152       
 44.471	 78.890	112.897       
 44.298	 79.092	116.696       
 45.020	 82.002	119.067       
 45.324	 81.789	122.843       
 45.925	 84.770	125.114       
 48.308	 83.994	127.951       
 48.273	 86.485	130.794       
 50.646	 85.270	133.491       
 50.817	 81.738	132.237       
 47.018	 81.799	132.549       
 44.943	 81.108	129.414       
 42.346	 83.880	129.117       
 38.994	 82.805	127.596       
 36.934	 85.930	128.430       
 37.387	 89.107	126.404       
 38.106	 86.990	123.316       
 37.136	 88.929	120.222       
 37.670	 87.114	116.888       
 37.939	 88.461	113.357       
 39.238	 86.853	110.153       
 39.880	 88.310	106.719       
 39.007	 86.678	103.415       
 41.922	 85.197	101.498       
 44.089	 88.064	100.229       
 44.134	 88.827	 96.511       
 47.829	 88.959	 95.706       
 49.611	 86.384	 97.891       
 46.415	 84.474	 98.562       
 46.992	 84.216	102.327       
 44.865	 84.700	105.453       
 44.964	 86.974	108.461       
 43.374	 87.360	111.882       
 43.365	 89.954	114.637       
 42.777	 89.306	118.297       
 42.590	 91.633	121.297       
 42.261	 91.010	125.002       
 39.383	 93.216	126.184       
 39.657	 93.557	129.981       
 38.786	 96.236	132.506       
 41.390	 98.911	133.089       
 41.594	 97.563	136.669       
 41.828	 93.863	135.689       
 44.869	 95.156	133.732       
 46.591	 96.509	136.771       
 46.124	 93.228	138.669       
 48.670	 91.369	136.476       
 52.048	 91.988	134.689       
 52.825	 89.419	131.928       
 50.875	 89.745	128.668       
 51.134	 87.059	125.974       
 49.647	 86.146	122.585       
 50.323	 82.508	121.624       
 49.730	 81.413	118.014       
 48.860	 77.765	117.244       
 49.226	 76.813	113.562       
 50.021	 73.731	111.441       
 52.913	 75.527	109.780       
 54.857	 74.741	112.932       
 55.103	 72.449	115.960       
 56.152	 75.065	118.494       
 53.506	 77.821	118.783       
 54.633	 81.344	117.790       
 54.671	 83.505	120.905       
 54.567	 87.290	121.058       
 54.201	 89.128	124.361       
 55.251	 92.039	126.540       
 54.886	 92.913	130.181       
 53.215	 95.508	132.361       
BRIEF 3BSZ H 215              
 74.386	 60.724	 11.334       
 77.799	 59.241	 12.092       
 77.602	 56.131	  9.929       
 80.465	 53.674	 10.087       
 80.157	 50.575	  7.867       
 82.472	 47.602	  7.527       
 83.182	 44.757	  5.096       
 81.586	 41.331	  4.980       
 82.768	 38.263	  6.876       
 86.254	 36.948	  6.139       
 87.483	 33.398	  5.677       
 91.185	 32.779	  5.303       
 93.749	 29.922	  5.197       
 96.483	 29.508	  7.837       
 99.428	 31.739	  6.950       
 97.589	 33.728	  4.281       
 96.687	 37.374	  4.632       
 93.675	 39.647	  4.644       
 92.630	 43.288	  4.557       
 89.470	 44.950	  5.917       
 87.697	 48.223	  5.227       
 85.760	 50.790	  7.236       
 84.124	 53.605	  5.255       
 83.333	 56.760	  7.216       
 80.139	 58.748	  6.683       
 78.814	 61.753	  8.591       
 81.907	 63.380	 10.058       
 85.231	 64.799	  8.899       
 87.174	 61.624	  8.043       
 90.350	 63.671	  8.524       
 89.487	 65.196	 11.849       
 89.222	 61.846	 13.616       
 91.266	 58.647	 13.993       
 89.617	 55.247	 13.704       
 90.973	 52.351	 15.685       
 90.638	 48.572	 15.290       
 89.660	 46.527	 18.319       
 90.036	 42.754	 18.590       
 87.536	 40.653	 20.601       
 88.002	 36.891	 21.007       
 85.327	 34.631	 22.674       
 85.991	 33.925	 26.353       
 88.484	 36.774	 26.034       
 87.376	 40.400	 25.674       
 88.766	 43.576	 24.122       
 92.221	 44.458	 22.795       
 93.031	 47.708	 21.083       
 95.119	 47.302	 17.944       
 95.972	 50.722	 16.559       
 94.592	 53.797	 14.835       
 95.074	 56.024	 11.776       
 95.061	 59.826	 11.385       
 93.760	 59.963	  7.780       
 94.970	 63.546	  7.501       
 98.540	 62.870	  8.550       
 98.217	 59.276	  7.364       
 99.945	 58.934	 10.721       
 99.723	 55.682	 12.672       
 99.826	 54.250	 16.261       
100.145	 50.546	 16.941       
100.335	 48.288	 19.965       
103.602	 46.334	 19.893       
101.536	 43.128	 20.259       
100.297	 43.652	 16.730       
102.991	 45.762	 15.055       
103.903	 42.847	 12.796       
100.352	 41.623	 12.242       
 98.146	 44.504	 11.184       
 99.178	 47.068	  8.577       
 96.782	 50.009	  8.632       
 96.113	 52.400	  5.752       
 93.335	 54.825	  4.726       
 92.113	 56.614	  1.613       
 91.021	 60.125	  2.435       
 89.062	 60.432	 -0.801       
 87.492	 57.021	 -0.277       
 86.989	 58.009	  3.353       
 88.026	 54.530	  4.431       
 90.667	 53.148	  6.758       
 92.098	 49.649	  6.350       
 93.739	 46.960	  8.445       
 95.705	 44.105	  6.878       
 96.188	 40.808	  8.700       
 99.370	 39.046	  7.599       
100.625	 35.432	  8.018       
 97.532	 34.217	  9.844       
 97.251	 31.562	 12.563       
 94.220	 30.134	 14.361       
 94.484	 32.819	 17.050       
 94.106	 35.936	 14.963       
 90.704	 34.434	 14.170       
 88.242	 36.631	 16.020       
 85.886	 39.541	 15.468       
 87.573	 42.821	 14.616       
 85.766	 46.059	 15.251       
 86.494	 49.419	 13.771       
 85.730	 52.544	 15.751       
 86.508	 56.193	 15.158       
 88.481	 58.238	 17.763       
 89.003	 61.868	 18.661       
 92.033	 63.892	 17.612       
 92.545	 64.389	 21.367       
 90.907	 61.627	 23.528       
 89.684	 58.045	 22.949       
 86.348	 56.081	 22.573       
 83.158	 57.085	 20.632       
 81.823	 55.131	 17.657       
 81.899	 51.442	 16.952       
 81.355	 49.565	 13.730       
 79.132	 46.552	 13.202       
 82.341	 44.531	 13.347       
 83.524	 42.016	 10.755       
 83.652	 38.418	 11.945       
 86.812	 36.550	 10.973       
 87.437	 32.803	 10.581       
 90.918	 31.362	  9.891       
 90.381	 27.637	  9.252       
 91.093	 25.251	  6.389       
 87.665	 23.695	  6.037       
 85.670	 24.807	  3.014       
 82.695	 27.158	  3.276       
 79.657	 24.988	  3.656       
 76.266	 26.630	  3.020       
 73.588	 26.229	  5.718       
 70.655	 23.837	  5.712       
 67.283	 25.153	  6.794       
 64.622	 22.866	  8.129       
 61.267	 24.000	  9.571       
 60.175	 23.113	 13.104       
 56.539	 21.971	 13.181       
 54.564	 20.481	 16.122       
 52.800	 17.114	 16.296       
 49.281	 18.482	 15.849       
 47.566	 21.495	 14.250       
 48.283	 22.606	 17.819       
 44.738	 22.889	 19.210       
 42.554	 25.985	 19.341       
 43.339	 29.321	 21.020       
 46.374	 27.818	 22.754       
 49.473	 29.852	 21.945       
 51.902	 28.099	 19.565       
 55.700	 28.129	 19.247       
 57.246	 27.613	 15.805       
 60.896	 26.889	 15.159       
 63.562	 26.872	 12.483       
 66.683	 24.778	 12.064       
 69.971	 25.907	 10.562       
 72.076	 22.806	 10.051       
 75.794	 22.424	  9.427       
 77.113	 25.678	  7.933       
 80.433	 27.587	  7.950       
 81.865	 29.818	  8.977       
 79.711	 32.112	 11.083       
 77.529	 34.049	 11.312       
 74.053	 33.653	  9.779       
 71.421	 36.347	 10.411       
 68.014	 34.855	 11.226       
 64.674	 36.666	 11.533       
 60.971	 36.079	 11.068       
 58.469	 37.641	  8.690       
 61.249	 39.758	  7.223       
 61.588	 41.191	 10.670       
 57.950	 41.930	 11.457       
 57.659	 39.309	 14.162       
 60.270	 40.180	 16.756       
 58.636	 39.912	 20.134       
 58.635	 36.386	 21.513       
 61.613	 35.216	 19.477       
 64.608	 33.156	 20.569       
 67.645	 32.710	 18.351       
 70.043	 30.229	 19.929       
 73.801	 30.714	 19.352       
 76.462	 28.628	 17.614       
 77.622	 25.038	 18.107       
 80.374	 23.196	 16.253       
 78.461	 20.229	 14.841       
 81.590	 18.301	 13.824       
 83.422	 20.968	 11.820       
 80.146	 22.515	 10.770       
 77.873	 24.667	 12.895       
 74.209	 24.412	 13.835       
 71.833	 27.145	 14.834       
 68.174	 27.148	 15.795       
 65.496	 29.755	 16.275       
 61.995	 29.750	 17.695       
 59.042	 32.059	 17.588       
 56.054	 32.021	 19.927       
 52.672	 33.060	 18.590       
 49.003	 33.141	 19.522       
 46.811	 30.429	 18.086       
 45.515	 33.320	 15.973       
 48.456	 34.287	 13.673       
 49.217	 30.738	 12.454       
 48.237	 28.902	 10.383       
 45.884	 31.680	  9.236       
 48.839	 33.898	  8.329       
 52.094	 32.897	  6.568       
 54.761	 32.110	  9.170       
 58.181	 32.495	  7.594       
 61.692	 32.028	  8.934       
 64.300	 33.921	  6.900       
 67.778	 32.480	  7.318       
 70.677	 34.298	  5.696       
 74.329	 33.327	  5.538       
 76.391	 36.042	  3.878       
 79.551	 33.974	  4.004       
 77.989	 31.828	  1.284       
 75.689	 34.269	 -0.509       
 72.814	 32.044	  0.648       
 69.381	 33.433	  1.497       
 66.449	 31.203	  2.449       
 62.961	 31.822	  3.749       
 61.033	 28.790	  4.918       
 57.307	 28.883	  5.648       
 55.640	 26.775	  8.372       
BRIEF 3BSZ N 215              
 30.392	106.955	 82.224       
 27.374	105.182	 83.695       
 27.539	106.637	 87.194       
 25.080	105.407	 89.774       
 25.272	106.971	 93.247       
 23.328	106.163	 96.406       
 22.496	107.760	 99.741       
 24.425	107.587	103.006       
 24.045	104.898	105.673       
 20.664	104.521	107.342       
 19.848	104.074	111.013       
 16.242	103.414	112.010       
 14.059	102.385	114.976       
 12.036	 99.125	114.961       
  8.702	 99.786	113.283       
  9.663	103.150	111.799       
 10.224	103.682	108.097       
 12.855	104.812	105.631       
 13.363	105.878	102.048       
 16.504	105.638	 99.916       
 17.708	107.324	 96.713       
 19.709	106.390	 93.654       
 20.575	109.164	 91.214       
 21.276	108.091	 87.631       
 24.058	109.704	 85.559       
 25.378	108.758	 82.153       
 22.457	107.000	 80.449       
 18.825	107.617	 79.604       
 17.146	107.338	 83.017       
 13.890	106.606	 81.218       
 15.271	103.970	 78.907       
 16.269	101.656	 81.765       
 14.735	100.183	 84.910       
 16.679	100.189	 88.185       
 16.153	 97.440	 90.699       
 16.888	 97.129	 94.364       
 18.684	 94.061	 95.671       
 18.847	 93.004	 99.313       
 21.904	 91.232	100.692       
 22.048	 89.947	104.291       
 25.276	 88.526	105.896       
 25.407	 84.738	105.901       
 22.628	 85.015	103.329       
 23.233	 86.337	 99.810       
 21.111	 88.103	 97.192       
 17.379	 88.791	 96.892       
 15.816	 90.894	 94.150       
 13.192	 93.356	 95.406       
 11.690	 95.084	 92.395       
 12.306	 97.737	 89.753       
 10.889	100.976	 88.272       
 10.394	102.066	 84.645       
 10.886	105.823	 85.192       
  9.215	106.525	 81.877       
  6.015	104.670	 82.568       
  6.572	105.095	 86.289       
  5.603	101.430	 86.036       
  6.642	 98.986	 88.735       
  7.455	 95.283	 89.373       
  7.695	 93.808	 92.868       
  8.398	 90.401	 94.397       
  5.446	 89.402	 96.590       
  7.968	 88.858	 99.430       
  8.353	 92.605	 99.611       
  5.161	 94.029	 98.134       
  4.155	 95.399	101.529       
  7.664	 96.451	102.540       
  9.233	 98.535	 99.801       
  7.385	101.314	 97.995       
  9.380	102.358	 94.954       
  9.132	105.721	 93.174       
 11.320	107.835	 90.863       
 11.633	111.445	 89.676       
 12.394	111.600	 85.994       
 13.692	115.163	 86.214       
 15.706	114.335	 89.357       
 16.764	111.210	 87.552       
 16.487	109.191	 90.750       
 14.526	106.152	 91.836       
 13.497	105.496	 95.413       
 12.626	102.631	 97.705       
 10.733	103.128	100.954       
 11.086	100.667	103.816       
  8.007	100.665	106.042       
  7.284	 99.198	109.507       
 10.841	 97.908	110.045       
 11.983	 94.848	112.028       
 15.476	 93.624	112.797       
 15.459	 91.503	109.630       
 14.962	 94.142	107.007       
 18.294	 95.368	108.376       
 20.824	 94.590	105.649       
 22.613	 96.223	102.770       
 20.426	 97.242	 99.883       
 21.893	 97.715	 96.446       
 20.463	 99.682	 93.602       
 21.224	 98.528	 90.076       
 19.894	 99.646	 86.699       
 18.261	 97.142	 84.296       
 17.510	 96.886	 80.584       
 14.113	 97.630	 79.105       
 14.337	 93.979	 77.875       
 16.761	 91.789	 79.977       
 18.172	 91.958	 83.519       
 21.615	 92.635	 85.302       
 24.127	 95.393	 84.418       
 25.164	 98.129	 86.825       
 25.314	 98.115	 90.548       
 25.450	100.935	 93.012       
 27.864	101.294	 95.896       
 25.020	100.042	 98.111       
 23.712	101.782	101.220       
 24.209	 99.857	104.485       
 21.165	 99.690	106.739       
 20.936	 99.181	110.538       
 17.586	 98.822	112.306       
 18.498	 98.837	116.023       
 17.470	100.885	119.062       
 20.927	101.735	120.408       
 22.137	105.291	119.853       
 24.735	106.176	117.247       
 28.048	106.086	119.043       
 31.010	107.728	117.259       
 34.261	105.737	116.911       
 37.394	105.919	118.985       
 40.706	105.876	117.195       
 43.845	104.720	118.929       
 47.246	104.345	117.144       
 49.160	101.070	117.246       
 52.853	101.624	118.078       
 55.514	 98.922	118.729       
 57.699	 98.466	121.819       
 60.871	 99.957	120.319       
 61.853	102.491	117.610       
 61.677	 99.156	115.777       
 65.395	 98.711	114.970       
 67.183	 99.672	111.748       
 66.304	 98.571	108.189       
 63.946	 95.930	109.538       
 60.520	 96.394	107.946       
 57.887	 97.802	110.353       
 54.112	 97.207	110.654       
 51.983	100.032	112.050       
 48.407	 99.678	113.180       
 45.275	101.577	114.005       
 42.425	100.914	116.368       
 38.770	101.798	115.850       
 37.020	101.234	119.177       
 33.311	100.908	119.916       
 31.323	102.711	117.228       
 27.864	102.287	115.667       
 26.440	101.367	113.416       
 28.623	100.380	110.475       
 30.565	101.040	108.331       
 33.681	103.146	108.846       
 36.027	103.758	105.913       
 39.684	103.417	106.870       
 42.788	104.204	104.813       
 46.339	105.413	105.221       
 48.100	108.540	104.001       
 44.822	109.738	102.478       
 45.013	106.637	100.327       
 48.612	106.880	 99.082       
 49.759	103.829	101.044       
 47.653	100.915	 99.885       
 50.028	 98.037	 99.251       
 50.737	 96.016	102.383       
 47.571	 97.015	104.216       
 45.154	 94.906	106.250       
 41.793	 96.262	107.370       
 40.089	 93.743	109.661       
 36.253	 93.429	109.583       
 33.549	 94.127	112.148       
 33.036	 92.757	115.666       
 30.172	 93.535	118.069       
 32.119	 94.685	121.139       
 29.109	 94.612	123.468       
 26.587	 96.625	121.433       
 29.351	 98.680	119.893       
 31.730	 97.562	117.171       
 35.499	 97.435	116.956       
 37.644	 97.584	113.873       
 41.386	 97.399	113.354       
 43.791	 98.176	110.533       
 47.477	 97.552	109.939       
 50.052	 98.791	107.481       
 53.448	 97.270	106.835       
 56.324	 99.456	105.762       
 60.090	 99.489	105.167       
 62.232	100.802	108.029       
 62.717	103.637	105.517       
 59.293	105.402	105.369       
 58.705	105.661	109.136       
 59.421	107.492	111.280       
 61.169	109.624	108.676       
 57.859	110.326	106.928       
 54.472	111.081	108.546       
 52.509	107.839	108.969       
 48.803	108.628	109.211       
 45.729	106.431	109.664       
 42.561	108.155	108.406       
 39.418	106.709	109.992       
 36.067	107.921	108.779       
 32.630	107.089	110.065       
 29.938	108.767	107.979       
 27.124	107.509	110.207       
 28.327	110.029	112.771       
 29.915	112.732	110.612       
 33.235	111.864	112.312       
 36.545	112.112	110.478       
 39.873	111.453	112.199       
 43.461	111.137	111.058       
 45.936	109.778	113.595       
 49.704	109.964	113.050       
 52.122	107.315	114.405       
