BRIEF 3G6D A 106              
 15.107	-39.776	-48.643 -0.212
 17.638	-37.309	-50.158  0.034
 16.700	-35.039	-53.152 -2.297
 17.119	-35.954	-56.813 -1.607
 19.206	-33.087	-58.209 -2.432
 16.948	-32.528	-61.224 -0.049
 13.959	-32.741	-58.892  0.871
 14.822	-30.002	-56.378 -0.275
 15.548	-27.813	-59.382  0.962
 11.887	-28.285	-60.358  0.871
 10.711	-27.673	-56.794  1.033
 12.662	-24.385	-56.742  0.567
 11.266	-23.204	-60.067  0.962
  7.750	-24.074	-59.005  0.871
  8.329	-22.111	-55.763  0.244
  9.557	-19.110	-57.725  1.037
  6.612	-18.777	-60.115  1.033
  4.108	-19.414	-57.283  1.046
  5.825	-16.957	-54.966  0.990
  7.165	-14.327	-57.389  0.703
  4.415	-13.908	-59.973  0.990
  2.621	-10.571	-59.436 -0.260
 -0.653	-10.731	-61.424 -0.290
 -2.507	-14.048	-61.983  0.063
 -0.494	-16.845	-63.599  0.871
 -1.147	-17.088	-67.353  0.829
 -4.113	-14.718	-66.868  1.037
 -7.309	-16.769	-66.450  0.391
 -5.957	-19.860	-68.153  1.063
 -7.673	-22.882	-66.625  1.020
 -6.136	-26.334	-66.675  1.027
 -6.818	-29.890	-65.534  0.660
 -6.117	-30.883	-61.944  1.063
 -3.955	-33.884	-61.002  0.005
 -3.546	-36.434	-58.188  0.703
 -0.529	-37.908	-56.394 -0.099
 -0.847	-40.946	-58.622  0.687
  1.438	-42.537	-61.291 -0.289
  1.772	-40.751	-64.635 -1.611
  1.825	-37.674	-62.390 -0.905
  4.622	-35.815	-64.120  0.351
  3.286	-36.551	-67.622  0.829
 -0.215	-35.742	-66.405 -0.419
  1.110	-32.389	-65.173  1.030
  3.107	-31.899	-68.362  0.382
  0.074	-32.717	-70.480  0.047
 -2.119	-30.436	-68.372  0.781
  0.247	-27.499	-68.789  0.871
  1.209	-28.298	-72.387 -0.491
 -2.113	-26.824	-73.545  0.731
 -1.786	-23.224	-72.290 -0.343
 -0.035	-21.423	-75.148  0.777
 -0.252	-17.687	-74.334 -1.305
  1.973	-18.034	-71.252  0.829
  5.744	-17.815	-70.942  0.130
  5.928	-18.157	-67.142  0.009
  5.219	-21.881	-67.447  1.033
  7.655	-22.772	-70.280 -0.859
 10.583	-23.498	-67.971 -1.347
  8.359	-25.585	-65.700  1.046
  7.118	-27.438	-68.787  0.247
 10.675	-28.143	-69.939  0.622
 11.625	-29.160	-66.409  0.280
  8.689	-31.586	-66.370  0.871
  9.710	-32.920	-69.807 -1.702
 12.818	-34.620	-68.387 -0.422
 10.541	-36.454	-65.921 -0.101
  8.165	-37.915	-68.526  0.829
  9.577	-41.007	-70.363 -2.746
  7.427	-40.474	-73.497 -0.287
  6.425	-37.551	-75.744  0.123
  3.454	-35.450	-74.715 -1.363
  1.761	-33.482	-77.502 -0.407
 -0.641	-30.548	-77.068 -0.818
 -4.348	-31.028	-77.823 -1.936
 -4.486	-34.825	-77.502  0.279
 -8.303	-34.528	-77.399 -0.637
 -9.644	-37.201	-74.983  0.129
-12.016	-38.150	-72.139  0.073
 -9.156	-38.923	-69.723 -0.613
 -9.865	-36.077	-67.304 -2.158
-12.990	-37.957	-66.281 -2.323
-11.814	-37.840	-62.629  0.107
-10.080	-34.456	-62.776  0.981
-11.554	-30.955	-62.646  1.040
-10.650	-27.591	-64.249  0.944
 -8.638	-25.181	-62.075  1.027
 -6.598	-21.948	-62.267  0.955
 -2.953	-22.457	-63.300  0.694
 -1.789	-20.578	-60.173 -0.108
 -3.546	-23.115	-57.927  0.163
 -2.439	-25.966	-60.210  0.318
  1.229	-25.068	-59.839 -0.150
  0.959	-24.750	-56.053 -0.294
 -0.685	-28.174	-55.654 -1.580
  2.081	-29.756	-57.691  0.864
  4.650	-28.032	-55.500  0.864
  3.022	-29.219	-52.258 -2.530
  2.780	-32.803	-53.556 -0.206
  6.462	-32.682	-54.512 -0.792
  7.295	-30.909	-51.225  0.116
  5.482	-33.682	-49.326 -1.535
  7.611	-36.467	-50.794 -1.669
 10.391	-35.115	-48.570 -0.204
  8.478	-34.746	-45.286 -0.203
  9.819	-37.688	-43.298 -2.131
BRIEF 3G6D L 210              
 10.278	 -6.572	-46.913       
  7.468	 -9.149	-46.854       
  5.208	 -8.753	-43.803       
  1.893	-10.388	-42.901       
 -0.678	 -8.387	-40.946       
 -3.532	 -9.456	-38.646       
 -6.117	 -7.432	-36.709       
 -4.899	 -7.556	-33.109       
 -8.214	 -8.568	-31.522       
-11.449	-10.440	-32.318       
-14.581	-11.113	-30.245       
-17.321	-13.709	-30.813       
-20.359	-14.857	-28.853       
-19.907	-18.527	-27.879       
-20.937	-21.244	-30.365       
-21.292	-18.665	-33.171       
-18.394	-18.766	-35.723       
-15.062	-16.803	-35.647       
-12.873	-15.425	-38.483       
 -9.212	-14.417	-38.377       
 -7.582	-12.756	-41.393       
 -3.893	-12.639	-42.322       
 -2.922	-10.279	-45.122       
  0.030	 -9.764	-47.439       
  0.810	 -9.279	-51.120       
  0.354	-12.596	-53.012       
 -0.218	-14.589	-49.831       
 -2.219	-17.117	-51.855       
  1.096	-17.788	-53.549       
  2.521	-19.483	-50.454       
  1.472	-21.873	-47.685       
 -0.104	-20.485	-44.558       
  0.224	-22.047	-41.128       
 -1.844	-20.983	-38.120       
 -0.537	-21.189	-34.565       
 -2.435	-20.950	-31.279       
 -0.631	-19.569	-28.253       
 -2.196	-19.360	-24.815       
 -0.749	-17.128	-22.010       
  2.634	-18.471	-20.818       
  2.674	-21.412	-23.229       
  4.597	-22.111	-26.412       
  2.630	-21.816	-29.646       
  0.793	-24.920	-30.902       
  0.093	-25.435	-34.618       
 -3.576	-25.732	-35.641       
 -3.357	-25.342	-39.444       
 -0.595	-25.900	-41.987       
 -0.437	-26.031	-45.803       
 -3.268	-23.443	-45.965       
 -5.977	-25.901	-44.872       
 -4.527	-29.070	-43.285       
 -5.309	-29.697	-39.633       
 -2.902	-31.900	-37.666       
 -4.040	-34.831	-35.565       
 -5.353	-33.562	-32.256       
 -6.969	-30.295	-33.369       
-10.822	-30.302	-33.184       
-12.718	-30.175	-36.470       
-14.084	-26.682	-35.780       
-10.735	-25.243	-36.933       
-10.248	-24.462	-40.600       
 -8.339	-22.114	-42.851       
 -8.336	-20.932	-46.430       
 -5.778	-18.941	-48.453       
 -6.812	-16.807	-51.434       
 -4.884	-14.184	-53.459       
 -4.222	-11.622	-50.727       
 -5.907	-12.893	-47.532       
 -5.675	-16.075	-45.487       
 -8.470	-16.801	-43.009       
 -8.546	-19.052	-39.963       
-12.203	-19.934	-39.343       
-13.409	-21.407	-36.052       
-16.971	-22.631	-36.322       
-18.681	-23.596	-33.046       
-16.503	-21.099	-31.117       
-15.777	-22.301	-27.584       
-14.444	-20.821	-24.312       
-11.157	-22.809	-24.393       
-10.448	-21.378	-27.879       
 -9.680	-18.015	-26.283       
 -6.022	-17.222	-27.140       
 -3.537	-15.392	-29.359       
 -3.487	-16.739	-32.934       
 -0.678	-16.329	-35.489       
 -0.283	-16.873	-39.215       
  3.127	-17.970	-40.511       
  4.715	-18.569	-43.933       
  7.937	-18.972	-45.837       
  9.203	-16.327	-48.243       
 12.209	-16.800	-50.528       
 13.706	-13.457	-49.513       
 12.848	-13.186	-45.804       
 12.140	-16.834	-44.917       
  9.923	-17.660	-41.907       
  7.637	-14.670	-41.388       
  4.868	-14.287	-38.801       
  1.824	-12.044	-38.667       
  1.223	 -9.635	-35.767       
 -0.997	-12.290	-34.134       
 -4.587	-11.837	-32.940       
 -6.132	-11.968	-29.470       
 -9.378	-13.900	-29.537       
-12.017	-13.439	-26.824       
-15.306	-15.300	-26.408       
-18.061	-12.888	-25.464       
-19.981	-12.701	-22.207       
-18.102	-14.641	-19.584       
-20.064	-14.255	-16.341       
-18.664	-12.096	-13.505       
-16.343	-14.073	-11.191       
-15.451	-13.538	 -7.513       
-11.757	-13.424	 -6.426       
-10.208	-15.962	 -4.022       
 -8.015	-14.078	 -1.557       
 -5.373	-15.984	  0.440       
 -3.151	-13.980	  2.770       
  0.062	-15.262	  4.370       
  2.020	-13.696	  7.271       
  5.820	-13.209	  7.462       
  7.412	-16.666	  7.859       
  9.476	-17.397	 10.997       
 12.597	-17.687	  8.828       
 11.982	-14.341	  7.204       
 11.504	-12.589	 10.532       
 14.599	-14.373	 11.788       
 16.374	-12.807	  8.799       
 15.335	 -9.272	  9.841       
 12.955	 -9.014	  6.888       
  9.168	 -9.389	  6.657       
  6.792	 -9.842	  3.747       
  3.012	-10.290	  3.777       
  1.663	-12.268	  0.869       
 -1.747	-11.486	 -0.606       
 -2.655	-13.976	 -3.338       
 -5.798	-13.432	 -5.424       
 -7.071	-16.135	 -7.800       
 -9.987	-16.989	-10.120       
-11.602	-13.568	-10.810       
-13.173	-11.942	-13.904       
-13.163	 -9.339	-15.340       
 -9.387	 -8.984	-14.884       
 -9.684	 -5.924	-12.650       
 -8.868	 -5.707	 -8.954       
 -7.952	 -2.972	 -6.483       
 -5.674	 -4.023	 -3.646       
 -5.093	 -1.897	 -0.556       
 -3.379	 -2.695	  2.719       
 -4.357	 -1.551	  6.167       
 -2.176	 -1.324	  9.282       
 -4.493	 -1.377	 12.306       
 -7.319	 -0.004	 10.133       
 -5.006	  2.674	  8.701       
 -3.804	  2.705	  5.046       
 -0.249	  1.557	  4.226       
  0.905	  3.199	  0.997       
  4.636	  2.400	  1.036       
  6.213	 -1.016	  0.608       
  3.484	 -2.398	 -1.602       
  4.345	 -4.270	 -4.798       
  1.333	 -5.496	 -6.779       
  1.097	 -7.220	-10.157       
 -1.204	 -6.349	-13.038       
 -3.646	 -9.322	-13.363       
 -2.924	-12.171	-15.760       
 -5.096	-14.675	-17.562       
 -5.315	-18.029	-15.812       
 -5.381	-21.336	-17.687       
 -9.141	-21.339	-16.856       
 -9.672	-17.906	-18.471       
-10.172	-16.119	-15.169       
 -7.433	-13.852	-13.743       
 -4.723	-14.090	-11.071       
 -2.847	-11.327	 -9.279       
 -0.652	-11.077	 -6.180       
  0.385	 -8.295	 -3.808       
  3.352	 -8.261	 -1.425       
  3.944	 -5.987	  1.552       
  7.505	 -5.468	  2.794       
  7.817	 -4.649	  6.559       
 10.490	 -4.221	  9.224       
 10.074	 -6.924	 11.893       
  9.490	 -3.964	 14.251       
  6.542	 -2.745	 12.187       
  5.096	 -6.267	 11.934       
  5.391	 -7.054	 15.657       
  4.377	 -3.500	 16.629       
  0.791	 -3.463	 15.292       
 -2.291	 -5.496	 16.337       
 -2.834	 -6.693	 12.749       
 -2.498	 -5.979	  9.030       
 -4.990	 -6.668	  6.222       
 -4.860	 -6.655	  2.438       
 -8.235	 -5.891	  0.987       
 -9.250	 -6.706	 -2.550       
-12.016	 -4.926	 -4.435       
-13.441	 -6.701	 -7.463       
-16.400	 -4.822	 -8.992       
-18.132	 -3.377	 -5.936       
-17.536	 -6.350	 -3.678       
-14.607	 -6.319	 -1.280       
-12.859	 -9.216	  0.470       
-10.603	 -8.247	  3.384       
 -8.546	-10.988	  4.909       
 -6.651	 -9.918	  8.039       
 -3.616	-11.430	  9.748       
 -1.745	-10.815	 13.020       
  1.489	-11.970	 14.785       
  1.990	-14.632	 17.527       
BRIEF 3G6D H 223              
  6.059	-37.992	-28.011       
  7.761	-35.189	-30.016       
  9.956	-33.164	-27.681       
 12.418	-30.284	-28.119       
 14.124	-29.009	-24.939       
 16.099	-25.748	-24.923       
 18.492	-24.510	-22.237       
 21.210	-21.922	-21.630       
 19.173	-18.783	-21.086       
 20.154	-16.250	-18.453       
 21.367	-12.727	-17.876       
 23.907	-11.761	-20.485       
 25.720	 -8.425	-20.450       
 25.162	 -6.087	-23.441       
 27.802	 -6.941	-26.029       
 28.177	-10.297	-24.260       
 27.927	-13.846	-25.568       
 25.760	-16.879	-24.982       
 25.261	-20.380	-26.368       
 21.790	-21.922	-26.402       
 21.135	-25.555	-27.190       
 18.096	-27.665	-27.970       
 17.730	-31.387	-27.319       
 15.329	-33.249	-29.616       
 13.482	-36.522	-28.854       
 10.575	-38.610	-30.174       
 11.341	-38.403	-33.904       
 13.967	-38.767	-36.635       
 16.137	-35.747	-35.859       
 18.097	-36.385	-39.094       
 15.165	-35.756	-41.443       
 14.173	-32.289	-40.236       
 15.075	-28.688	-40.707       
 15.100	-27.077	-37.222       
 14.590	-23.384	-36.445       
 15.422	-21.005	-33.639       
 12.516	-18.582	-33.144       
 12.327	-15.859	-30.491       
  9.623	-13.813	-28.755       
 10.037	-10.688	-26.593       
  7.663	-10.312	-23.626       
  4.417	 -8.975	-25.109       
  5.737	 -8.879	-28.701       
  4.916	-11.532	-31.339       
  7.052	-14.197	-33.007       
 10.294	-13.595	-34.881       
 12.225	-16.277	-36.764       
 15.950	-15.989	-36.021       
 17.704	-18.894	-37.704       
 17.302	-22.344	-39.256       
 19.491	-25.256	-40.331       
 19.207	-28.036	-42.928       
 18.856	-31.710	-42.072       
 22.467	-32.432	-43.183       
 23.840	-28.911	-42.472       
 24.317	-28.112	-46.179       
 22.342	-24.922	-45.594       
 22.351	-22.335	-42.839       
 20.033	-19.278	-42.911       
 19.696	-16.183	-40.713       
 17.363	-13.235	-40.104       
 18.780	 -9.884	-41.276       
 18.524	 -8.419	-37.771       
 20.641	-11.311	-36.520       
 23.112	-12.022	-39.332       
 26.875	-12.199	-38.698       
 26.317	-12.120	-34.931       
 24.530	-15.438	-34.396       
 25.674	-18.881	-35.478       
 23.374	-21.850	-35.733       
 24.708	-25.449	-35.757       
 23.733	-29.071	-35.125       
 25.091	-32.459	-34.075       
 22.920	-35.251	-35.459       
 24.596	-37.840	-33.214       
 23.739	-36.224	-29.862       
 20.475	-35.067	-31.493       
 21.161	-31.488	-30.466       
 20.829	-28.122	-32.160       
 22.914	-25.119	-31.049       
 22.849	-21.333	-31.345       
 25.927	-19.180	-30.763       
 24.917	-15.567	-30.116       
 27.400	-12.663	-29.965       
 27.459	 -8.852	-29.736       
 24.151	 -9.181	-27.925       
 22.133	 -5.984	-28.020       
 19.409	 -5.396	-25.404       
 16.705	 -5.830	-28.031       
 17.946	 -9.383	-28.304       
 16.033	-10.261	-25.097       
 13.351	-12.867	-25.690       
 12.089	-16.346	-25.051       
 14.097	-18.503	-27.418       
 12.166	-21.370	-28.997       
 13.598	-24.211	-30.907       
 10.885	-25.269	-33.368       
 10.950	-28.016	-35.984       
 10.444	-27.351	-39.691       
  7.951	-29.340	-41.779       
 10.579	-30.795	-44.149       
 14.347	-31.017	-44.595       
 15.072	-27.962	-46.807       
 14.565	-24.197	-46.458       
 11.540	-24.316	-48.768       
  9.728	-26.278	-46.057       
 11.184	-24.631	-42.930       
  7.743	-23.761	-41.471       
  7.640	-24.892	-37.849       
  5.177	-27.456	-36.504       
  6.487	-28.431	-33.051       
  7.797	-25.812	-30.661       
  9.936	-26.369	-27.610       
  9.063	-24.719	-24.321       
 11.651	-21.993	-24.828       
 14.471	-20.449	-22.855       
 14.617	-16.883	-21.668       
 17.689	-14.901	-22.662       
 17.745	-11.606	-20.746       
 20.240	 -9.082	-22.188       
 20.766	 -6.224	-19.695       
 23.611	 -4.558	-17.791       
 22.165	 -5.512	-14.426       
 23.510	 -8.241	-12.120       
 22.331	-11.849	-11.690       
 20.836	-12.195	 -8.235       
 19.630	-15.366	 -6.561       
 16.433	-15.775	 -4.482       
 15.734	-16.524	 -0.840       
 12.942	-19.046	 -0.274       
 10.708	-18.993	  2.805       
  8.051	-21.373	  3.933       
  4.504	-20.103	  3.676       
  3.160	-22.181	  6.539       
 -0.121	-23.997	  5.986       
 -3.399	-22.278	  6.809       
 -6.888	-23.813	  6.597       
 -8.523	-20.381	  6.862       
 -9.295	-19.719	  3.188       
 -9.565	-23.272	  1.868       
-12.355	-25.898	  1.544       
-13.275	-28.456	  4.213       
-10.554	-30.958	  5.063       
 -7.857	-29.300	  2.933       
 -5.235	-26.624	  3.643       
 -2.992	-24.178	  1.782       
  0.798	-24.080	  2.204       
  3.343	-22.229	  0.070       
  6.789	-20.862	 -0.693       
  7.692	-17.253	 -1.214       
 10.482	-16.859	 -3.757       
 11.915	-13.433	 -2.879       
 14.418	-11.128	 -4.606       
 15.847	-12.748	 -7.737       
 16.801	-11.594	-11.240       
 16.376	-12.370	-14.040       
 13.320	-14.526	-14.759       
 12.390	-17.407	-14.668       
 11.909	-19.655	-11.651       
 11.001	-23.370	-11.750       
  8.893	-24.450	 -8.817       
  7.519	-27.915	 -8.173       
  6.441	-29.797	 -5.043       
  7.875	-33.054	 -3.712       
 10.126	-33.552	 -6.781       
  7.140	-33.552	 -9.144       
  5.153	-36.237	 -7.297       
  2.576	-33.819	 -5.905       
  1.125	-31.987	 -8.953       
 -2.544	-31.134	 -8.416       
 -3.488	-28.302	 -6.082       
 -0.369	-26.373	 -7.053       
 -0.788	-22.741	 -8.062       
  2.438	-20.988	 -8.981       
  1.580	-17.322	 -9.392       
  3.121	-14.949	-11.962       
  6.150	-12.923	-10.830       
  6.072	 -9.386	 -9.426       
  8.475	 -6.790	-10.718       
  9.478	 -4.731	 -7.701       
 10.680	 -1.113	 -7.376       
 14.131	 -2.625	 -6.736       
 13.813	 -4.064	-10.224       
 13.945	 -7.536	 -8.750       
 11.421	-10.370	 -9.088       
  9.353	-12.329	 -6.581       
  6.820	-15.139	 -6.952       
  4.688	-17.384	 -4.693       
  3.751	-21.032	 -5.097       
  0.742	-22.378	 -3.158       
 -0.310	-25.981	 -2.922       
 -3.583	-27.220	 -1.455       
 -3.457	-30.496	  0.502       
 -5.427	-32.710	  2.980       
 -5.705	-31.059	  6.430       
 -5.214	-34.422	  8.126       
 -1.965	-35.304	  6.302       
 -0.161	-32.374	  7.933       
  2.171	-33.952	 10.504       
  2.675	-37.042	  8.384       
  3.198	-35.975	  4.768       
  6.429	-34.099	  4.187       
  5.881	-31.063	  1.991       
  8.801	-29.634	  0.023       
  8.950	-27.021	 -2.685       
 11.768	-27.443	 -5.154       
 12.779	-24.017	 -6.322       
 15.082	-23.532	 -9.275       
 16.794	-20.463	-10.666       
 18.645	-21.720	-13.771       
 20.033	-18.193	-14.439       
 21.999	-18.243	-11.142       
 22.470	-22.017	-10.980       
 20.780	-22.036	 -7.553       
 18.423	-24.670	 -6.104       
 16.406	-24.698	 -2.889       
 14.326	-27.492	 -1.464       
 12.396	-25.653	  1.251       
 10.478	-27.910	  3.621       
  7.200	-26.318	  4.732       
  6.103	-27.249	  8.258       
  2.980	-26.404	 10.357       
  3.156	-23.386	 12.735       
