BRIEF 3GRW A 206              
 58.398	 -0.966	-66.193  1.179
 56.917	  1.079	-63.327  1.600
 54.757	  4.218	-63.732 -1.083
 52.370	  6.332	-61.596  1.054
 48.693	  5.648	-62.412 -0.140
 47.900	  9.306	-61.584 -0.722
 51.170	 11.266	-61.937 -0.988
 49.273	 14.559	-61.429  0.574
 48.329	 13.554	-57.854 -0.840
 52.049	 13.006	-57.133  0.244
 53.048	 16.725	-57.234  0.146
 52.218	 17.282	-53.554  0.125
 55.019	 16.210	-51.184 -0.062
 54.720	 18.254	-47.942 -0.001
 52.250	 17.241	-45.199 -0.623
 51.737	 18.721	-41.688 -0.356
 49.643	 16.702	-39.216  0.631
 48.669	 17.484	-35.597 -0.410
 49.839	 14.911	-33.061  0.407
 47.728	 11.823	-32.315  0.998
 46.177	 11.789	-35.763 -0.277
 46.901	  9.271	-38.528  0.339
 49.074	  9.681	-41.628  0.825
 48.732	  7.710	-44.860 -0.201
 51.235	  7.887	-47.750  0.834
 50.341	  6.299	-51.125 -0.015
 52.338	  5.710	-54.302  1.384
 49.766	  4.125	-56.647 -0.225
 51.692	  2.535	-59.491  1.243
 51.471	  0.034	-62.334 -0.828
 53.798	 -2.067	-64.452  1.455
 54.295	 -5.489	-66.049 -0.400
 55.092	 -7.362	-63.941  1.600
 53.373	 -5.498	-61.097 -1.749
 56.204	 -3.806	-59.134  1.536
 57.425	 -4.147	-55.518 -0.876
 56.957	 -1.304	-53.048  0.924
 59.207	 -0.664	-50.056  0.011
 59.461	  2.306	-47.680  1.574
 62.422	  4.357	-46.386 -0.646
 62.541	  6.928	-43.571  0.967
 65.324	  9.498	-44.052  0.760
 66.830	  7.217	-46.729  0.323
 67.143	  4.029	-44.490 -1.020
 65.001	  0.998	-44.415 -0.842
 61.787	  1.589	-42.454  0.616
 60.126	 -1.133	-40.367 -1.117
 57.345	 -1.336	-37.780 -1.224
 59.934	 -1.798	-35.014  0.061
 61.306	  1.746	-35.672 -1.148
 58.351	  3.477	-33.969  0.078
 56.226	  2.601	-30.973 -0.268
 52.806	  1.878	-32.413 -0.615
 54.344	  0.153	-35.429 -0.205
 53.173	  0.718	-38.988 -0.526
 50.422	 -0.638	-41.226 -0.316
 51.662	 -1.589	-44.714 -0.798
 49.325	 -2.209	-47.599 -0.432
 51.198	 -3.168	-50.753 -0.878
 48.149	 -3.865	-52.979  0.073
 47.038	 -0.270	-52.199 -0.508
 50.623	  1.087	-52.351  0.207
 50.235	  2.577	-48.859  0.423
 52.076	  3.173	-45.587  1.360
 49.934	  4.092	-42.572 -0.268
 51.207	  5.469	-39.235  1.435
 48.651	  5.757	-36.463 -0.930
 48.900	  8.200	-33.570  0.027
 51.719	 10.363	-34.904  0.770
 54.249	 12.030	-32.596 -0.363
 57.113	 14.533	-33.120 -0.593
 59.684	 11.713	-33.570  0.175
 57.769	 10.763	-36.768  1.585
 58.893	 13.975	-38.446  0.105
 61.036	 13.329	-41.514  1.487
 61.265	 12.081	-45.078 -0.505
 59.419	  8.981	-46.258  1.456
 60.289	  7.493	-49.640  0.755
 58.460	  4.754	-51.541  1.592
 60.703	  2.774	-53.893 -0.094
 58.570	  1.032	-56.520  1.532
 60.450	 -1.593	-58.571 -0.449
 60.213	 -4.384	-61.112  1.594
 62.942	 -6.024	-63.278 -1.245
 62.546	 -3.370	-66.016 -0.307
 62.751	 -0.262	-63.808  1.464
 62.335	  1.928	-60.761 -0.373
 60.432	  5.016	-59.578  0.391
 60.355	  6.837	-56.265 -0.034
 58.489	  9.532	-54.355  0.591
 59.582	 11.323	-51.171  0.314
 57.139	 12.907	-48.709  0.716
 58.173	 15.265	-45.948 -0.964
 56.109	 14.938	-42.754  0.853
 55.844	 17.596	-40.015 -0.418
 54.016	 16.769	-36.788  1.306
 52.681	 19.549	-34.570 -0.639
 52.422	 19.134	-30.785 -0.854
 52.221	 21.508	-27.796 -0.406
 55.112	 21.396	-25.373 -0.500
 54.319	 19.943	-21.916 -0.854
 54.911	 21.513	-18.474 -0.385
 55.531	 20.376	-14.896 -0.034
 52.426	 19.505	-12.894  1.600
 50.577	 22.262	-11.031  0.803
 49.158	 21.446	 -7.569 -1.052
 46.356	 22.974	 -5.500  0.693
 45.839	 22.136	 -1.798 -0.589
 42.569	 21.599	  0.090 -0.968
 41.627	 24.758	  2.051 -0.725
 41.669	 22.983	  5.467  0.763
 45.233	 21.665	  4.937 -0.783
 47.063	 22.089	  7.974  0.516
 44.541	 20.217	 10.248 -1.039
 43.785	 19.081	 13.808 -0.578
 41.533	 16.203	 14.957  0.819
 40.400	 14.200	 18.010 -2.400
 41.073	 10.473	 18.598 -0.071
 38.604	  8.287	 16.618  1.208
 37.556	 10.961	 14.082 -0.517
 38.011	 10.964	 10.275  0.033
 40.438	 13.277	  8.445  0.755
 40.617	 13.799	  4.664  0.011
 43.271	 15.671	  2.700  0.544
 42.506	 16.949	 -0.791 -0.689
 44.904	 17.685	 -3.617  1.477
 43.972	 18.912	 -7.095 -0.272
 46.594	 17.969	 -9.707  1.136
 46.740	 19.592	-13.160 -1.237
 49.262	 17.971	-15.569  1.382
 49.328	 18.272	-19.392 -0.034
 51.631	 15.205	-19.525  1.324
 50.659	 11.952	-17.708 -1.177
 51.528	 12.203	-13.993  1.489
 52.394	  9.654	-11.322 -0.154
 50.531	 10.882	 -8.196  0.764
 51.619	  9.833	 -4.697  0.256
 50.486	 10.551	 -1.151  1.595
 53.527	 10.222	  1.092 -0.722
 54.243	 10.461	  4.842  0.807
 57.437	 11.608	  6.567  0.255
 58.499	  8.773	  8.868 -1.383
 61.365	  8.230	 11.334  0.629
 63.394	  4.982	 10.991 -1.429
 65.397	  5.772	 14.177  0.775
 65.546	  9.486	 15.060  0.177
 65.941	  9.855	 11.290  0.852
 63.701	 12.838	 10.560 -2.395
 66.235	 12.945	  7.690 -2.408
 68.773	 10.537	  6.125 -1.584
 72.599	 10.612	  5.555 -0.548
 72.172	 12.565	  2.318  0.549
 69.698	 15.236	  1.112  0.632
 66.869	 13.301	  2.001 -2.394
 63.971	 13.308	  4.533  0.117
 62.755	  9.745	  4.999 -1.870
 59.347	  8.914	  3.518 -0.402
 56.982	  5.981	  2.927 -2.310
 54.311	  5.746	  0.234 -0.931
 50.717	  5.499	  1.409 -0.760
 49.009	  5.748	 -1.951 -1.194
 50.023	  5.779	 -5.597 -1.032
 48.369	  6.038	 -8.972 -0.136
 48.874	  7.085	-12.568 -0.947
 46.250	  9.623	-13.638 -0.143
 44.301	  8.972	-16.831 -1.221
 43.343	 12.661	-17.088 -2.051
 44.843	 16.137	-17.153 -0.203
 42.880	 17.065	-13.997 -0.811
 42.702	 14.751	-10.974 -2.383
 41.168	 15.280	 -7.525 -0.754
 43.293	 13.040	 -5.317 -0.096
 42.265	 12.299	 -1.730 -1.729
 43.864	 10.766	  1.332  1.594
 41.455	  9.421	  3.964 -1.015
 42.847	  8.724	  7.441  1.264
 40.096	  6.759	  9.268 -2.362
 39.592	  6.388	 13.027  0.268
 42.755	  8.364	 13.824  0.871
 45.215	  7.506	 16.599 -0.428
 48.315	  9.298	 17.949 -1.873
 50.317	  7.293	 15.383 -0.607
 48.573	  9.076	 12.481  1.544
 49.821	 12.555	 13.457  0.251
 52.608	 13.960	 11.263  1.376
 53.520	 15.553	  7.915 -1.133
 51.841	 14.347	  4.699  1.487
 52.739	 15.070	  1.032  0.822
 50.740	 15.148	 -2.183  1.409
 53.343	 14.644	 -4.930 -0.111
 52.853	 14.670	 -8.712  1.400
 55.616	 13.758	-11.137 -0.200
 55.491	 13.931	-14.945  1.600
 58.138	 13.753	-17.783 -0.394
 59.134	 17.400	-17.278  0.263
 59.238	 17.398	-13.457  1.568
 57.745	 17.334	 -9.974 -0.229
 55.412	 19.405	 -7.780  0.255
 54.316	 18.779	 -4.181 -0.016
 52.239	 20.232	 -1.305  0.350
 52.544	 19.506	  2.456  0.250
 49.651	 18.823	  4.870  1.093
 49.955	 18.564	  8.686 -0.852
 47.878	 16.495	 11.096  1.276
 47.955	 16.652	 14.880 -0.186
 45.805	 14.158	 16.835  1.476
BRIEF 3GRW L 214              
 23.322	 14.129	-47.825       
 24.891	 10.827	-48.897       
 22.698	  7.824	-48.101       
 24.219	  4.517	-47.003       
 22.042	  1.455	-47.523       
 22.894	 -1.694	-45.565       
 21.819	 -5.238	-46.373       
 20.483	 -7.364	-44.977       
 18.702	 -5.586	-42.115       
 18.996	 -8.814	-40.142       
 20.397	-12.292	-40.363       
 20.575	-15.425	-38.226       
 23.842	-17.360	-38.011       
 25.734	-19.995	-36.050       
 29.096	-19.786	-34.338       
 31.656	-20.794	-37.013       
 29.752	-19.265	-39.949       
 31.205	-16.810	-42.436       
 29.085	-13.625	-42.387       
 29.028	-10.934	-45.098       
 27.268	 -7.574	-44.654       
 27.061	 -5.007	-47.461       
 26.798	 -1.233	-47.451       
 26.025	  0.823	-50.585       
 26.721	  4.561	-50.933       
 24.309	  6.748	-53.004       
 27.388	  8.324	-54.559       
 31.167	  7.750	-54.684       
 32.816	  7.972	-51.250       
 36.274	  6.762	-52.292       
 37.367	  4.559	-49.311       
 36.138	  6.859	-46.515       
 33.961	  4.171	-44.831       
 34.066	  2.911	-41.206       
 32.333	 -0.079	-39.547       
 30.962	 -0.189	-35.993       
 29.713	 -2.900	-33.658       
 26.956	 -2.108	-31.100       
 25.510	 -4.305	-28.350       
 22.191	 -3.555	-26.581       
 22.533	 -0.745	-24.028       
 26.138	  0.007	-25.071       
 28.014	  2.541	-27.155       
 29.165	  1.651	-30.635       
 32.688	  0.263	-30.980       
 34.989	  0.922	-33.955       
 36.135	 -2.095	-35.999       
 37.412	 -0.779	-39.301       
 38.374	  2.523	-40.914       
 39.279	  3.570	-44.491       
 37.134	  0.663	-45.801       
 39.697	 -2.058	-45.102       
 41.975	 -1.007	-42.169       
 41.526	 -2.901	-38.938       
 41.565	 -0.774	-35.818       
 44.244	 -1.890	-33.373       
 43.173	 -4.642	-30.963       
 40.185	 -5.752	-33.122       
 40.212	 -9.490	-33.983       
 41.533	-10.406	-37.444       
 38.414	-12.447	-38.304       
 36.921	 -9.006	-39.135       
 37.766	 -7.485	-42.513       
 36.401	 -4.843	-44.882       
 36.639	 -4.276	-48.622       
 35.277	 -1.898	-51.213       
 35.743	  1.375	-52.987       
 33.487	  3.952	-54.579       
 29.938	  2.892	-53.766       
 30.062	 -0.787	-52.667       
 31.525	 -1.939	-49.339       
 31.447	 -5.199	-47.428       
 32.190	 -6.319	-43.879       
 33.156	-10.000	-43.465       
 33.420	-12.013	-40.273       
 35.428	-15.085	-41.284       
 34.307	-17.403	-38.468       
 31.644	-15.976	-36.156       
 32.265	-16.101	-32.380       
 29.720	-15.965	-29.485       
 30.746	-12.385	-28.657       
 30.035	-11.237	-32.261       
 26.210	-11.313	-32.048       
 25.399	 -7.591	-32.182       
 24.321	 -4.888	-34.655       
 26.788	 -3.551	-37.228       
 26.722	 -0.118	-38.815       
 28.614	  1.345	-41.739       
 29.371	  5.048	-41.944       
 30.839	  7.342	-44.592       
 32.992	 10.352	-43.746       
 33.829	 11.303	-47.352       
 31.848	 14.537	-46.835       
 30.192	 16.470	-44.010       
 27.725	 15.422	-42.717       
 29.021	 11.913	-42.147       
 26.113	  9.465	-42.472       
 25.355	  5.994	-41.139       
 23.702	  2.939	-42.615       
 20.594	  1.644	-40.851       
 22.242	 -1.361	-39.161       
 22.408	 -5.125	-39.519       
 21.390	 -7.263	-36.568       
 23.262	-10.579	-36.417       
 21.317	-13.022	-34.245       
 21.879	-16.615	-33.065       
 20.307	-19.505	-34.931       
 18.703	-22.270	-32.885       
 15.977	-24.910	-33.222       
 12.257	-24.058	-33.402       
 10.581	-23.710	-29.992       
  6.843	-23.180	-29.433       
  5.849	-20.483	-26.930       
  4.471	-21.388	-23.529       
  1.420	-19.119	-23.264       
  0.200	-17.688	-19.938       
 -2.641	-15.183	-19.258       
 -2.908	-12.764	-16.291       
 -6.127	-10.985	-15.321       
 -5.863	 -7.442	-13.819       
 -4.849	 -7.380	-10.139       
 -7.528	 -6.528	 -7.582       
 -5.023	 -3.797	 -6.579       
 -5.086	 -2.236	-10.074       
 -8.856	 -2.721	-10.537       
 -9.978	 -0.614	 -7.553       
 -8.447	  2.418	 -9.281       
-10.682	  2.334	-12.394       
 -8.119	  0.640	-14.673       
 -7.592	 -2.861	-16.060       
 -4.522	 -4.347	-17.799       
 -4.760	 -7.908	-19.140       
 -1.351	 -9.456	-19.874       
 -0.699	-12.370	-22.263       
  2.814	-13.866	-22.031       
  4.447	-15.913	-24.788       
  7.517	-17.382	-23.142       
 10.697	-18.873	-24.579       
  9.919	-19.241	-28.276       
 11.920	-19.270	-31.495       
 11.925	-17.816	-34.093       
 10.761	-14.264	-33.255       
  7.794	-14.159	-35.598       
  4.467	-14.692	-33.751       
  0.869	-13.444	-34.094       
 -1.186	-12.647	-30.977       
 -4.885	-11.738	-31.126       
 -7.219	-10.765	-28.340       
-10.869	-11.867	-28.159       
-13.323	-10.557	-25.522       
-16.526	-12.653	-25.186       
-15.369	-14.124	-28.523       
-15.183	-10.783	-30.400       
-11.814	-10.003	-32.053       
-10.269	 -6.870	-30.508       
 -8.369	 -4.221	-32.408       
 -6.483	 -1.076	-31.364       
 -6.441	 -1.732	-27.597       
 -3.266	 -3.805	-27.138       
  0.507	 -3.266	-27.232       
  3.303	 -5.805	-27.689       
  6.863	 -5.815	-26.363       
  9.569	 -8.426	-27.085       
 12.821	 -9.294	-25.336       
 16.245	 -9.824	-26.964       
 17.508	-13.380	-27.316       
 17.821	-15.090	-23.929       
 21.315	-15.268	-22.398       
 21.069	-19.050	-21.798       
 18.748	-20.525	-24.465       
 18.604	-17.908	-27.296       
 14.783	-17.711	-27.256       
 12.458	-14.702	-27.314       
  9.644	-13.767	-24.950       
  6.769	-11.466	-25.766       
  4.123	 -9.588	-23.803       
  0.803	 -8.426	-25.217       
 -1.158	 -6.126	-22.899       
 -4.858	 -5.314	-23.402       
 -5.926	 -2.009	-21.779       
 -9.599	 -1.420	-20.824       
-11.400	  0.873	-18.367       
-12.590	 -0.849	-15.185       
-16.178	 -0.308	-16.358       
-15.513	 -1.932	-19.758       
-13.597	 -4.768	-18.119       
-16.600	 -5.526	-15.839       
-19.024	 -5.481	-18.819       
-17.527	 -8.797	-20.111       
-16.879	-12.364	-18.942       
-14.369	-14.197	-21.203       
-10.845	-12.960	-22.037       
 -8.688	-14.903	-24.500       
 -5.376	-14.473	-26.323       
 -4.842	-16.520	-29.428       
 -1.250	-17.290	-30.469       
  0.045	-18.311	-33.872       
  3.643	-19.472	-34.167       
  5.681	-21.850	-36.438       
  6.305	-24.277	-33.541       
  2.555	-24.839	-33.196       
  0.671	-26.791	-35.934       
 -2.485	-24.837	-35.039       
 -3.142	-21.647	-33.009       
 -3.291	-21.940	-29.197       
 -5.863	-20.069	-27.076       
 -5.379	-19.143	-23.436       
 -8.369	-17.668	-21.588       
-10.071	-16.920	-18.299       
-13.559	-15.989	-17.054       
-13.655	-12.717	-15.179       
-13.673	-13.192	-11.376       
-13.693	-16.990	-11.318       
-12.176	-19.848	 -9.311       
BRIEF 3GRW H 230              
 42.117	  3.647	-24.395       
 40.521	  7.110	-24.255       
 37.458	  7.083	-21.972       
 34.606	  9.583	-22.301       
 31.841	 10.250	-19.818       
 28.703	 12.172	-20.895       
 26.578	 13.996	-18.349       
 23.639	 16.402	-18.106       
 20.871	 14.311	-19.669       
 17.266	 14.456	-18.442       
 13.712	 15.653	-19.025       
 13.132	 18.998	-20.662       
 10.032	 20.672	-22.082       
  9.566	 21.469	-25.764       
 11.157	 24.867	-26.490       
 13.610	 24.392	-23.603       
 17.405	 24.264	-23.367       
 19.889	 21.671	-22.107       
 23.664	 21.532	-21.932       
 25.476	 18.205	-22.105       
 29.072	 17.753	-21.106       
 31.625	 15.197	-22.315       
 34.694	 14.651	-20.111       
 37.625	 12.954	-21.928       
 40.596	 11.134	-20.415       
 44.066	 11.274	-21.942       
 46.530	 13.955	-22.963       
 45.813	 14.506	-26.687       
 42.453	 16.420	-26.368       
 43.854	 19.565	-27.979       
 45.184	 18.045	-31.227       
 42.100	 15.812	-31.895       
 38.313	 16.518	-32.031       
 35.005	 15.554	-30.389       
 31.883	 14.444	-32.282       
 28.337	 14.101	-30.910       
 26.015	 11.409	-32.318       
 22.503	 10.467	-31.134       
 20.315	  7.377	-31.143       
 16.552	  7.725	-30.829       
 14.935	  4.907	-28.794       
 14.903	  1.693	-30.869       
 16.441	  3.576	-33.816       
 19.729	  4.050	-35.704       
 22.640	  6.445	-35.348       
 22.495	 10.082	-36.367       
 25.546	 12.410	-36.389       
 24.810	 15.714	-34.596       
 28.073	 17.602	-35.113       
 31.832	 17.888	-34.619       
 34.398	 20.294	-33.173       
 37.816	 19.614	-34.728       
 40.236	 20.084	-33.209       
 38.744	 20.908	-29.825       
 40.159	 24.459	-30.161       
 39.047	 24.570	-33.834       
 35.907	 24.910	-35.988       
 32.461	 23.278	-35.824       
 30.080	 21.518	-38.193       
 26.447	 20.474	-37.574       
 23.712	 18.271	-39.057       
 21.025	 20.265	-40.924       
 18.410	 18.983	-38.447       
 20.190	 20.812	-35.598       
 21.689	 23.951	-37.225       
 20.927	 27.208	-35.396       
 19.648	 25.281	-32.368       
 22.671	 23.216	-31.184       
 26.180	 24.494	-30.473       
 29.389	 22.589	-29.679       
 32.203	 24.050	-27.613       
 35.134	 22.810	-25.541       
 37.285	 23.823	-22.589       
 40.790	 22.574	-23.360       
 41.979	 23.208	-19.792       
 39.318	 20.727	-18.577       
 39.457	 18.239	-21.489       
 35.670	 18.723	-21.630       
 33.483	 19.289	-24.673       
 29.839	 20.579	-24.520       
 26.602	 20.364	-26.498       
 24.364	 23.367	-25.948       
 20.873	 22.380	-27.047       
 18.315	 25.159	-27.495       
 14.758	 25.259	-28.803       
 14.386	 21.519	-28.231       
 11.713	 19.388	-29.935       
 10.147	 16.015	-29.098       
 12.167	 14.435	-31.946       
 15.480	 15.402	-30.298       
 14.581	 12.680	-27.781       
 17.532	 10.250	-27.814       
 20.621	  8.813	-26.257       
 23.441	 11.324	-26.918       
 26.993	 10.039	-27.354       
 30.292	 11.937	-27.592       
 33.223	 10.409	-29.459       
 36.958	 11.107	-29.762       
 37.530	 12.028	-33.386       
 40.835	 12.015	-35.259       
 41.633	 12.627	-38.924       
 43.486	 10.603	-41.548       
 45.828	 12.957	-43.412       
 46.721	 11.933	-46.964       
 48.001	 14.130	-49.817       
 46.675	 11.722	-52.465       
 43.014	 12.543	-51.776       
 41.027	 15.780	-51.383       
 39.371	 14.712	-48.103       
 40.410	 14.093	-44.509       
 38.611	 11.021	-43.213       
 37.317	 11.604	-39.683       
 37.304	  8.548	-37.475       
 35.247	  8.281	-34.273       
 37.115	  5.642	-32.294       
 36.241	  5.934	-28.594       
 32.628	  6.723	-27.510       
 31.162	  7.465	-24.109       
 28.411	  5.472	-22.385       
 25.703	  7.930	-23.502       
 23.239	 10.252	-21.781       
 19.457	 10.208	-22.212       
 17.667	 13.387	-23.228       
 13.859	 13.259	-23.177       
 11.843	 16.136	-24.697       
  8.192	 16.081	-23.513       
  5.480	 18.114	-21.783       
  4.995	 15.200	-19.339       
  6.011	 15.713	-15.698       
  8.309	 13.327	-13.966       
  6.139	 10.528	-12.500       
  6.845	  7.392	-10.472       
  5.302	  4.048	-11.460       
  2.471	  2.026	-10.084       
  3.586	 -1.560	 -9.490       
  1.028	 -4.346	 -9.717       
  1.470	 -8.105	 -9.210       
  0.999	-10.581	-12.039       
 -0.005	-13.437	 -9.746       
  0.869	-17.052	-10.474       
 -2.246	-19.185	-11.086       
 -3.440	-22.340	-12.887       
 -3.690	-20.108	-16.020       
  0.079	-19.411	-15.623       
  1.162	-23.018	-14.806       
  2.476	-25.612	-17.273       
  4.542	-28.719	-16.562       
  6.031	-28.165	-13.116       
  6.543	-24.450	-13.834       
  4.654	-21.270	-12.885       
  4.980	-17.773	-14.415       
  4.600	-14.682	-12.262       
  5.576	-11.028	-12.554       
  5.118	 -7.321	-11.905       
  3.484	 -4.703	-14.083       
  5.340	 -1.371	-13.841       
  2.813	  1.096	-15.192       
  2.541	  4.815	-15.893       
  5.996	  6.298	-15.236       
  7.968	  9.066	-16.915       
 10.669	  9.465	-18.089       
 12.720	  6.339	-18.791       
 14.443	  4.413	-17.251       
 13.082	  1.923	-14.767       
 15.128	 -0.990	-13.327       
 13.626	 -4.212	-11.975       
 15.198	 -6.937	 -9.811       
 13.814	-10.035	 -8.145       
 14.473	-11.033	 -4.512       
 17.060	 -8.221	 -4.321       
 19.184	 -9.763	 -7.143       
 19.133	-13.305	 -5.724       
 16.628	-14.478	 -8.396       
 18.071	-14.069	-11.920       
 17.331	-17.431	-13.637       
 14.284	-17.353	-15.959       
 13.784	-13.576	-15.546       
 12.469	-11.621	-18.548       
 12.093	 -7.820	-18.324       
 10.442	 -6.351	-21.381       
 11.361	 -3.058	-23.002       
  9.045	 -0.159	-22.094       
  6.283	  0.920	-24.444       
  4.869	  4.394	-24.674       
  1.155	  4.157	-23.841       
 -1.692	  6.171	-25.396       
 -1.424	  8.388	-22.249       
  2.131	  9.444	-23.144       
  3.406	  7.494	-20.098       
  5.645	  4.401	-20.084       
  4.745	  0.870	-18.990       
  6.656	 -2.452	-18.834       
  6.319	 -5.896	-17.311       
  8.992	 -8.114	-15.695       
  8.302	-11.868	-15.438       
  9.935	-14.981	-14.009       
  9.218	-18.716	-14.275       
  9.730	-20.827	-11.109       
  9.021	-24.398	 -9.890       
  5.309	-24.445	 -9.027       
  6.242	-26.477	 -5.894       
  8.209	-23.401	 -4.678       
  4.932	-21.483	 -4.506       
  3.987	-21.761	 -0.819       
  7.506	-22.176	  0.566       
  9.329	-19.417	 -1.380       
  8.792	-15.648	 -1.358       
  8.966	-13.654	 -4.606       
  9.412	 -9.891	 -4.524       
 10.066	 -7.538	 -7.436       
 12.282	 -4.552	 -6.623       
 11.474	 -1.544	 -8.793       
 13.685	  1.589	 -8.987       
 12.727	  4.790	-10.897       
 15.657	  7.174	-10.361       
 14.075	 10.208	-12.091       
 11.322	 10.367	 -9.448       
 13.472	  8.829	 -6.639       
 10.869	  6.047	 -6.417       
 11.727	  2.637	 -4.989       
  8.952	  0.040	 -4.655       
  9.061	 -3.571	 -3.487       
  6.106	 -5.817	 -4.283       
  5.531	 -9.331	 -2.963       
  3.916	-11.523	 -5.622       
  1.747	-14.434	 -4.424       
 -1.266	-16.475	 -5.687       
 -4.771	-14.962	 -5.330       
 -6.789	-16.714	 -2.576       
-10.398	-17.358	 -3.730       
