BRIEF 3KJ4 A 283              
 91.846	 34.576	 26.154  0.809
 91.640	 30.778	 25.404  1.091
 89.822	 27.933	 27.205  0.129
 90.241	 27.890	 31.041  0.055
 93.092	 30.408	 31.516  1.112
 93.355	 33.402	 33.800  0.032
 93.919	 36.797	 32.125  0.901
 94.677	 40.003	 34.125  0.325
 96.316	 43.382	 33.379 -0.581
 97.677	 44.439	 36.768  0.022
100.380	 44.243	 37.887  0.450
101.510	 43.120	 34.405  0.325
 99.501	 41.706	 31.517 -0.561
 99.328	 37.996	 32.126 -1.157
 98.212	 34.643	 30.732 -0.922
 98.070	 32.004	 33.438 -0.461
 97.334	 28.541	 32.058  0.959
 98.809	 26.314	 34.762 -0.739
 98.107	 22.546	 34.440 -0.698
 95.157	 22.747	 32.068  0.233
 96.247	 19.457	 30.523 -0.757
 97.415	 21.193	 27.338  0.950
 99.004	 19.024	 24.610  0.505
100.936	 21.924	 23.170 -0.052
101.458	 25.661	 23.092  0.841
 97.976	 27.311	 22.857  1.145
 96.656	 29.569	 20.165 -0.492
 94.973	 32.644	 21.592 -0.347
 97.649	 34.209	 23.859  0.260
 97.375	 38.001	 23.478  0.522
100.328	 39.899	 21.918 -0.685
 99.963	 42.387	 24.774 -0.390
101.039	 39.469	 27.100  0.759
103.776	 40.458	 29.541 -0.007
103.909	 37.155	 31.344 -2.668
102.975	 33.739	 30.065  1.220
102.596	 30.853	 32.490 -1.231
102.315	 27.544	 30.646  1.196
103.623	 25.262	 33.404 -0.728
102.503	 21.855	 34.555 -1.214
100.787	 21.268	 31.234  1.440
101.785	 18.309	 28.984 -0.877
103.365	 20.078	 26.012  1.010
105.997	 18.102	 24.080  0.385
107.462	 20.804	 21.767 -0.023
107.864	 24.551	 21.525  0.476
107.234	 25.315	 17.843  0.158
109.293	 27.739	 15.761 -0.025
108.239	 31.298	 16.742 -0.624
105.607	 30.379	 19.318  0.283
105.524	 33.568	 21.345  0.819
106.748	 35.757	 18.477 -0.024
103.736	 38.113	 18.599  0.027
104.196	 39.019	 22.279  0.974
106.996	 41.531	 21.765 -0.208
106.552	 42.561	 25.380 -0.140
107.271	 39.259	 27.053  1.290
109.511	 39.603	 30.188 -0.315
108.613	 36.346	 31.993 -2.672
107.647	 33.006	 30.476  1.264
107.456	 29.632	 32.264 -1.362
107.314	 26.284	 30.565  1.001
108.484	 24.087	 33.394 -1.243
107.032	 20.704	 34.434 -2.509
105.679	 19.716	 31.034  1.440
106.747	 16.793	 28.865 -0.226
109.289	 18.577	 26.663  0.905
111.021	 16.451	 24.036  0.491
112.558	 19.344	 22.030 -0.169
112.559	 23.119	 21.806  1.095
112.844	 24.209	 18.177 -0.049
115.987	 26.281	 17.534 -0.905
114.192	 29.605	 16.946 -0.407
111.397	 29.101	 19.492  0.551
112.202	 32.288	 21.374  1.011
112.645	 34.396	 18.278  0.014
111.038	 37.847	 18.583 -0.099
111.469	 38.065	 22.372  0.863
113.984	 40.922	 22.872 -0.654
112.713	 41.824	 26.363 -0.502
112.380	 38.320	 27.894  1.311
113.777	 38.464	 31.429 -0.650
112.806	 35.192	 33.026 -2.672
112.790	 31.851	 31.297  1.212
111.925	 28.643	 33.180 -2.637
112.334	 25.292	 31.376  1.135
112.662	 22.689	 34.138 -1.237
111.088	 19.394	 35.428  0.770
111.137	 18.542	 31.653 -1.218
112.809	 15.106	 32.330  1.358
113.093	 13.725	 28.796 -0.608
114.164	 16.871	 26.809  0.804
117.948	 16.029	 26.628  0.391
119.340	 18.553	 24.002 -0.122
118.903	 22.292	 23.281  0.641
120.017	 23.482	 19.836  0.049
123.057	 25.755	 20.504 -0.546
121.306	 28.661	 18.688 -0.237
118.150	 28.495	 20.862  0.248
119.073	 31.545	 22.973  0.770
120.499	 33.819	 20.338 -0.007
119.567	 37.451	 20.961 -0.072
117.680	 37.136	 24.307  1.068
119.643	 40.224	 25.247 -0.115
117.750	 41.388	 28.316 -0.289
117.512	 37.972	 30.020  1.297
117.988	 38.052	 33.881 -0.993
117.347	 34.419	 34.849 -2.672
117.396	 31.108	 33.012  1.312
116.285	 27.761	 34.462 -2.672
117.411	 24.430	 33.001  0.945
117.428	 22.642	 36.419 -1.494
116.776	 18.892	 35.848 -1.377
116.219	 18.270	 32.050  1.394
118.528	 15.277	 31.431 -0.290
120.840	 17.454	 29.288  0.816
123.599	 15.274	 27.869  0.136
125.691	 17.897	 26.070  0.157
126.338	 21.631	 26.383  0.869
126.526	 22.703	 22.725  0.506
129.325	 25.101	 21.644 -1.214
128.256	 28.708	 22.317 -0.411
124.800	 27.982	 23.697  0.218
124.964	 30.831	 26.230  0.854
126.502	 33.092	 23.620  0.305
125.565	 36.750	 23.992 -0.074
123.697	 36.405	 27.283  0.948
125.351	 39.642	 28.510 -0.137
122.941	 40.250	 31.414 -0.189
122.408	 36.647	 32.646  1.291
122.592	 36.502	 36.462 -0.779
121.229	 33.137	 37.585 -2.672
121.979	 29.897	 35.802  1.294
120.353	 26.747	 36.924 -2.672
121.833	 23.599	 35.418  0.950
121.647	 21.115	 38.344 -0.981
120.340	 17.486	 38.230 -1.285
121.068	 16.800	 34.559  1.326
123.351	 14.348	 32.787 -0.346
126.065	 16.828	 31.748  0.849
129.205	 14.787	 31.035  0.154
131.795	 17.401	 30.214  0.061
132.398	 21.111	 30.494  0.764
133.568	 22.657	 27.208  0.411
135.981	 25.611	 27.392 -0.654
134.529	 29.140	 27.343 -0.465
131.021	 27.625	 27.746  0.121
129.942	 30.642	 29.826  0.772
132.483	 33.184	 28.461  0.159
129.909	 35.836	 27.397 -0.187
128.214	 35.698	 30.851  1.040
129.443	 39.033	 32.177 -0.313
127.068	 39.477	 35.102 -0.093
126.431	 35.902	 36.196  1.223
126.552	 35.837	 40.023 -0.701
124.921	 32.511	 40.853 -2.672
125.919	 29.473	 38.706  1.114
124.311	 26.098	 39.608 -2.672
125.849	 22.865	 38.502  1.053
125.329	 20.234	 41.125 -1.056
124.073	 16.709	 40.676 -2.231
125.512	 16.065	 37.234  1.439
128.190	 13.625	 35.937 -0.325
131.046	 16.020	 35.173  0.950
134.407	 14.204	 35.400  0.262
136.915	 17.108	 35.225  0.272
137.328	 20.877	 35.086  0.296
139.467	 22.089	 32.149  0.163
141.626	 25.261	 32.220 -0.144
139.336	 27.631	 30.345 -0.308
135.951	 26.228	 31.456  0.199
134.955	 29.050	 33.807  0.856
136.744	 31.800	 31.868  0.254
134.809	 35.089	 31.799  0.114
132.596	 34.692	 34.929  1.093
134.197	 37.877	 36.152 -0.339
131.413	 38.651	 38.653 -0.307
130.328	 35.172	 39.853  1.414
129.300	 34.860	 43.523 -0.968
127.944	 31.437	 44.426 -2.672
129.451	 28.528	 42.431  1.299
127.959	 25.107	 43.211 -2.672
129.743	 22.137	 41.760  1.074
128.944	 19.479	 44.328 -1.729
127.405	 16.065	 43.733 -1.169
129.270	 15.082	 40.552  1.402
131.685	 12.365	 39.308 -0.355
134.561	 15.074	 39.253  0.787
138.207	 13.743	 39.357  0.253
140.758	 16.427	 38.429 -0.064
140.613	 20.188	 38.639  0.749
142.844	 22.047	 36.200  0.556
145.430	 24.258	 37.976 -1.228
144.791	 27.676	 36.376 -0.301
140.990	 26.943	 36.400  0.506
139.452	 29.566	 38.714  0.931
141.612	 32.507	 37.547  0.256
138.795	 34.743	 36.204  0.244
136.871	 34.386	 39.507  1.091
137.996	 37.307	 41.638 -0.177
134.612	 37.780	 43.394 -0.367
133.796	 34.090	 44.124  1.192
132.233	 33.758	 47.611 -0.662
130.719	 30.269	 47.921 -2.672
132.318	 27.096	 46.525  1.177
130.859	 23.699	 47.130 -2.672
133.060	 20.893	 45.831  1.093
131.740	 18.099	 48.053 -1.177
130.516	 14.647	 46.972 -1.207
132.948	 14.303	 44.030  1.440
135.955	 12.066	 42.996  0.205
138.672	 14.633	 43.849  0.768
141.654	 12.776	 45.317  0.330
143.832	 15.881	 45.556  0.346
143.727	 19.587	 44.741  0.642
147.052	 20.926	 43.260  0.691
148.948	 23.972	 44.591  0.230
148.045	 26.784	 42.201 -0.359
144.246	 26.207	 42.289  0.093
142.490	 27.962	 45.125  0.772
144.538	 31.164	 45.367  0.089
142.641	 33.495	 42.926  0.044
139.536	 33.281	 45.162  0.965
140.614	 36.469	 46.885 -0.642
137.131	 36.850	 48.442  0.248
135.962	 33.266	 49.127  0.911
133.994	 33.054	 52.346 -0.771
132.536	 29.510	 52.289 -2.672
134.069	 26.207	 51.072  0.694
133.080	 22.533	 51.098 -1.550
135.365	 19.598	 50.368  0.906
133.840	 16.779	 52.423 -0.993
133.610	 13.110	 51.276 -0.873
136.145	 13.056	 48.463  1.440
138.602	 10.148	 48.192  1.169
141.275	 12.583	 49.438  0.871
144.762	 11.013	 49.390  0.458
146.549	 12.561	 52.350  1.431
150.264	 12.622	 51.477  0.950
152.795	 15.135	 49.966  1.387
150.263	 16.196	 47.281  0.063
147.954	 17.641	 49.941  0.779
150.732	 19.642	 51.683  0.585
150.175	 22.431	 49.105 -0.237
146.405	 22.301	 49.807  0.654
147.020	 21.879	 53.511  0.039
149.043	 25.070	 53.763  0.050
146.079	 26.791	 52.164  0.073
143.465	 25.732	 54.756  0.535
145.725	 27.109	 57.525 -0.012
145.893	 30.623	 56.068 -0.568
142.180	 30.627	 55.094 -0.192
140.390	 32.540	 57.874  0.130
136.877	 32.416	 56.340 -0.650
134.638	 29.349	 56.674  0.090
135.827	 26.004	 55.259  0.933
134.513	 22.568	 56.207  0.130
136.009	 19.220	 57.202 -0.173
138.351	 17.656	 54.686  0.727
138.255	 14.005	 55.670  0.400
141.011	 11.723	 54.396  0.793
140.839	  8.075	 53.256 -0.120
144.436	  7.326	 52.218  0.165
146.968	  6.060	 53.104  0.987
144.968	  3.193	 54.767 -0.581
146.825	  4.262	 57.975 -0.353
145.237	  7.772	 57.965  0.169
141.494	  7.075	 57.456 -0.127
138.707	  9.550	 58.324  0.095
140.905	 12.333	 59.638  0.325
140.005	 15.948	 58.906 -0.144
143.062	 17.415	 57.246  0.876
142.644	 20.841	 58.864 -1.186
143.553	 19.326	 62.259 -1.228
146.598	 17.413	 60.942  0.787
150.242	 18.292	 61.465 -0.652
152.463	 18.806	 58.405 -0.141
155.035	 16.168	 59.278 -0.292
152.023	 13.817	 59.510 -0.532
151.725	 13.760	 55.721  0.845
154.278	 11.362	 54.218 -1.007
156.632	 12.116	 51.310 -2.171
158.230	 12.128	 48.861 -0.486
BRIEF 3KJ4 D 283              
 20.342	 97.332	 71.722       
 20.389	 93.464	 70.987       
 18.449	 90.711	 72.851       
 19.007	 90.613	 76.666       
 21.996	 92.939	 76.899       
 22.382	 96.025	 79.051       
 22.859	 99.370	 77.318       
 23.576	102.487	 79.385       
 25.304	105.837	 78.823       
 26.487	107.076	 82.171       
 29.238	106.752	 83.121       
 30.638	105.712	 79.692       
 28.617	104.193	 76.865       
 28.438	100.477	 77.394       
 27.087	 97.173	 76.065       
 26.951	 94.484	 78.719       
 26.310	 91.011	 77.390       
 27.756	 88.751	 80.126       
 26.942	 84.962	 80.015       
 24.024	 85.103	 77.590       
 25.353	 82.001	 75.827       
 26.140	 83.726	 72.513       
 27.892	 81.524	 69.906       
 29.951	 84.333	 68.430       
 30.407	 88.125	 68.497       
 26.929	 89.773	 68.166       
 25.544	 92.091	 65.524       
 23.936	 95.107	 67.116       
 26.635	 96.738	 69.229       
 26.226	100.535	 68.901       
 29.257	102.369	 67.458       
 29.086	105.028	 70.165       
 30.077	102.243	 72.584       
 32.950	103.079	 74.879       
 32.931	 99.703	 76.604       
 32.000	 96.224	 75.463       
 31.680	 93.272	 77.868       
 31.278	 89.879	 76.184       
 32.715	 87.498	 78.767       
 31.242	 84.203	 79.920       
 29.498	 83.569	 76.596       
 30.634	 80.727	 74.333       
 32.117	 82.608	 71.367       
 34.747	 80.577	 69.487       
 36.352	 83.153	 67.170       
 36.820	 86.885	 66.851       
 36.109	 87.832	 63.209       
 38.244	 90.285	 61.259       
 37.171	 93.818	 62.055       
 34.465	 92.920	 64.578       
 34.514	 96.087	 66.718       
 35.761	 98.611	 64.131       
 32.779	101.001	 63.890       
 33.044	101.588	 67.655       
 35.948	104.018	 67.174       
 35.507	105.008	 70.803       
 36.083	101.665	 72.489       
 38.447	101.863	 75.493       
 37.438	 98.684	 77.347       
 36.567	 95.320	 75.859       
 36.411	 91.950	 77.639       
 36.305	 88.573	 75.885       
 37.409	 86.310	 78.700       
 35.891	 82.985	 79.827       
 34.615	 82.112	 76.349       
 35.517	 79.190	 74.095       
 38.035	 81.082	 71.943       
 39.686	 78.824	 69.411       
 41.377	 81.713	 67.594       
 41.531	 85.465	 67.081       
 41.821	 86.789	 63.525       
 44.962	 88.858	 62.886       
 43.003	 92.001	 62.112       
 40.413	 91.414	 64.846       
 41.001	 94.658	 66.744       
 41.566	 96.858	 63.715       
 39.993	100.329	 64.235       
 40.217	100.515	 68.055       
 42.985	103.154	 68.346       
 41.570	104.139	 71.720       
 41.239	100.684	 73.338       
 42.774	100.817	 76.874       
 41.936	 97.493	 78.508       
 41.843	 94.205	 76.617       
 40.925	 90.953	 78.449       
 41.179	 87.645	 76.616       
 41.549	 85.191	 79.482       
 39.980	 81.836	 80.600       
 39.999	 80.837	 76.905       
 41.779	 77.518	 77.567       
 41.865	 76.269	 73.943       
 43.120	 79.408	 72.063       
 46.830	 78.459	 71.909       
 48.262	 80.765	 69.255       
 47.626	 84.452	 68.547       
 48.774	 85.953	 65.243       
 51.812	 88.257	 65.959       
 50.103	 91.178	 64.171       
 46.965	 90.859	 66.248       
 47.864	 93.890	 68.407       
 49.305	 96.153	 65.753       
 48.413	 99.842	 66.147       
 46.709	 99.564	 69.576       
 48.392	102.784	 70.677       
 46.642	103.792	 73.894       
 46.472	100.265	 75.525       
 47.067	100.309	 79.381       
 46.231	 96.700	 80.348       
 46.308	 93.326	 78.568       
 45.295	 89.859	 79.836       
 46.366	 86.579	 78.355       
 46.231	 84.859	 81.771       
 45.484	 81.153	 81.236       
 45.125	 80.701	 77.425       
 47.203	 77.562	 76.768       
 49.630	 79.651	 74.660       
 52.473	 77.645	 73.050       
 54.597	 80.243	 71.204       
 55.330	 83.980	 71.723       
 55.505	 84.925	 68.019       
 58.111	 87.443	 66.714       
 57.136	 91.017	 67.664       
 53.656	 90.252	 69.032       
 53.819	 93.062	 71.594       
 55.401	 95.264	 69.009       
 54.387	 98.900	 69.225       
 52.548	 98.758	 72.576       
 54.350	101.918	 73.817       
 52.224	102.633	 76.888       
 51.422	 99.126	 78.124       
 51.538	 98.810	 81.933       
 50.120	 95.440	 82.953       
 50.873	 92.280	 81.022       
 49.467	 89.020	 82.207       
 50.950	 85.894	 80.752       
 50.572	 83.498	 83.693       
 49.212	 79.932	 83.467       
 49.849	 79.210	 79.780       
 52.004	 76.559	 78.060       
 54.810	 78.950	 76.941       
 58.098	 76.992	 76.801       
 60.574	 79.483	 75.417       
 61.324	 83.193	 75.686       
 62.578	 84.949	 72.586       
 65.139	 87.770	 72.722       
 63.556	 91.234	 72.497       
 59.971	 89.912	 72.973       
 58.939	 92.893	 75.117       
 61.507	 95.265	 73.608       
 58.900	 97.947	 72.708       
 57.241	 98.014	 76.186       
 58.788	101.125	 77.775       
 56.175	101.800	 80.429       
 55.335	 98.240	 81.553       
 55.472	 98.036	 85.341       
 53.854	 94.733	 86.149       
 54.910	 91.622	 84.156       
 53.321	 88.251	 85.045       
 54.673	 85.034	 83.658       
 54.137	 82.497	 86.376       
 53.026	 78.913	 86.017       
 54.436	 78.129	 82.576       
 57.066	 75.665	 81.302       
 59.869	 78.127	 80.491       
 63.286	 76.446	 80.603       
 65.825	 79.272	 80.484       
 66.287	 83.050	 80.255       
 68.371	 84.378	 77.302       
 70.641	 87.479	 77.201       
 68.134	 89.781	 75.551       
 64.969	 88.052	 76.887       
 63.994	 91.020	 79.090       
 65.623	 93.867	 77.117       
 63.574	 97.063	 77.039       
 61.557	 97.050	 80.330       
 63.347	100.177	 81.411       
 60.586	100.903	 83.959       
 59.359	 97.529	 85.248       
 58.193	 97.101	 88.848       
 56.689	 93.701	 89.680       
 58.242	 90.696	 87.778       
 56.941	 87.178	 88.543       
 58.626	 84.136	 87.002       
 57.770	 81.575	 89.637       
 56.229	 78.109	 89.051       
 58.142	 77.218	 85.861       
 60.587	 74.555	 84.642       
 63.334	 77.376	 84.527       
 67.015	 76.191	 84.804       
 69.468	 78.840	 83.445       
 69.475	 82.617	 83.744       
 71.760	 84.367	 81.307       
 74.306	 86.346	 83.417       
 73.737	 89.887	 81.904       
 69.928	 89.220	 81.515       
 68.465	 91.682	 84.049       
 70.574	 94.634	 82.820       
 67.797	 96.864	 81.374       
 65.910	 96.458	 84.748       
 66.757	 99.517	 86.830       
 63.495	100.102	 88.737       
 62.651	 96.427	 89.508       
 61.034	 96.124	 92.998       
 59.719	 92.512	 93.207       
 61.179	 89.240	 91.860       
 59.698	 85.778	 92.387       
 61.855	 83.027	 90.943       
 60.532	 80.342	 93.265       
 59.620	 76.739	 92.318       
 61.929	 76.239	 89.266       
 64.983	 74.151	 88.181       
 67.614	 76.780	 89.189       
 70.723	 74.937	 90.480       
 72.938	 78.019	 90.819       
 72.655	 81.699	 90.013       
 75.928	 83.214	 88.615       
 77.496	 86.320	 90.175       
 76.960	 88.992	 87.506       
 73.189	 88.393	 87.501       
 71.391	 90.017	 90.413       
 73.590	 93.143	 90.431       
 71.692	 95.616	 88.236       
 68.499	 95.374	 90.314       
 69.554	 98.515	 92.088       
 65.970	 98.834	 93.412       
 65.037	 95.272	 94.466       
 62.754	 95.300	 97.554       
 61.346	 91.729	 97.583       
 63.012	 88.478	 96.474       
 61.983	 84.813	 96.403       
 64.331	 81.968	 95.611       
 62.832	 79.002	 97.515       
 62.019	 75.521	 96.094       
 64.987	 75.383	 93.733       
 67.439	 72.450	 93.643       
 70.230	 74.851	 94.718       
 73.679	 73.297	 94.583       
 75.483	 75.077	 97.472       
 79.208	 74.685	 96.615       
 81.847	 76.938	 94.893       
 79.288	 78.206	 92.339       
 76.944	 79.800	 94.894       
 79.689	 81.626	 96.789       
 79.233	 84.401	 94.181       
 75.485	 84.555	 94.998       
 75.998	 84.050	 98.737       
 78.062	 87.280	 98.876       
 75.157	 89.139	 97.314       
 72.577	 87.879	 99.843       
 74.489	 89.245	102.872       
 74.950	 92.680	101.290       
 71.198	 92.769	100.396       
 69.715	 95.112	103.002       
 66.094	 94.537	101.839       
 63.662	 91.569	101.896       
 64.851	 88.206	100.459       
 63.480	 84.777	101.381       
 65.232	 81.509	102.220       
 67.434	 79.605	 99.789       
 67.306	 76.006	100.949       
 70.031	 73.766	 99.528       
 69.678	 70.293	 97.977       
 73.270	 69.197	 97.362       
 75.668	 67.980	 98.593       
 73.718	 65.355	100.584       
 75.965	 66.644	103.424       
 74.373	 70.133	103.340       
 70.710	 69.319	102.504       
 67.894	 71.710	103.553       
 69.909	 74.648	104.833       
 69.217	 78.329	104.182       
 72.223	 79.662	102.258       
 71.766	 82.898	104.199       
 72.490	 81.427	107.619       
 75.611	 79.712	106.195       
 79.343	 80.411	106.307       
 81.566	 80.271	103.207       
 83.847	 77.821	105.045       
 80.945	 75.312	104.792       
 81.043	 75.359	100.948       
 84.037	 73.107	100.157       
 85.468	 72.875	 96.598       
 86.502	 73.837	 93.974       
BRIEF 3KJ4 L 219              
108.903	 21.603	 -3.016       
106.298	 20.149	 -0.546       
103.406	 18.243	 -2.045       
100.338	 16.280	 -1.077       
 99.145	 13.276	 -3.041       
 95.666	 11.811	 -2.651       
 94.302	  8.603	 -4.137       
 92.021	  7.454	 -5.475       
 90.297	 10.824	 -6.157       
 86.838	  9.197	 -5.933       
 85.547	  5.878	 -4.543       
 81.990	  4.566	 -4.156       
 80.743	  2.306	 -1.373       
 77.412	  1.274	  0.161       
 76.535	  2.237	  3.737       
 78.212	  0.024	  6.309       
 81.379	 -0.941	  4.385       
 84.841	  0.178	  5.663       
 87.014	  2.638	  3.681       
 90.493	  4.169	  3.443       
 91.931	  7.281	  1.867       
 95.585	  7.361	  0.933       
 97.666	 10.477	  1.484       
101.360	 10.437	  0.639       
103.417	 13.596	  1.279       
106.351	 14.949	 -0.712       
108.662	 15.278	  2.308       
108.437	 13.389	  5.642       
106.035	 15.036	  8.182       
107.317	 13.506	 11.507       
109.010	 15.693	 14.194       
112.235	 13.875	 15.089       
111.535	 13.805	 18.921       
107.965	 13.693	 20.409       
106.912	 12.042	 17.098       
103.492	 13.778	 16.610       
102.830	 14.049	 12.787       
101.736	 17.508	 11.499       
 98.887	 16.379	  9.198       
 95.140	 17.174	  9.383       
 92.027	 15.823	  7.655       
 89.002	 17.922	  6.594       
 85.535	 17.139	  5.371       
 83.957	 19.246	  2.620       
 80.295	 18.342	  2.245       
 78.687	 19.719	 -0.984       
 78.012	 23.516	 -1.083       
 79.689	 23.700	  2.280       
 83.055	 24.869	  3.580       
 85.640	 22.358	  4.899       
 85.424	 21.039	  8.439       
 88.238	 19.685	 10.599       
 87.871	 15.905	 11.139       
 91.374	 15.189	 12.363       
 94.787	 16.765	 13.107       
 98.118	 15.324	 14.343       
 97.457	 12.389	 11.952       
 95.761	 10.583	 14.734       
 93.570	 12.667	 17.075       
 89.903	 13.647	 16.551       
 88.588	 17.233	 16.794       
 85.867	 18.178	 19.254       
 82.658	 16.367	 18.427       
 83.748	 14.484	 15.267       
 81.948	 11.083	 15.540       
 84.013	  8.419	 17.331       
 83.611	  6.336	 14.073       
 86.694	  7.822	 12.304       
 90.376	  6.770	 12.360       
 93.587	  8.233	 10.920       
 96.989	  6.615	 11.172       
100.405	  6.099	  9.674       
103.661	  7.887	 10.353       
106.189	 10.010	  8.413       
104.797	  9.987	  4.876       
101.789	  7.539	  4.538       
 98.459	  8.621	  6.074       
 95.152	  6.748	  6.213       
 91.640	  8.075	  6.799       
 89.148	  5.293	  7.569       
 85.409	  5.301	  8.027       
 83.985	  2.038	  9.341       
 80.245	  1.655	  8.589       
 79.729	  4.772	  6.365       
 76.543	  6.782	  7.007       
 74.405	  8.281	  4.215       
 75.132	 11.695	  5.784       
 78.861	 11.209	  5.213       
 78.745	 12.229	  1.544       
 81.615	 14.646	  1.026       
 85.060	 15.053	 -0.459       
 87.991	 14.438	  1.869       
 91.080	 16.625	  2.036       
 94.334	 16.035	  3.963       
 96.478	 19.100	  4.879       
100.201	 19.409	  5.541       
101.263	 21.768	  8.407       
105.020	 21.134	  8.524       
106.294	 23.736	  5.999       
103.457	 26.238	  5.955       
100.208	 24.893	  4.505       
 99.880	 22.514	  1.478       
 96.681	 20.687	  0.593       
 95.934	 17.423	 -1.102       
 93.736	 17.310	 -4.153       
 90.908	 15.539	 -2.269       
 89.058	 12.218	 -2.516       
 85.290	 11.963	 -3.076       
 83.157	  9.399	 -1.334       
 80.356	  8.107	 -3.521       
 77.385	  6.202	 -2.057       
 76.176	  2.950	 -3.626       
 72.467	  2.207	 -3.379       
 69.703	  0.079	 -4.744       
 68.328	  1.370	 -8.109       
 65.533	  3.959	 -7.972       
 62.935	  5.449	-10.335       
 62.529	  9.226	-10.903       
 59.417	 11.284	-10.229       
 58.767	 13.074	-13.512       
 57.230	 16.480	-13.603       
 56.881	 18.611	-16.733       
 56.271	 22.378	-17.121       
 54.911	 24.511	-20.009       
 56.705	 27.841	-20.416       
 55.309	 30.566	-18.227       
 52.889	 33.346	-19.059       
 55.722	 35.549	-17.787       
 58.388	 34.253	-20.202       
 56.245	 33.960	-23.313       
 55.737	 37.737	-23.387       
 59.567	 37.901	-23.773       
 59.922	 36.089	-27.119       
 61.075	 32.981	-25.229       
 59.742	 29.522	-24.438       
 61.267	 26.857	-22.219       
 59.569	 23.614	-21.307       
 61.142	 22.055	-18.157       
 61.392	 18.461	-16.915       
 62.112	 17.577	-13.304       
 63.521	 14.038	-12.776       
 63.507	 13.597	 -9.032       
 65.066	 11.515	 -6.286       
 66.408	  8.664	 -8.460       
 69.525	  6.441	 -8.688       
 71.968	  5.467	-10.373       
 73.193	  8.819	-11.763       
 73.474	  7.690	-15.411       
 70.076	  8.545	-16.929       
 68.765	  9.620	-20.365       
 65.850	 11.915	-21.204       
 64.504	 12.041	-24.713       
 62.175	 14.957	-25.430       
 59.393	 14.414	-28.023       
 57.703	 17.322	-29.864       
 54.616	 16.477	-31.985       
 55.787	 12.919	-31.147       
 59.239	 13.400	-32.746       
 62.626	 14.142	-31.120       
 64.576	 17.354	-30.543       
 68.227	 17.557	-29.437       
 68.763	 21.042	-30.803       
 68.754	 23.394	-27.793       
 68.366	 21.252	-24.650       
 70.269	 21.755	-21.385       
 70.891	 19.193	-18.673       
 71.827	 19.819	-15.012       
 72.490	 17.195	-12.294       
 72.335	 17.623	 -8.586       
 74.768	 16.360	 -5.945       
 73.891	 13.027	 -4.288       
 71.337	 13.779	 -1.490       
 72.934	 14.440	  1.940       
 70.021	 12.776	  3.714       
 69.109	 10.251	  0.993       
 72.002	  9.020	 -1.319       
 69.895	 10.050	 -4.294       
 70.355	 12.105	 -7.499       
 67.941	 14.532	 -9.145       
 68.304	 16.415	-12.459       
 66.731	 18.999	-14.781       
 66.170	 19.291	-18.553       
 65.345	 22.524	-20.316       
 64.276	 22.830	-23.917       
 64.447	 26.396	-25.112       
 62.410	 26.848	-28.271       
 60.816	 30.296	-28.832       
 57.296	 31.851	-28.943       
 57.725	 32.005	-32.736       
 59.361	 28.428	-32.803       
 57.114	 27.068	-30.019       
 53.604	 28.342	-30.925       
 53.917	 25.847	-33.873       
 54.380	 22.039	-33.151       
 51.901	 21.067	-30.387       
 52.473	 18.027	-28.147       
 55.345	 18.403	-25.656       
 56.468	 15.289	-23.830       
 59.143	 13.763	-21.536       
 60.673	 10.266	-21.713       
 63.024	  8.772	-19.092       
 65.273	  5.742	-19.665       
 67.440	  4.319	-16.939       
 69.519	  1.456	-15.501       
 66.121	  0.890	-13.754       
 63.996	  1.111	-16.966       
 63.509	 -0.270	-20.481       
 59.910	  0.881	-20.892       
 60.270	  4.551	-19.698       
 58.568	  6.960	-17.250       
 56.489	  9.395	-19.353       
 54.889	 12.765	-18.627       
 53.556	 15.256	-21.254       
 51.202	 18.120	-22.262       
 49.461	 19.634	-25.341       
 49.940	 23.366	-25.973       
 46.829	 24.073	-28.177       
 44.664	 22.066	-25.737       
 43.744	 24.416	-22.803       
BRIEF 3KJ4 B 219              
 36.738	 84.980	 42.911       
 35.137	 82.463	 45.248       
 32.281	 80.965	 43.273       
 29.298	 78.977	 44.375       
 28.136	 76.072	 42.271       
 24.538	 74.842	 42.627       
 22.902	 71.749	 41.099       
 20.430	 70.333	 40.064       
 19.138	 73.569	 38.591       
 15.626	 72.243	 39.266       
 14.091	 69.340	 41.063       
 10.591	 67.950	 41.080       
  9.344	 65.508	 43.735       
  5.996	 64.472	 45.298       
  4.931	 65.199	 48.879       
  6.651	 63.093	 51.522       
  9.773	 62.281	 49.417       
 13.193	 63.609	 50.552       
 15.584	 65.727	 48.498       
 19.295	 66.609	 48.382       
 20.991	 69.806	 47.135       
 24.575	 69.903	 46.047       
 26.320	 73.157	 46.617       
 30.030	 73.338	 45.928       
 32.098	 76.474	 46.418       
 35.127	 77.571	 44.414       
 37.425	 77.983	 47.471       
 37.222	 76.150	 50.841       
 34.639	 77.911	 53.086       
 36.101	 76.649	 56.367       
 37.844	 78.235	 59.352       
 40.528	 75.763	 60.431       
 40.739	 77.193	 63.993       
 37.154	 76.643	 65.219       
 35.908	 74.126	 62.662       
 32.725	 75.956	 61.460       
 31.910	 76.595	 57.707       
 30.489	 80.032	 56.650       
 27.471	 79.125	 54.516       
 23.777	 80.037	 54.749       
 20.836	 78.634	 52.842       
 17.772	 80.679	 51.786       
 14.330	 79.876	 50.451       
 12.592	 82.203	 48.017       
  8.941	 81.415	 47.440       
  7.297	 83.006	 44.305       
  7.055	 86.878	 44.401       
  8.300	 86.730	 48.008       
 11.811	 88.106	 48.809       
 14.208	 85.382	 50.009       
 14.210	 84.230	 53.639       
 16.988	 82.892	 55.821       
 16.971	 78.977	 56.513       
 20.215	 77.469	 57.638       
 23.455	 79.340	 58.507       
 26.937	 78.107	 59.647       
 26.225	 75.132	 57.297       
 24.327	 73.176	 59.901       
 22.783	 75.446	 62.575       
 19.111	 76.215	 61.824       
 17.353	 79.598	 61.971       
 14.692	 80.879	 64.342       
 12.048	 78.184	 64.242       
 12.688	 76.857	 60.749       
 10.856	 73.514	 60.663       
 12.965	 70.979	 62.568       
 12.571	 68.982	 59.256       
 15.101	 70.962	 57.111       
 18.757	 69.761	 57.372       
 21.992	 71.438	 56.072       
 25.299	 69.478	 56.142       
 28.816	 68.922	 54.754       
 32.211	 70.538	 55.397       
 35.049	 72.200	 53.477       
 33.701	 72.853	 49.995       
 30.560	 70.632	 49.607       
 27.244	 71.488	 51.294       
 23.922	 69.760	 51.153       
 20.355	 70.793	 51.783       
 18.226	 67.709	 52.630       
 14.459	 68.001	 53.127       
 12.723	 65.035	 54.683       
  9.050	 64.755	 53.598       
  8.481	 67.829	 51.390       
  5.393	 69.919	 52.177       
  3.281	 71.217	 49.319       
  4.147	 74.486	 51.123       
  7.861	 73.973	 50.509       
  7.685	 74.905	 46.827       
 10.447	 77.437	 46.100       
 13.922	 78.009	 44.664       
 16.675	 77.564	 47.266       
 19.864	 79.592	 47.391       
 23.098	 79.085	 49.316       
 25.423	 81.975	 50.307       
 29.105	 82.064	 51.245       
 30.150	 84.493	 54.013       
 33.802	 83.378	 54.031       
 34.975	 86.317	 51.914       
 32.218	 88.821	 51.442       
 29.068	 87.495	 49.777       
 28.369	 85.224	 46.848       
 25.229	 83.240	 45.967       
 24.428	 80.029	 44.156       
 22.552	 79.897	 40.876       
 19.694	 78.379	 42.892       
 17.785	 75.113	 42.775       
 14.092	 75.166	 41.893       
 11.930	 72.690	 43.820       
  8.946	 71.824	 41.633       
  6.204	 69.749	 43.254       
  4.823	 66.652	 41.576       
  1.151	 65.682	 41.758       
 -1.757	 63.772	 40.207       
 -2.705	 64.873	 36.651       
 -5.602	 67.404	 37.028       
 -8.050	 68.845	 34.433       
 -8.521	 72.652	 34.031       
-11.515	 74.850	 34.771       
-12.124	 76.690	 31.524       
-14.061	 79.897	 31.412       
-13.967	 82.106	 28.309       
-15.213	 85.644	 28.238       
-16.180	 87.909	 25.309       
-14.655	 91.359	 25.020       
-16.052	 94.166	 27.218       
-18.197	 97.124	 26.035       
-15.306	 99.356	 27.223       
-12.715	 97.868	 24.845       
-14.953	 97.794	 21.754       
-15.077	101.594	 22.207       
-11.314	101.833	 21.417       
-11.334	 99.544	 18.409       
-10.084	 96.612	 20.503       
-11.481	 93.099	 20.887       
 -9.616	 90.884	 23.254       
-11.402	 87.657	 23.977       
 -9.966	 85.881	 27.057       
 -9.798	 82.284	 28.335       
 -8.792	 81.271	 31.869       
 -7.563	 77.704	 32.533       
 -7.745	 77.227	 36.282       
 -5.937	 75.085	 38.801       
 -4.795	 72.028	 36.537       
 -1.706	 69.691	 36.111       
  1.069	 69.616	 34.654       
  2.431	 72.986	 33.463       
  2.413	 71.814	 29.844       
 -1.123	 72.232	 28.472       
 -2.384	 73.060	 24.995       
 -5.091	 75.692	 24.346       
 -6.285	 75.959	 20.746       
 -8.637	 78.781	 19.805       
-11.387	 78.203	 17.191       
-13.522	 81.004	 15.732       
-16.414	 80.461	 13.271       
-15.385	 76.802	 13.245       
-11.764	 75.886	 12.509       
 -8.577	 77.230	 14.040       
 -6.844	 80.585	 14.514       
 -3.394	 81.107	 16.030       
 -1.604	 84.171	 14.668       
 -2.277	 86.471	 17.684       
 -2.699	 84.532	 20.993       
 -0.830	 85.512	 24.167       
 -0.128	 82.887	 26.742       
  0.779	 83.340	 30.414       
  1.372	 80.659	 33.044       
  0.844	 81.006	 36.783       
  3.653	 80.001	 39.207       
  2.607	 76.678	 40.835       
 -0.076	 77.167	 43.611       
  1.859	 77.546	 46.909       
 -0.815	 75.482	 48.636       
 -2.256	 73.298	 45.897       
  0.696	 71.960	 43.741       
 -1.350	 73.231	 40.779       
 -0.735	 75.457	 37.712       
 -3.209	 77.883	 36.068       
 -3.043	 80.009	 32.848       
 -4.575	 82.818	 30.739       
 -5.039	 82.892	 26.977       
 -5.890	 86.058	 25.069       
 -7.013	 86.172	 21.431       
 -7.063	 89.794	 20.463       
 -8.363	 91.498	 17.336       
-10.033	 94.731	 16.166       
-13.660	 95.878	 16.642       
-13.800	 95.258	 12.845       
-11.945	 91.894	 12.723       
-14.245	 91.008	 15.615       
-17.735	 92.034	 14.429       
-17.078	 89.826	 11.319       
-16.409	 86.052	 11.962       
-18.917	 85.066	 14.750       
-18.799	 82.170	 17.255       
-15.813	 82.063	 19.548       
-14.406	 79.016	 21.404       
-11.301	 77.756	 23.363       
-10.606	 74.023	 23.531       
 -8.049	 72.925	 26.128       
 -6.104	 69.787	 25.186       
 -3.598	 68.116	 27.453       
 -2.643	 64.742	 29.034       
 -5.787	 65.068	 31.187       
 -7.473	 66.234	 27.961       
 -6.873	 63.944	 24.850       
-10.639	 64.004	 24.251       
-10.684	 67.834	 25.218       
-12.473	 70.408	 27.465       
-14.337	 73.145	 25.588       
-16.169	 76.411	 26.290       
-17.721	 78.708	 23.646       
-20.102	 81.583	 22.737       
-21.733	 82.968	 19.586       
-21.253	 86.703	 19.115       
-24.490	 87.472	 17.142       
-26.390	 85.791	 20.032       
-27.397	 88.430	 22.656       
BRIEF 3KJ4 H 219              
 83.201	 31.798	 16.801       
 82.773	 32.839	 13.159       
 84.283	 34.453	 10.038       
 82.186	 36.022	  7.231       
 84.004	 36.963	  3.936       
 82.674	 39.779	  1.743       
 83.167	 42.450	 -0.921       
 83.780	 42.912	 -4.702       
 82.405	 39.694	 -6.354       
 83.240	 40.049	-10.076       
 86.681	 41.381	-11.045       
 87.861	 42.242	-14.598       
 91.229	 40.701	-15.598       
 94.384	 42.845	-15.094       
 92.752	 44.676	-12.121       
 92.375	 44.692	 -8.315       
 90.557	 42.371	 -5.866       
 89.488	 43.432	 -2.384       
 87.949	 41.083	  0.125       
 87.208	 41.659	  3.786       
 86.822	 38.953	  6.498       
 84.686	 39.974	  9.507       
 84.715	 38.030	 12.811       
 82.843	 37.189	 16.035       
 83.990	 34.953	 18.885       
 87.577	 36.247	 19.270       
 89.992	 39.215	 18.937       
 92.606	 39.775	 16.210       
 95.287	 40.533	 18.783       
 94.695	 37.097	 20.348       
 94.345	 34.863	 17.248       
 95.589	 35.062	 13.619       
 93.704	 34.695	 10.340       
 94.284	 32.716	  7.171       
 93.175	 32.759	  3.596       
 92.486	 29.624	  1.632       
 91.371	 29.606	 -1.998       
 89.479	 26.889	 -3.906       
 88.511	 26.838	 -7.612       
 84.955	 26.127	 -8.963       
 86.011	 22.445	 -9.230       
 89.522	 22.086	 -7.837       
 91.522	 21.356	 -4.673       
 92.208	 23.810	 -1.893       
 95.224	 26.063	 -2.009       
 96.472	 28.207	  0.833       
 97.150	 31.823	  0.041       
 98.611	 33.339	  3.221       
 98.190	 34.504	  6.832       
 98.364	 37.529	  9.128       
 99.524	 36.504	 12.568       
 98.431	 37.670	 16.073       
101.198	 40.258	 15.711       
101.847	 42.684	 12.827       
103.760	 40.042	 10.787       
102.593	 38.516	  7.515       
103.459	 35.391	  5.423       
101.993	 34.713	  1.935       
102.864	 31.939	 -0.617       
105.036	 33.838	 -3.186       
103.806	 31.493	 -5.915       
101.926	 34.711	 -6.529       
104.979	 36.962	 -6.961       
104.183	 40.612	 -6.037       
100.459	 39.969	 -6.199       
 99.092	 39.797	 -2.589       
 98.906	 41.890	  0.566       
 97.148	 40.971	  3.821       
 96.350	 43.874	  6.140       
 93.968	 43.884	  9.082       
 92.439	 46.600	 11.267       
 92.409	 45.467	 14.886       
 89.806	 47.760	 16.472       
 87.414	 47.419	 13.502       
 87.649	 43.609	 13.697       
 88.421	 43.221	  9.958       
 91.095	 41.426	  7.867       
 91.519	 42.757	  4.338       
 92.754	 40.567	  1.455       
 93.923	 42.705	 -1.497       
 95.063	 41.099	 -4.768       
 96.142	 43.069	 -7.878       
 96.984	 41.866	-11.433       
 94.939	 38.617	-11.568       
 94.160	 36.327	-14.472       
 91.262	 33.915	-14.852       
 93.477	 31.312	-13.001       
 92.313	 33.026	 -9.856       
 88.610	 32.456	-10.306       
 87.780	 30.544	 -7.150       
 85.939	 30.747	 -3.847       
 87.891	 32.730	 -1.239       
 87.612	 31.312	  2.250       
 89.001	 32.966	  5.327       
 89.624	 30.476	  8.080       
 91.281	 30.634	 11.401       
 93.628	 29.349	 14.023       
 95.967	 31.083	 14.294       
 99.506	 29.633	 14.754       
102.448	 28.630	 16.942       
100.137	 25.543	 17.468       
 97.220	 23.705	 19.333       
 93.877	 25.562	 19.216       
 92.958	 24.884	 15.497       
 94.310	 24.151	 11.859       
 91.580	 25.750	  9.778       
 89.117	 24.338	 12.230       
 86.946	 27.357	 11.709       
 86.065	 28.506	  8.124       
 83.838	 31.086	  6.364       
 81.167	 29.936	  3.953       
 83.568	 31.508	  1.397       
 82.998	 34.459	 -1.017       
 83.083	 33.366	 -4.746       
 85.211	 35.418	 -7.136       
 84.909	 35.340	-10.898       
 87.754	 36.708	-13.050       
 86.088	 37.650	-16.338       
 85.357	 40.862	-18.314       
 81.612	 40.431	-19.139       
 79.162	 42.962	-17.644       
 77.001	 41.775	-14.748       
 73.535	 40.576	-15.813       
 70.501	 40.217	-13.492       
 68.181	 37.142	-13.699       
 64.753	 36.609	-15.237       
 62.554	 34.391	-13.068       
 59.737	 32.216	-14.310       
 57.256	 30.287	-12.105       
 56.837	 26.667	-13.206       
 53.255	 25.766	-12.127       
 52.073	 22.343	-13.295       
 49.584	 23.271	-16.042       
 45.834	 22.281	-16.183       
 46.715	 19.185	-14.076       
 47.193	 19.093	-10.245       
 46.695	 16.277	 -9.849       
 46.844	 12.528	 -9.069       
 50.422	 12.450	 -7.660       
 49.551	 12.939	 -3.963       
 52.586	 15.272	 -3.882       
 52.285	 18.307	 -6.173       
 55.914	 19.012	 -7.198       
 56.411	 22.661	 -8.197       
 59.309	 24.700	 -9.528       
 60.970	 27.902	-10.600       
 63.296	 28.842	-13.520       
 66.106	 31.400	-12.997       
 67.318	 32.454	-16.342       
 70.105	 34.303	-18.147       
 72.242	 35.955	-15.458       
 75.887	 36.794	-14.728       
 77.948	 36.170	-12.646       
 77.401	 33.624	 -9.896       
 76.345	 32.919	 -7.295       
 72.577	 33.016	 -7.171       
 70.462	 32.120	 -4.151       
 67.040	 30.422	 -4.421       
 64.751	 30.035	 -1.402       
 61.043	 29.150	 -1.049       
 58.360	 30.853	  1.044       
 61.149	 33.178	  2.340       
 63.006	 30.158	  3.761       
 60.071	 28.250	  5.274       
 60.857	 25.376	  2.910       
 64.377	 23.899	  2.806       
 63.700	 20.210	  2.595       
 61.948	 19.069	 -0.589       
 63.761	 21.787	 -2.508       
 66.105	 20.416	 -5.139       
 68.017	 23.338	 -6.741       
 70.164	 22.548	 -9.791       
 73.569	 24.090	-10.626       
 73.689	 26.727	-13.357       
 74.411	 26.139	-17.036       
 76.418	 28.428	-19.309       
 74.381	 29.459	-22.396       
 76.334	 31.760	-24.750       
 77.879	 34.170	-22.228       
 75.051	 33.829	-19.570       
 74.262	 31.391	-16.643       
 70.808	 29.757	-16.084       
 69.362	 27.703	-13.218       
 66.202	 25.972	-12.131       
 64.874	 24.792	 -8.781       
 62.173	 22.360	 -7.825       
 60.276	 22.137	 -4.570       
 58.065	 19.147	 -3.657       
 55.411	 20.152	 -1.058       
 52.362	 18.032	 -0.071       
 49.428	 17.870	 -2.489       
 46.965	 18.997	  0.257       
 48.907	 22.251	  0.605       
 48.653	 23.550	 -2.990       
 46.622	 25.595	 -4.363       
 46.058	 26.233	 -0.586       
 49.237	 27.355	  1.321       
 50.759	 29.799	 -1.218       
 54.202	 28.676	 -2.409       
 56.782	 31.229	 -3.640       
 60.439	 31.255	 -4.925       
 62.747	 34.015	 -3.706       
 65.756	 34.202	 -5.945       
 68.167	 37.003	 -4.932       
 71.289	 38.117	 -6.862       
 73.968	 39.985	 -4.882       
 76.090	 40.803	 -7.899       
 73.308	 42.732	 -9.608       
 71.765	 44.131	 -6.367       
 68.500	 42.367	 -7.113       
 65.949	 40.606	 -4.936       
 62.958	 38.874	 -6.494       
 59.963	 37.051	 -5.087       
 57.763	 35.321	 -7.618       
 54.455	 33.831	 -6.439       
 53.396	 30.596	 -8.209       
 49.806	 30.674	 -9.539       
 47.824	 27.452	-10.260       
 46.472	 26.258	-13.634       
BRIEF 3KJ4 C 216              
  9.303	 95.582	 63.990       
 12.418	 94.937	 61.806       
 11.424	 96.645	 58.492       
 13.135	 97.285	 55.190       
 11.226	 99.088	 52.378       
 12.816	100.351	 49.102       
 11.364	103.068	 46.885       
 11.688	104.085	 43.218       
 12.802	105.340	 40.580       
 11.013	102.392	 38.937       
 12.094	103.143	 35.300       
 15.648	104.265	 34.392       
 16.789	105.843	 31.088       
 20.003	104.077	 29.820       
 23.317	105.982	 30.288       
 22.009	107.818	 33.397       
 21.783	106.990	 37.141       
 19.564	105.267	 39.772       
 18.389	106.488	 43.170       
 16.928	103.912	 45.545       
 16.045	105.123	 49.030       
 15.411	102.272	 51.528       
 13.493	103.221	 54.719       
 14.264	101.040	 57.745       
 12.274	100.636	 60.967       
 12.859	 98.923	 64.334       
 16.658	 99.171	 64.692       
 19.280	101.953	 64.743       
 21.384	102.606	 61.678       
 24.271	103.149	 64.065       
 23.685	 99.642	 65.492       
 23.360	 97.564	 62.319       
 24.684	 97.759	 58.735       
 22.746	 97.733	 55.479       
 23.270	 95.422	 52.530       
 22.117	 95.639	 48.967       
 21.149	 92.625	 46.895       
 20.092	 92.646	 43.202       
 18.040	 89.935	 41.394       
 17.183	 89.997	 37.699       
 13.879	 88.090	 37.017       
 14.655	 84.506	 35.879       
 18.236	 84.775	 37.219       
 19.810	 84.215	 40.689       
 20.678	 86.696	 43.449       
 23.902	 88.782	 43.475       
 25.393	 90.971	 46.202       
 26.032	 94.641	 45.414       
 27.666	 95.982	 48.663       
 27.424	 97.261	 52.284       
 27.280	100.362	 54.382       
 28.240	 99.453	 57.931       
 27.181	100.736	 61.384       
 30.171	103.054	 60.948       
 30.670	105.372	 57.968       
 32.973	102.810	 56.256       
 31.709	100.986	 53.173       
 32.689	 97.999	 50.996       
 31.059	 97.427	 47.648       
 31.576	 94.691	 45.098       
 34.668	 94.987	 42.876       
 32.972	 93.193	 39.935       
 31.284	 96.589	 39.780       
 34.241	 98.753	 38.722       
 32.599	102.059	 39.535       
 28.859	102.824	 39.599       
 27.277	101.909	 42.988       
 27.667	104.300	 45.912       
 25.847	103.545	 49.224       
 25.352	106.412	 51.708       
 23.014	107.087	 54.627       
 21.249	109.596	 56.887       
 21.420	108.027	 60.369       
 18.950	110.451	 62.028       
 16.302	110.025	 59.328       
 16.617	106.169	 59.296       
 17.293	106.124	 55.512       
 20.049	104.385	 53.499       
 20.658	105.428	 49.895       
 21.805	103.471	 46.864       
 23.134	105.536	 43.952       
 24.024	103.587	 40.761       
 25.028	105.197	 37.409       
 26.028	104.349	 33.810       
 23.244	101.744	 33.609       
 22.987	 99.165	 30.869       
 20.085	 96.761	 30.413       
 22.426	 94.417	 32.347       
 21.254	 96.322	 35.471       
 17.533	 95.622	 35.037       
 16.606	 93.763	 38.208       
 14.743	 93.776	 41.515       
 16.785	 95.587	 44.161       
 16.560	 94.353	 47.756       
 17.884	 96.065	 50.859       
 18.818	 93.617	 53.643       
 20.364	 93.026	 57.112       
 29.050	 88.615	 62.724       
 26.137	 86.606	 64.580       
 22.449	 87.781	 64.501       
 21.793	 88.306	 60.716       
 23.352	 86.625	 57.467       
 20.560	 88.392	 55.527       
 17.818	 87.544	 58.039       
 15.704	 90.327	 56.772       
 14.922	 91.523	 53.281       
 12.671	 94.244	 51.790       
  9.960	 93.255	 49.294       
 12.164	 94.456	 46.415       
 11.875	 97.401	 44.011       
 11.722	 96.876	 40.290       
 14.286	 98.730	 38.221       
 13.970	 98.459	 34.457       
 16.655	 99.783	 32.102       
 14.871	100.419	 28.854       
 14.769	103.609	 26.796       
 10.992	103.128	 26.311       
  8.541	105.799	 27.488       
  6.170	105.221	 30.445       
  2.542	104.244	 29.616       
 -0.558	103.660	 31.841       
 -2.884	100.599	 31.546       
 -6.478	100.350	 30.398       
 -8.441	 97.883	 32.540       
-11.427	 95.881	 31.239       
-13.778	 93.874	 33.485       
-14.503	 90.283	 32.456       
-17.872	 88.810	 33.569       
-19.425	 85.696	 31.938       
-22.267	 85.529	 29.398       
-25.471	 84.149	 31.046       
-24.341	 82.245	 33.069       
-24.144	 80.863	 35.543       
-26.299	 77.739	 36.205       
-24.647	 74.810	 38.144       
-20.787	 74.687	 38.570       
-21.717	 76.210	 41.980       
-18.790	 78.669	 41.839       
-18.783	 81.409	 39.170       
-15.266	 82.673	 38.167       
-14.735	 86.333	 37.110       
-11.762	 88.306	 35.792       
-10.064	 91.593	 34.934       
 -7.887	 92.353	 31.859       
 -5.041	 94.912	 32.046       
 -3.689	 96.259	 28.789       
 -0.792	 98.044	 27.128       
  1.187	 99.765	 29.891       
  4.830	100.220	 30.690       
  6.796	 99.570	 32.691       
  6.485	 96.706	 35.074       
  5.218	 96.576	 37.815       
  1.489	 96.944	 38.197       
 -0.567	 95.876	 41.164       
 -3.956	 94.164	 40.665       
 -6.288	 93.693	 43.610       
 -9.937	 92.799	 44.385       
-12.440	 94.666	 46.584       
 -9.579	 96.584	 48.267       
 -8.095	 93.094	 48.884       
-10.972	 91.428	 50.764       
-10.584	 88.663	 48.235       
 -7.172	 87.196	 48.844       
 -7.514	 83.514	 47.949       
 -9.225	 82.412	 44.701       
 -7.253	 85.018	 42.787       
 -4.917	 83.903	 40.052       
 -3.022	 86.923	 38.734       
 -0.956	 85.864	 35.706       
  2.419	 87.445	 34.867       
  2.406	 90.193	 32.284       
  3.535	 89.575	 28.710       
  5.096	 91.813	 26.082       
  2.624	 92.849	 23.329       
  4.613	 94.827	 20.727       
  6.967	 96.338	 23.349       
  4.031	 97.026	 25.728       
  3.085	 95.056	 28.857       
 -0.341	 93.360	 29.275       
 -1.775	 91.082	 31.943       
 -4.893	 89.306	 33.141       
 -6.358	 88.200	 36.460       
 -9.162	 85.896	 37.611       
-11.048	 85.821	 40.924       
-13.241	 82.904	 41.902       
-16.020	 83.484	 44.436       
-18.900	 81.012	 44.895       
-22.207	 80.984	 42.987       
-23.820	 82.876	 45.890       
-22.385	 86.366	 46.251       
-22.550	 86.884	 42.476       
-24.269	 89.068	 41.179       
-25.253	 89.544	 44.920       
-21.919	 90.454	 46.683       
-20.596	 93.223	 44.355       
-17.005	 92.613	 43.031       
-14.359	 95.154	 41.816       
-10.770	 94.788	 40.531       
 -8.455	 97.645	 41.397       
 -5.243	 97.978	 39.457       
 -2.455	100.337	 40.542       
  0.109	101.846	 38.188       
  2.792	103.340	 40.437       
  5.294	103.882	 37.641       
  2.635	105.937	 35.830       
  0.696	107.196	 38.867       
 -2.625	105.624	 37.897       
 -5.168	104.302	 40.388       
 -8.265	102.571	 38.949       
-11.202	100.478	 40.194       
-13.280	 98.663	 37.579       
-16.398	 96.822	 38.682       
-17.407	 93.527	 37.089       
-21.038	 94.028	 36.065       
-23.003	 90.923	 34.879       
-24.353	 90.014	 31.385       
