BRIEF 3KJ6 A 222              
 10.953	 35.031	 25.364  0.676
 12.423	 38.329	 26.539 -0.067
 11.045	 37.691	 30.022 -0.075
 12.959	 34.458	 30.562 -1.254
 16.017	 36.227	 29.143 -1.246
 15.818	 38.765	 31.973  0.371
 15.817	 35.896	 34.469 -1.130
 19.560	 35.355	 34.054 -2.758
 20.156	 39.004	 34.953  0.545
 18.525	 38.322	 38.321  0.310
 21.167	 35.744	 39.237 -1.192
 23.748	 38.442	 38.520 -1.217
 22.164	 40.496	 41.300  0.814
 22.135	 37.531	 43.686  0.109
 25.633	 36.263	 42.876 -1.413
 27.599	 39.337	 41.817  1.243
 26.629	 41.024	 45.076  1.252
 27.142	 37.958	 47.267 -0.657
 30.748	 37.397	 46.202  0.605
 31.250	 40.962	 47.426  1.174
 29.484	 40.750	 50.799  0.535
 31.420	 37.657	 51.877 -0.702
 34.645	 39.069	 50.430  0.779
 34.786	 42.058	 52.782  0.899
 33.648	 39.911	 55.715 -2.756
 39.478	 38.585	 53.880  0.069
 41.556	 40.663	 56.306  0.097
 43.023	 42.741	 53.471  0.035
 39.629	 43.730	 52.043  0.918
 38.367	 45.039	 55.388  0.726
 38.481	 48.813	 54.911  0.637
 36.159	 51.794	 55.408  0.661
 35.929	 52.437	 51.662  1.043
 35.031	 48.764	 51.269  1.242
 32.669	 49.052	 54.235 -0.506
 30.418	 51.347	 52.219  0.901
 30.907	 49.264	 49.080  0.854
 29.283	 46.406	 50.989  0.324
 26.479	 48.777	 51.956  1.175
 25.748	 49.190	 48.252  1.230
 26.101	 45.425	 47.959  1.158
 23.147	 44.926	 50.299 -0.092
 21.188	 47.724	 48.626  0.956
 21.779	 45.816	 45.399  1.251
 21.169	 42.304	 46.747  0.154
 17.895	 43.361	 48.363  0.188
 16.764	 44.989	 45.121  0.712
 17.723	 41.738	 43.404  0.418
 15.789	 39.385	 45.670 -0.679
 12.829	 41.640	 46.464 -0.147
 12.419	 44.171	 43.639  0.720
 13.763	 42.656	 40.407  0.561
 11.944	 39.287	 40.636 -1.149
  8.437	 40.512	 41.496  0.433
  8.914	 43.472	 39.158  0.679
  9.704	 41.164	 36.246 -2.457
  5.882	 46.974	 50.962 -2.751
  7.220	 45.943	 47.553  0.183
  7.490	 49.587	 46.519 -0.105
  8.525	 50.565	 50.044  0.317
 11.754	 48.606	 49.590 -0.423
 12.249	 49.834	 46.018  0.822
 12.723	 53.320	 47.462  0.163
 14.731	 52.266	 50.524  0.322
 17.266	 50.635	 48.196  0.603
 17.804	 53.351	 45.581  0.780
 17.479	 56.233	 48.056  0.521
 20.320	 54.587	 49.977  0.865
 22.645	 54.044	 47.015  1.246
 22.910	 57.606	 45.699  0.866
 22.938	 58.525	 49.396  0.144
 26.008	 56.410	 50.155  0.934
 27.567	 57.477	 46.850  1.160
 27.645	 60.858	 48.570  0.469
 29.183	 59.329	 51.693  0.539
 32.069	 58.006	 49.596  1.119
 32.992	 61.228	 47.784  1.103
 32.981	 62.994	 51.161  0.055
 34.940	 60.264	 52.952  1.159
 37.635	 60.015	 50.278  1.251
 37.899	 63.806	 50.397  0.582
 38.668	 63.847	 54.123 -0.852
 41.420	 61.380	 53.205  1.034
 43.091	 63.318	 50.383  0.947
 42.865	 66.741	 52.015  0.546
 44.070	 64.750	 55.030 -0.085
 47.574	 65.512	 56.358  1.053
 48.849	 62.081	 57.388  0.163
 48.045	 58.916	 55.431 -0.645
 45.780	 58.328	 52.430  0.921
 43.101	 57.141	 54.828 -0.368
 39.781	 58.422	 56.183 -0.594
 39.516	 59.510	 59.821 -0.310
 36.257	 57.558	 60.125  0.544
 36.913	 54.666	 62.515  0.845
 35.717	 51.101	 61.917 -0.860
 33.047	 51.399	 64.612 -0.780
 32.051	 54.916	 63.545 -0.037
 31.706	 53.625	 59.987  0.753
 29.084	 51.125	 61.131 -1.234
 27.054	 53.823	 62.883 -2.760
 27.024	 56.036	 59.788 -0.108
 26.064	 52.969	 57.763  0.659
 23.099	 52.218	 60.011 -1.338
 22.088	 55.887	 59.873 -2.759
 22.137	 55.848	 56.068  0.617
 19.427	 53.175	 56.104  1.203
 17.189	 54.761	 58.747 -1.281
 17.219	 58.163	 57.032 -0.778
 16.720	 56.412	 53.693  0.782
 13.736	 54.641	 55.241 -1.253
 12.041	 57.676	 56.763 -1.293
 12.128	 59.074	 53.222  0.167
 11.451	 63.699	 46.810  0.638
 13.713	 63.588	 43.750  0.054
 15.317	 66.746	 45.130 -0.659
 15.666	 65.494	 48.702 -0.863
 16.874	 61.975	 47.909  0.466
 18.270	 62.383	 44.389  0.857
 19.216	 65.969	 43.535 -0.399
 20.846	 67.004	 46.827 -0.607
 22.811	 63.766	 47.357  1.177
 23.952	 63.841	 43.714  0.435
 24.570	 67.584	 43.553 -1.414
 27.125	 67.532	 46.375  0.036
 28.362	 64.054	 45.441  0.862
 29.520	 65.354	 42.045 -0.523
 31.169	 68.571	 43.242 -1.276
 32.787	 67.112	 46.364 -0.105
 34.204	 64.335	 44.193  1.131
 35.190	 66.800	 41.474 -1.383
 37.270	 68.601	 44.099 -0.026
 38.854	 65.236	 44.923  0.864
 39.890	 64.145	 41.421  0.003
 41.385	 67.608	 40.898 -1.235
 43.432	 67.643	 44.111 -0.063
 44.390	 64.033	 43.390  0.815
 46.053	 65.298	 40.208 -0.335
 47.865	 68.229	 41.808 -1.042
 49.269	 65.819	 44.388  0.100
 49.715	 62.876	 42.017 -0.296
 52.583	 64.556	 40.177 -1.221
 53.836	 66.806	 42.951 -0.492
 55.829	 63.622	 43.517 -0.581
 59.592	 63.645	 42.983 -1.216
 59.965	 62.822	 39.289 -1.314
 63.078	 60.820	 40.215 -2.683
 60.801	 58.571	 42.262 -1.270
 60.170	 55.446	 40.197 -1.338
 63.000	 55.509	 37.659 -1.379
 66.000	 56.058	 39.912 -2.602
 64.460	 54.796	 43.162 -2.730
 67.857	 53.616	 44.406 -1.846
 51.443	 58.201	 50.550 -2.750
 49.209	 59.000	 47.575 -2.720
 50.624	 57.563	 44.355 -1.150
 49.661	 56.325	 40.888 -0.624
 48.219	 53.150	 42.404  0.360
 45.974	 55.062	 44.804  0.697
 45.055	 57.141	 41.752 -0.101
 43.261	 54.163	 40.214  0.694
 41.299	 53.641	 43.421  0.800
 39.546	 56.900	 42.568  0.708
 39.129	 55.657	 39.006  0.382
 37.254	 52.529	 40.068  0.930
 35.277	 54.721	 42.470  0.790
 34.883	 57.428	 39.842  0.188
 33.212	 55.059	 37.398  0.156
 31.034	 53.309	 39.988  0.876
 29.816	 56.809	 40.824  0.715
 29.721	 57.870	 37.181 -0.399
 27.582	 54.942	 36.051  0.238
 24.934	 55.149	 38.770  1.074
 24.225	 58.667	 37.520  0.218
 23.771	 57.802	 33.833 -1.212
 21.560	 54.888	 34.879  0.843
 19.248	 56.923	 37.111  0.730
 19.493	 60.417	 35.609  0.169
 17.243	 59.896	 32.562  1.194
 14.841	 58.230	 35.009  0.305
 14.680	 61.171	 37.424  0.537
 14.666	 63.583	 34.482 -0.656
  9.650	 54.457	 27.646 -1.206
  9.237	 55.361	 31.323 -0.498
  9.431	 51.653	 32.160 -0.291
 12.511	 51.200	 29.961 -1.032
 14.382	 53.980	 31.761 -0.073
 13.231	 52.413	 35.020  0.375
 14.795	 49.317	 33.477 -0.143
 18.060	 51.147	 32.815  0.353
 18.105	 51.840	 36.542  0.656
 18.268	 48.119	 37.281  0.874
 21.372	 47.954	 35.079 -0.007
 23.548	 49.490	 37.803  1.166
 23.044	 46.183	 39.610  1.175
 25.338	 44.231	 37.302  0.273
 28.061	 46.859	 36.997  0.324
 29.374	 46.892	 40.574  1.244
 30.949	 43.401	 40.509  1.243
 31.974	 43.971	 36.884  0.320
 34.088	 47.118	 37.179  0.808
 35.459	 45.741	 40.450  1.236
 37.432	 43.218	 38.393  0.654
 39.694	 44.964	 35.883  0.448
 40.235	 47.946	 38.187  1.094
 40.734	 47.162	 41.901 -0.207
 42.190	 44.338	 43.998  0.566
 38.790	 42.631	 44.051  1.028
 39.878	 40.795	 40.900  0.984
 42.070	 38.567	 43.081 -0.630
 39.343	 38.474	 45.724  0.712
 36.685	 37.222	 43.309  0.823
 38.983	 34.607	 41.791 -0.651
 39.754	 33.255	 45.268 -0.643
 36.090	 33.012	 46.235 -0.076
 35.898	 30.779	 43.159 -0.140
 38.645	 28.197	 43.662 -0.101
 41.578	 29.441	 41.564 -1.980
 39.404	 30.182	 38.539 -0.898
 41.739	 30.572	 35.569 -1.641
 44.624	 33.041	 35.950 -0.040
 46.438	 30.772	 38.409  0.591
