BRIEF 3O0R B 449              
 33.619	 51.001	 44.867  0.497
 36.751	 50.629	 42.645  0.484
 38.200	 47.088	 43.103  0.838
 35.007	 45.690	 41.670  0.901
 37.170	 46.344	 38.578 -2.539
 38.475	 42.727	 38.907  0.506
 35.062	 41.216	 38.108  0.797
 35.322	 42.256	 34.428 -1.015
 37.962	 39.717	 33.125 -0.835
 35.995	 36.941	 34.732  1.149
 32.819	 37.906	 32.885 -1.048
 34.606	 38.690	 29.574 -1.023
 36.622	 35.437	 29.780  0.251
 33.385	 33.633	 30.655  0.359
 31.665	 35.021	 27.524 -0.945
 34.540	 33.827	 25.277 -2.547
 34.494	 30.300	 26.760  0.284
 30.709	 30.097	 26.267  0.537
 31.145	 30.910	 22.531 -2.546
 33.442	 27.804	 22.570 -1.040
 30.764	 25.695	 24.234  0.751
 28.329	 26.436	 21.458  0.548
 30.578	 25.526	 18.507 -2.547
 31.312	 22.167	 20.140 -0.490
 27.655	 21.564	 20.973  1.171
 27.118	 22.333	 17.263 -0.350
 29.746	 19.713	 16.295 -2.546
 28.055	 17.053	 18.334 -0.567
 24.646	 17.981	 17.021  1.216
 26.030	 17.395	 13.506 -1.624
 27.694	 14.096	 14.524  0.774
 24.341	 12.788	 15.643  0.854
 23.210	 12.870	 12.062 -0.007
 26.438	 12.717	 10.095 -2.545
 27.988	 10.104	 12.237  0.965
 31.569	 10.233	 11.062 -1.313
 31.738	 14.012	 10.880 -2.416
 35.259	 15.015	 11.967 -1.992
 36.137	 11.348	 12.721 -1.909
 38.771	 10.074	 13.692 -0.801
 40.265	 13.468	 14.318 -2.537
 37.696	 14.728	 16.869 -0.569
 35.508	 11.831	 18.090 -0.032
 32.072	 12.522	 19.691 -0.304
 33.483	 11.876	 23.161  0.974
 36.067	 14.622	 22.827  0.812
 33.644	 17.257	 21.467 -0.403
 31.350	 16.357	 24.429  1.001
 33.910	 16.783	 27.104  1.149
 34.936	 20.113	 25.578  0.126
 31.242	 21.148	 25.396  1.276
 30.495	 20.047	 28.948  1.159
 33.718	 21.257	 30.541  0.904
 33.491	 24.668	 28.934  0.318
 29.941	 24.898	 30.423  1.006
 31.061	 24.108	 33.981  1.037
 34.167	 26.351	 33.725  1.064
 32.512	 29.398	 32.178  0.517
 29.693	 29.299	 34.733  0.709
 32.364	 29.230	 37.467  0.874
 34.050	 32.308	 35.978  0.691
 30.609	 33.946	 35.906  0.811
 29.920	 33.058	 39.550 -0.353
 33.339	 34.281	 40.741 -0.533
 33.169	 37.504	 38.792  0.304
 29.674	 37.874	 40.251  0.775
 31.088	 37.449	 43.810  0.136
 34.005	 39.832	 43.110  1.003
 31.495	 42.452	 42.113 -0.741
 28.537	 42.252	 44.499 -0.155
 30.416	 41.309	 47.687  0.161
 32.107	 44.712	 48.025  1.192
 28.752	 46.624	 47.667  0.930
 27.239	 44.235	 50.152  0.817
 30.307	 44.303	 52.374  0.300
 30.512	 48.187	 52.492  0.595
 34.300	 48.176	 51.737 -0.141
 37.027	 47.602	 49.050  0.397
 37.827	 43.918	 48.211  0.827
 40.563	 42.214	 50.273 -0.413
 42.971	 41.429	 47.407  0.501
 42.812	 42.692	 43.832 -0.101
 46.289	 41.137	 43.232 -2.346
 45.033	 37.733	 44.326  0.894
 41.977	 38.279	 42.140  0.989
 44.189	 39.109	 39.140 -0.549
 46.766	 36.344	 39.784 -1.514
 43.992	 33.743	 40.200  0.198
 42.340	 34.860	 36.961  0.476
 45.434	 33.801	 34.979  0.700
 46.113	 30.593	 36.893 -1.092
 42.440	 29.560	 36.366 -0.750
 42.343	 30.718	 32.741  0.120
 45.704	 29.000	 32.029 -1.146
 44.334	 25.856	 33.682 -1.040
 41.023	 25.827	 31.750  0.166
 42.759	 26.461	 28.422 -1.248
 45.602	 23.928	 28.973 -0.492
 43.159	 21.204	 29.954 -0.219
 40.684	 21.802	 27.089 -1.108
 43.763	 21.476	 24.826 -2.547
 44.885	 18.177	 26.340  0.821
 41.417	 16.871	 25.389 -2.514
 41.928	 17.871	 21.793 -0.638
 45.604	 17.344	 21.191 -0.974
 46.023	 13.834	 22.660  0.684
 43.872	 10.676	 22.749  0.089
 42.223	 10.409	 26.172 -0.311
 44.143	  7.362	 27.383 -0.436
 47.541	  8.766	 26.533  0.381
 46.482	 11.924	 28.330  0.699
 45.770	  9.610	 31.284  0.886
 49.286	  8.267	 31.064 -0.080
 50.690	 11.790	 30.446  0.260
 49.226	 13.286	 33.617  0.948
 50.094	 10.216	 35.596  0.325
 46.469	  9.351	 36.248  0.349
 47.803	  5.916	 37.220 -0.478
 48.767	  7.311	 40.667  0.521
 45.393	  8.652	 41.778 -1.216
 42.729	  7.732	 39.155  0.462
 39.978	 10.433	 38.714  0.735
 39.600	 10.834	 34.910  0.102
 36.930	  9.300	 32.669  1.002
 33.880	 10.159	 34.731 -0.202
 31.136	 12.284	 33.259  0.653
 31.894	 15.988	 33.948 -0.495
 35.072	 14.754	 35.654 -0.157
 37.230	 14.097	 32.622  0.374
 39.874	 16.624	 33.685 -1.124
 43.271	 15.196	 34.772 -0.784
 43.867	 14.900	 38.509 -0.966
 46.280	 17.830	 38.223 -0.348
 43.603	 20.118	 36.615 -0.873
 41.201	 19.135	 39.410  1.103
 43.788	 20.194	 42.039 -1.062
 44.402	 23.423	 40.050  0.718
 40.633	 24.030	 40.190  0.824
 40.719	 23.265	 43.919  0.724
 43.625	 25.624	 44.695 -0.132
 42.048	 28.440	 42.636  0.317
 38.710	 27.924	 44.445 -0.180
 40.323	 28.082	 47.972 -0.429
 42.270	 31.246	 47.119  0.858
 39.043	 32.822	 45.846  0.293
 37.056	 31.929	 48.982 -0.604
 39.874	 33.451	 51.029 -0.052
 39.887	 36.664	 48.903  1.153
 36.143	 37.119	 48.985 -0.137
 35.521	 35.524	 52.410 -2.546
 38.087	 37.833	 53.928 -0.149
 36.104	 40.668	 52.473  0.840
 32.996	 39.772	 54.485  0.128
 34.811	 39.282	 57.807  0.021
 35.924	 42.914	 57.799 -0.295
 32.759	 44.784	 56.707  0.837
 28.954	 44.517	 56.765  0.687
 27.537	 41.057	 56.721 -0.046
 24.362	 41.118	 54.667  0.183
 22.237	 37.970	 54.361  0.252
 22.902	 38.162	 50.645 -0.940
 26.691	 37.874	 51.205  0.531
 26.356	 35.275	 53.962 -0.925
 24.144	 33.149	 51.737  0.582
 26.288	 33.537	 48.612 -0.591
 29.284	 32.747	 50.806 -0.295
 27.637	 29.559	 52.089  0.191
 26.858	 28.936	 48.428  1.187
 30.490	 29.073	 47.350 -0.082
 32.086	 27.224	 50.282 -1.106
 29.727	 24.287	 49.676 -0.159
 30.559	 24.311	 45.951 -0.986
 34.273	 23.996	 46.779  0.847
 33.820	 21.234	 49.431 -0.330
 31.556	 19.061	 47.317 -1.724
 33.962	 19.410	 44.442 -2.499
 36.308	 17.424	 46.734 -1.830
 34.251	 14.229	 45.998 -2.547
 35.634	 14.393	 42.468  0.014
 38.884	 13.068	 43.969  0.619
 36.938	 10.158	 45.428  0.027
 36.756	  7.377	 42.805  0.306
 35.625	  4.079	 44.463 -1.119
 36.693	  0.815	 42.892 -1.533
 33.029	 -0.375	 43.136 -0.371
 30.822	  0.800	 40.295  0.901
 27.724	  1.474	 42.269  0.611
 29.614	  3.237	 45.041 -0.214
 31.229	  5.366	 42.281  0.278
 27.916	  6.607	 40.863  0.375
 26.542	  7.027	 44.328  0.392
 29.152	  9.736	 45.232  0.106
 29.371	 11.149	 41.757  1.232
 25.900	 12.507	 42.350  0.743
 27.138	 14.324	 45.481  0.624
 28.967	 16.608	 43.034  1.186
 26.547	 17.023	 40.123  0.998
 23.210	 17.093	 41.922  1.211
 24.294	 18.469	 45.276  0.534
 25.841	 21.214	 43.137  0.200
 23.055	 21.853	 40.863  1.044
 19.873	 21.387	 42.959  0.909
 21.359	 22.428	 46.273  0.941
 24.440	 24.561	 46.676  0.355
 24.318	 26.435	 43.307  1.101
 20.677	 27.295	 44.088  1.093
 22.054	 29.335	 46.961  0.229
 24.548	 30.987	 44.610  0.397
 21.819	 31.849	 42.078  0.644
 19.247	 32.885	 44.723  0.831
 21.728	 35.258	 46.290 -0.340
 22.764	 36.595	 42.903 -0.945
 19.112	 37.084	 41.979  1.013
 18.280	 38.641	 45.434  0.979
 21.068	 41.152	 44.914  0.652
 19.860	 42.129	 41.462  0.620
 16.277	 42.589	 42.710 -0.203
 17.466	 44.840	 45.646  0.943
 19.419	 47.250	 43.420  0.852
 17.239	 47.012	 40.345 -0.656
 14.143	 47.834	 42.364  0.823
 14.659	 49.737	 45.618  1.196
 12.359	 47.225	 47.409  1.131
 13.243	 46.913	 51.116 -0.915
 16.265	 44.778	 52.082  0.107
 14.339	 43.044	 54.887  0.878
 11.771	 41.461	 52.541  0.656
 14.185	 40.408	 49.817 -1.054
 16.401	 38.630	 52.354  1.002
 13.444	 37.131	 54.182  0.771
 12.396	 35.835	 50.735 -0.781
 15.959	 34.836	 49.898 -0.259
 15.942	 32.739	 53.036  1.112
 12.573	 31.131	 52.229  0.038
 13.784	 29.955	 48.812 -0.127
 16.932	 28.204	 49.968  0.219
 15.062	 26.662	 52.851  0.688
 12.836	 24.896	 50.275 -0.690
 15.838	 24.060	 48.085 -0.188
 17.803	 22.312	 50.818  1.013
 14.670	 20.710	 52.391  0.837
 13.683	 19.046	 49.088  0.857
 17.088	 18.643	 47.418  1.239
 19.150	 16.728	 49.960  0.171
 17.020	 13.573	 50.134 -0.060
 16.098	 14.428	 46.499  1.128
 19.437	 13.027	 45.337  1.117
 17.340	  9.830	 45.556  0.515
 16.091	 10.713	 42.064  1.276
 19.511	  9.666	 40.847  1.276
 19.413	  6.578	 43.005  0.974
 16.778	  4.382	 41.371 -0.013
 18.689	  2.171	 38.964  0.164
 22.294	  2.038	 40.080  0.788
 22.575	 -0.715	 42.739  0.568
 21.503	  1.069	 45.936  0.040
 18.428	 -0.220	 47.908  0.941
 14.794	  0.081	 46.718 -0.351
 13.732	  2.485	 49.487  0.546
 15.359	  5.141	 47.297  0.337
 12.574	  4.719	 44.751  0.942
 10.130	  5.951	 47.393  0.444
 12.310	  8.580	 49.124 -0.282
 13.577	  9.896	 45.818  1.108
 10.233	 10.237	 44.107  0.550
  8.560	 11.706	 47.186 -0.942
 11.126	 14.497	 47.865  0.439
 11.836	 15.048	 44.169  0.938
  8.136	 16.017	 43.734 -0.228
  8.833	 19.002	 45.951  0.169
 11.971	 20.276	 44.082  1.151
 10.259	 22.652	 41.651  0.625
  8.998	 24.686	 44.662  0.617
 12.162	 26.842	 45.107  1.269
 11.988	 27.680	 41.435  1.208
  8.309	 28.659	 41.488  0.967
  8.888	 30.943	 44.474  0.290
 11.833	 32.203	 42.570  1.091
  9.376	 33.410	 39.848  0.631
  7.079	 34.912	 42.478  0.443
 10.139	 36.731	 44.023  0.980
 11.051	 37.933	 40.564  1.060
  7.721	 39.442	 39.403 -0.166
  6.600	 40.721	 42.788  0.446
  9.671	 42.674	 43.875  1.135
 10.050	 43.977	 40.298  0.444
  6.352	 44.649	 40.362  0.471
  6.527	 47.349	 42.995 -0.115
  9.362	 49.780	 42.016  0.857
 10.604	 52.683	 44.101  0.906
 12.065	 53.783	 40.754  0.035
 11.966	 53.019	 37.079 -0.265
 15.455	 51.661	 36.330 -0.008
 17.275	 52.703	 33.091 -0.007
 18.150	 49.078	 32.203 -0.400
 14.899	 47.137	 31.608  0.095
 17.236	 44.522	 30.125  0.175
 18.224	 43.407	 33.654  0.195
 14.557	 43.207	 34.640  0.162
 13.952	 40.882	 31.690  0.254
 16.934	 38.834	 32.457  0.608
 15.810	 38.513	 36.062 -0.329
 12.288	 37.398	 35.044 -1.133
 13.330	 35.189	 32.133  0.799
 15.881	 33.508	 34.413  0.695
 13.318	 32.632	 37.027  0.433
 10.740	 31.589	 34.343 -0.345
 13.203	 29.531	 32.374 -0.038
 14.622	 28.003	 35.550  0.446
 11.143	 26.991	 36.547  1.196
 10.126	 25.478	 33.072  0.194
 13.488	 23.689	 32.736  0.386
 14.410	 22.469	 36.180  0.949
 10.926	 22.892	 37.607  1.228
  8.500	 21.482	 35.018  0.723
 10.810	 19.256	 32.928  0.703
 12.409	 17.802	 36.087  1.266
  9.048	 16.835	 37.506  0.658
  7.963	 15.145	 34.230 -0.191
 10.507	 12.402	 34.718  0.739
 11.412	 12.417	 38.387  0.574
  8.862	  9.828	 39.581  0.237
 10.377	  6.306	 39.618  0.683
  7.708	  4.526	 37.486 -0.144
  8.151	  7.173	 34.711 -0.038
 11.931	  7.428	 35.225  1.083
 12.217	  3.707	 34.761  0.009
 11.526	  4.076	 31.033  0.313
 12.929	  7.507	 30.462  0.232
 16.296	  7.111	 32.244  0.588
 19.304	  7.777	 30.022  0.669
 17.331	  8.973	 27.068  0.617
 16.932	 12.188	 24.914  0.964
 14.495	 13.307	 27.613  0.629
 17.511	 13.397	 29.878  0.921
 19.407	 15.581	 27.355  0.492
 16.319	 17.836	 27.046  0.928
 15.956	 18.467	 30.764  1.276
 19.711	 18.871	 31.264  0.871
 19.762	 21.556	 28.607  1.276
 16.874	 23.819	 29.570  0.235
 17.600	 23.609	 33.290  1.037
 21.331	 24.406	 32.990  0.562
 20.513	 27.182	 30.530  0.467
 17.456	 28.279	 32.460  1.000
 18.932	 28.747	 35.897  1.010
 22.662	 29.071	 35.548  0.532
 23.418	 30.432	 32.051  0.583
 20.600	 33.032	 32.425  0.288
 21.565	 34.235	 35.923  0.032
 25.191	 34.791	 34.895 -0.200
 23.973	 37.078	 32.069 -0.648
 21.416	 38.693	 34.358  0.339
 24.294	 40.048	 36.463 -0.296
 26.484	 40.787	 33.512 -1.151
 23.770	 43.143	 32.157  0.648
 23.838	 44.819	 35.570  0.106
 27.559	 45.017	 36.429 -0.272
 29.136	 45.517	 32.969 -0.388
 28.057	 49.113	 32.136  1.176
 29.029	 50.389	 35.604 -0.295
 32.354	 48.560	 35.244 -0.608
 33.604	 50.259	 32.049 -0.366
 32.533	 53.418	 33.943  0.153
 29.825	 54.162	 31.295 -0.397
 26.748	 54.513	 33.558 -1.537
 23.875	 52.477	 35.025 -2.061
 22.935	 51.328	 31.471 -0.313
 23.905	 51.468	 27.750 -2.547
 22.784	 53.580	 24.805 -2.546
 19.317	 52.455	 23.539 -0.319
 21.097	 50.795	 20.555 -2.544
 23.024	 48.465	 22.907  0.751
 19.811	 47.850	 24.874 -0.720
 17.504	 46.563	 22.074 -2.541
 20.371	 44.332	 20.890 -0.526
 20.589	 42.783	 24.365  0.236
 16.805	 42.140	 24.315 -0.172
 17.025	 40.574	 20.858 -2.547
 19.883	 38.349	 21.981  0.709
 17.755	 37.533	 25.010  1.079
 14.840	 36.372	 22.871  0.071
 16.791	 34.473	 20.180 -1.514
 18.750	 32.498	 22.798  0.377
 15.742	 31.940	 25.024  0.148
 13.281	 30.925	 22.299 -1.012
 15.994	 28.819	 20.598  0.906
 16.445	 26.823	 23.837  0.529
 12.722	 26.093	 24.293  0.266
 12.880	 24.940	 20.740 -2.508
 16.006	 22.855	 21.440  0.811
 14.317	 21.136	 24.318  0.453
 11.015	 20.564	 22.499 -0.480
 12.727	 18.674	 19.607 -0.038
 14.754	 16.727	 22.185  0.623
 11.618	 15.802	 24.209  0.973
  9.820	 14.855	 21.000 -1.057
 12.833	 12.608	 20.288  0.565
 12.982	 11.316	 23.883  1.048
  9.324	 10.348	 23.822 -0.499
  9.847	  8.688	 20.446 -1.128
 12.864	  6.820	 21.825 -0.025
 10.984	  5.584	 24.911  0.822
  8.168	  4.283	 22.639  0.281
 10.361	  2.467	 20.157 -0.076
 13.110	  1.099	 22.429 -0.296
 11.883	  1.101	 26.040 -0.949
  8.280	 -0.089	 26.018 -0.870
  7.992	 -3.062	 23.754 -2.547
  9.010	 -6.487	 25.125 -0.754
 12.102	 -8.326	 23.851 -2.196
 11.912	 -8.895	 20.052  0.719
  9.611	 -5.944	 19.304  0.024
 11.670	 -3.230	 20.901  0.350
 13.901	 -1.612	 18.332 -0.009
 17.728	 -1.746	 18.761 -0.070
 19.653	  1.275	 20.018  1.016
 21.146	  2.301	 16.717 -0.472
 18.000	  1.653	 14.720 -1.100
 15.677	  3.680	 16.848 -1.009
 18.327	  6.315	 16.684 -0.209
 17.769	  6.531	 12.944 -1.708
 14.020	  7.114	 13.245 -1.016
 14.922	 10.162	 15.478 -0.705
 17.046	 11.911	 12.801 -2.541
 14.466	 14.542	 11.773 -2.153
 14.377	 15.708	 15.413 -0.881
 18.165	 15.945	 15.621  0.583
 18.228	 17.825	 12.328 -2.547
 15.716	 20.383	 13.765 -1.122
 17.801	 20.423	 16.943  1.040
 20.846	 21.512	 14.926 -0.990
 18.649	 24.227	 13.419 -2.547
 17.640	 25.632	 16.813  0.380
 21.339	 25.344	 17.762  0.203
 22.301	 27.569	 14.807 -2.547
 19.587	 30.155	 15.898 -2.546
 21.202	 30.144	 19.368 -0.046
 24.781	 30.991	 18.219 -0.941
 23.347	 33.880	 16.233 -2.547
 21.515	 34.917	 19.389  0.915
 24.763	 34.755	 21.404 -0.621
 26.545	 36.813	 18.742 -2.546
 23.828	 39.488	 19.045 -2.370
 23.981	 39.464	 22.839  0.418
 27.724	 39.926	 22.426 -2.546
 27.517	 42.739	 19.881 -2.536
 25.439	 44.697	 22.433  1.117
 28.918	 45.752	 23.686  1.155
BRIEF 3O0R L 213              
 25.794	 -1.647	-11.822       
 29.212	 -2.984	-10.979       
 30.219	 -6.554	-11.969       
 32.330	 -9.046	-10.087       
 34.366	-11.752	-11.521       
 35.959	-14.404	 -9.368       
 38.858	-16.648	-10.298       
 39.483	-19.300	-10.732       
 35.998	-20.929	-11.380       
 37.179	-24.027	 -9.417       
 40.441	-24.932	 -7.629       
 41.634	-28.252	 -6.233       
 43.617	-28.519	 -3.028       
 44.659	-30.793	 -0.156       
 43.998	-30.457	  3.630       
 46.717	-28.567	  5.438       
 47.655	-26.592	  2.314       
 47.194	-22.837	  1.691       
 45.054	-21.547	 -1.201       
 44.147	-18.065	 -2.237       
 41.319	-16.749	 -4.403       
 40.637	-13.576	 -6.331       
 37.711	-11.265	 -6.780       
 37.803	 -8.310	 -9.184       
 35.315	 -5.502	 -9.525       
 34.460	 -3.673	-12.843       
 34.913	 -0.340	-11.029       
 36.262	  0.946	 -7.681       
 34.399	 -0.254	 -4.594       
 36.831	  1.076	 -1.995       
 37.109	 -1.394	  0.839       
 33.639	 -2.837	  0.710       
 33.942	 -6.485	 -0.325       
 32.480	 -9.542	  1.585       
 32.829	-13.251	  1.204       
 30.424	-16.087	  1.841       
 30.707	-19.820	  2.037       
 28.082	-22.177	  0.686       
 27.823	-25.875	  1.649       
 25.131	-28.407	  0.840       
 22.422	-28.522	  3.549       
 23.707	-25.440	  5.440       
 22.820	-21.743	  5.221       
 25.310	-19.348	  3.548       
 27.861	-18.050	  6.044       
 29.568	-14.581	  6.176       
 33.365	-14.987	  6.322       
 34.923	-11.481	  5.879       
 33.308	 -8.138	  5.195       
 34.989	 -4.803	  4.465       
 37.796	 -6.513	  2.546       
 39.607	 -7.794	  5.510       
 37.517	 -7.947	  8.661       
 36.840	-11.422	 10.004       
 33.214	-12.037	 11.041       
 32.483	-13.007	 14.616       
 33.025	-16.727	 15.113       
 35.008	-17.388	 11.933       
 38.408	-18.955	 12.612       
 41.468	-16.780	 11.804       
 42.727	-19.398	  9.312       
 40.535	-17.316	  6.957       
 41.690	-13.868	  5.858       
 41.263	-11.330	  3.121       
 42.755	 -8.211	  1.637       
 42.359	 -5.654	 -1.071       
 40.909	 -2.333	 -2.011       
 39.649	 -0.439	 -5.039       
 39.254	 -3.091	 -7.619       
 41.303	 -6.192	 -6.720       
 40.624	 -8.468	 -3.663       
 41.663	-11.879	 -2.369       
 40.537	-14.368	  0.225       
 43.141	-16.731	  1.720       
 42.762	-19.917	  3.741       
 45.787	-20.702	  5.784       
 45.666	-24.369	  6.414       
 42.761	-25.874	  4.589       
 40.544	-28.065	  6.452       
 38.172	-30.813	  5.532       
 35.141	-28.576	  6.050       
 36.655	-25.736	  3.997       
 35.969	-27.461	  0.704       
 32.816	-25.501	 -0.239       
 31.639	-22.834	 -2.722       
 32.893	-19.231	 -2.048       
 31.038	-16.124	 -3.274       
 32.147	-12.505	 -3.028       
 29.817	 -9.505	 -2.595       
 30.425	 -5.865	 -3.197       
 28.872	 -3.603	 -0.516       
 29.747	 -0.121	 -1.663       
 26.776	  0.697	 -3.928       
 23.219	 -0.040	 -4.906       
 22.576	 -2.420	 -6.284       
 24.416	 -5.069	 -4.321       
 26.154	 -7.434	 -6.804       
 27.939	-10.797	 -6.468       
 30.684	-12.719	 -8.196       
 29.647	-16.008	 -9.730       
 31.719	-18.004	 -7.199       
 34.740	-20.300	 -6.726       
 34.453	-24.049	 -6.080       
 37.215	-25.295	 -3.855       
 37.469	-29.070	 -4.384       
 39.428	-31.754	 -2.512       
 42.336	-33.247	 -4.448       
 42.871	-37.004	 -4.555       
 44.906	-39.555	 -6.496       
 43.809	-39.920	-10.151       
 41.279	-42.720	-10.718       
 40.029	-44.317	-13.981       
 36.247	-44.632	-14.369       
 34.554	-48.015	-14.137       
 32.353	-48.159	-17.210       
 29.130	-50.256	-17.613       
 26.644	-50.225	-20.487       
 22.938	-51.312	-20.195       
 20.526	-52.191	-22.947       
 16.850	-51.167	-22.768       
 14.897	-53.260	-20.260       
 12.391	-55.652	-21.726       
  9.564	-53.562	-20.233       
 10.696	-50.251	-21.545       
 10.753	-52.005	-24.902       
  7.240	-53.428	-25.024       
  6.099	-49.899	-24.128       
  7.724	-48.244	-27.175       
 10.941	-46.722	-25.787       
 14.613	-47.597	-25.873       
 17.053	-46.179	-23.399       
 20.671	-47.258	-23.566       
 22.426	-46.339	-20.276       
 26.136	-46.063	-19.446       
 27.599	-45.307	-16.070       
 31.118	-43.863	-15.795       
 31.771	-44.339	-12.017       
 34.260	-43.409	 -9.287       
 36.729	-41.267	-11.231       
 39.071	-38.350	-10.733       
 39.710	-35.571	-12.017       
 36.192	-34.503	-13.096       
 37.010	-33.909	-16.774       
 35.700	-36.745	-18.870       
 34.178	-37.376	-22.345       
 31.610	-39.819	-23.396       
 31.054	-40.905	-27.051       
 28.245	-43.048	-28.328       
 29.051	-45.282	-31.247       
 26.102	-47.158	-32.899       
 27.233	-49.807	-35.414       
 30.686	-48.215	-35.470       
 29.290	-44.771	-36.289       
 29.307	-42.039	-33.626       
 25.941	-40.617	-32.454       
 25.454	-37.056	-31.144       
 21.641	-36.549	-30.914       
 19.377	-37.867	-28.101       
 22.009	-38.093	-25.359       
 21.594	-36.753	-21.828       
 24.344	-36.414	-19.336       
 24.240	-36.186	-15.562       
 27.056	-35.667	-13.102       
 27.386	-36.161	 -9.361       
 29.178	-33.722	 -7.080       
 32.420	-34.915	 -5.562       
 31.664	-37.936	 -3.357       
 32.146	-36.945	  0.312       
 33.422	-40.412	  1.194       
 36.016	-41.144	 -1.496       
 36.434	-37.730	 -3.229       
 35.611	-39.051	 -6.767       
 33.026	-38.203	 -9.355       
 30.492	-40.135	-11.314       
 28.438	-39.606	-14.428       
 25.667	-41.442	-16.333       
 25.008	-41.075	-20.077       
 21.710	-41.930	-21.635       
 21.070	-42.508	-25.287       
 17.347	-42.373	-25.854       
 15.925	-43.990	-29.028       
 12.603	-45.482	-30.127       
 11.871	-49.203	-30.102       
 11.974	-48.811	-33.820       
 15.239	-46.949	-34.185       
 16.717	-49.300	-31.620       
 15.762	-52.509	-33.419       
 17.328	-51.072	-36.635       
 21.005	-51.303	-35.447       
 23.027	-54.067	-33.937       
 26.038	-52.918	-31.975       
 25.857	-50.183	-29.245       
 28.998	-48.713	-27.719       
 29.939	-46.450	-24.873       
 33.449	-44.775	-25.033       
 35.028	-42.883	-22.084       
 38.214	-40.821	-22.474       
 39.766	-39.586	-19.299       
 43.301	-38.517	-18.617       
 44.151	-41.724	-16.751       
 44.628	-43.185	-20.240       
 45.446	-42.165	-23.744       
 43.176	-44.985	-24.957       
 39.342	-44.827	-24.471       
 37.470	-47.270	-22.214       
 35.059	-49.137	-24.459       
 31.917	-50.970	-23.313       
 29.469	-52.527	-25.736       
 26.894	-55.066	-26.610       
 25.344	-56.743	-29.602       
 21.552	-56.582	-29.548       
 20.906	-60.290	-30.361       
 22.667	-61.609	-27.164       
BRIEF 3O0R H 225              
 19.945	-17.600	 17.927       
 19.247	-15.583	 14.813       
 17.271	-17.703	 12.291       
 15.313	-17.023	  9.082       
 12.706	-19.637	  8.123       
 11.564	-19.756	  4.521       
  8.408	-21.378	  3.036       
  8.264	-24.660	  1.060       
  8.561	-25.169	 -2.692       
  6.005	-23.570	 -4.918       
  5.014	-24.625	 -8.387       
  3.496	-22.193	-10.836       
  2.369	-21.963	-14.472       
  3.708	-19.248	-16.781       
  1.983	-15.864	-16.372       
  0.821	-16.717	-12.833       
  1.917	-15.249	 -9.512       
  3.590	-16.622	 -6.429       
  4.078	-15.518	 -2.793       
  6.790	-16.860	 -0.471       
  7.635	-15.950	  3.104       
 10.497	-15.573	  5.542       
  9.922	-15.897	  9.275       
 12.600	-14.200	 11.413       
 13.283	-15.277	 14.969       
 15.901	-14.465	 17.608       
 16.437	-10.703	 17.028       
 14.646	 -7.355	 16.698       
 12.753	 -7.839	 13.405       
 11.956	 -4.172	 12.948       
 15.601	 -2.999	 13.100       
 17.342	 -4.721	 10.127       
 16.995	 -4.541	  6.351       
 15.688	 -7.858	  5.051       
 17.269	 -8.628	  1.681       
 16.228	-10.980	 -1.048       
 18.578	-12.796	 -3.390       
 17.897	-14.964	 -6.498       
 19.920	-17.981	 -7.626       
 19.408	-20.136	-10.691       
 21.337	-23.328	-11.419       
 24.928	-22.621	-12.491       
 24.055	-18.924	-12.557       
 25.469	-16.706	 -9.807       
 23.687	-14.741	 -7.176       
 21.512	-11.713	 -7.996       
 20.274	 -9.140	 -5.466       
 16.528	 -8.761	 -5.878       
 15.665	 -6.071	 -3.286       
 15.076	 -5.328	  0.388       
 12.350	 -4.162	  2.858       
 12.853	 -2.392	  6.184       
 10.208	 -3.489	  8.594       
 10.740	 -0.505	 10.933       
  8.981	  1.932	  8.481       
  8.093	 -0.405	  5.622       
 10.315	  1.193	  3.052       
 11.647	 -0.917	  0.191       
 14.428	 -0.919	 -2.366       
 14.372	 -2.808	 -5.649       
 17.068	 -3.846	 -8.050       
 16.049	 -2.000	-11.241       
 15.964	 -5.375	-13.037       
 13.228	 -6.659	-10.693       
 11.118	 -3.500	-10.528       
  8.303	 -5.257	-12.383       
  8.759	 -8.757	-11.000       
  8.891	 -8.489	 -7.289       
  7.029	 -6.994	 -4.394       
  8.505	 -7.006	 -0.882       
  6.346	 -6.360	  2.183       
  6.805	 -7.250	  5.918       
  4.390	 -7.889	  8.819       
  5.863	 -6.617	 12.021       
  3.735	 -8.425	 14.590       
  4.614	-11.909	 13.097       
  8.226	-11.026	 12.388       
  7.720	-12.176	  8.867       
  8.656	-10.720	  5.486       
  7.191	-11.728	  2.063       
  8.065	-11.626	 -1.627       
  5.474	-11.814	 -4.361       
  6.832	-12.561	 -7.850       
  4.598	-11.937	-10.794       
  3.819	-12.985	-14.346       
  6.134	-15.924	-13.963       
  8.401	-16.754	-16.841       
 10.543	-19.815	-17.177       
 13.549	-17.651	-16.159       
 11.956	-17.332	-12.751       
 12.577	-20.983	-11.784       
 15.271	-20.560	 -9.184       
 16.057	-20.616	 -5.498       
 15.152	-17.506	 -3.534       
 16.921	-16.465	 -0.326       
 16.043	-13.913	  2.331       
 18.814	-12.659	  4.616       
 19.450	-10.063	  7.264       
 21.730	 -7.031	  6.969       
 24.586	 -7.677	  9.343       
 24.152	 -4.180	 10.817       
 20.965	 -2.666	 12.178       
 19.314	  0.590	 11.138       
 17.629	  2.351	  8.286       
 20.661	  3.988	  6.692       
 22.758	  0.786	  6.136       
 20.778	  0.101	  2.929       
 23.528	 -1.654	  1.025       
 25.542	 -3.737	  3.425       
 26.540	 -7.415	  3.606       
 24.302	 -9.986	  5.325       
 24.973	-12.161	  8.354       
 22.243	-14.872	  8.221       
 20.462	-16.414	  5.227       
 17.295	-18.376	  4.837       
 17.662	-21.881	  3.568       
 16.011	-20.835	  0.249       
 12.614	-21.458	 -1.251       
 12.420	-23.181	 -4.649       
 10.177	-21.849	 -7.429       
  9.505	-24.066	-10.442       
  7.676	-22.630	-13.401       
  6.245	-25.145	-15.846       
  3.260	-26.162	-17.915       
  3.881	-29.838	-17.126       
  1.193	-31.817	-15.348       
  1.842	-34.078	-12.337       
  2.937	-37.481	-13.690       
  4.233	-40.686	-12.142       
  7.696	-41.995	-13.283       
  8.167	-45.228	-15.249       
 10.833	-47.262	-13.484       
 12.889	-49.775	-15.434       
 15.385	-52.294	-14.053       
 18.828	-52.238	-15.686       
 20.742	-55.569	-15.622       
 24.173	-56.299	-17.061       
 24.576	-57.087	-20.676       
 23.379	-60.665	-20.963       
 26.211	-63.228	-20.715       
 28.759	-60.460	-20.021       
 29.404	-61.759	-16.473       
 33.161	-61.418	-16.050       
 34.115	-59.222	-12.990       
 34.794	-59.789	 -9.308       
 32.060	-57.212	 -8.919       
 28.967	-56.354	-10.945       
 26.949	-53.214	-11.300       
 23.153	-52.757	-11.750       
 21.032	-49.730	-12.391       
 17.542	-48.382	-12.065       
 16.135	-45.982	-14.607       
 13.370	-43.595	-13.589       
 11.788	-41.716	-16.433       
  9.169	-39.105	-17.320       
  7.991	-37.706	-14.052       
  6.862	-34.436	-12.663       
  7.554	-32.585	-10.509       
 10.729	-33.140	 -8.501       
 11.619	-34.877	 -6.323       
 11.763	-38.675	 -6.331       
 13.521	-40.695	 -3.686       
 15.235	-43.890	 -4.720       
 16.735	-46.612	 -2.614       
 18.160	-50.095	 -3.025       
 16.703	-52.991	 -0.949       
 14.606	-50.619	  1.152       
 17.633	-48.588	  2.243       
 19.760	-51.422	  3.652       
 21.996	-51.576	  0.620       
 23.395	-48.081	  0.670       
 27.062	-48.044	 -0.176       
 28.387	-48.613	 -3.676       
 25.358	-46.558	 -4.658       
 25.247	-43.372	 -6.755       
 22.097	-41.565	 -7.804       
 22.376	-38.942	-10.551       
 20.743	-35.577	-10.574       
 17.467	-35.637	-12.374       
 17.412	-33.862	-15.732       
 14.779	-32.396	-18.082       
 13.687	-33.943	-21.351       
 10.875	-31.717	-22.664       
  8.167	-31.281	-19.951       
  9.513	-34.114	-17.794       
 12.352	-35.328	-15.528       
 14.509	-38.410	-15.659       
 17.103	-39.716	-13.240       
 19.123	-42.902	-12.817       
 20.911	-44.798	-10.053       
 23.568	-47.496	-10.007       
 24.843	-50.062	 -7.403       
 28.161	-51.881	 -7.442       
 28.077	-55.105	 -5.388       
 30.465	-58.102	 -5.242       
 29.715	-60.622	 -8.052       
 28.811	-63.476	 -5.695       
 26.132	-61.311	 -4.099       
 23.821	-61.181	 -7.171       
 21.964	-62.889	 -8.923       
 22.639	-65.202	 -6.002       
 20.856	-62.827	 -3.541       
 17.996	-60.519	 -4.592       
 18.569	-56.779	 -5.386       
 15.493	-54.478	 -5.686       
 15.080	-50.965	 -6.828       
 12.639	-48.797	 -4.727       
 11.368	-45.627	 -6.249       
  8.893	-43.336	 -4.573       
  7.356	-40.163	 -6.063       
  5.221	-38.429	 -3.472       
  3.693	-35.835	 -5.857       
  1.869	-38.751	 -7.403       
  1.495	-41.038	 -4.374       
  3.398	-43.790	 -6.180       
  5.825	-46.415	 -4.793       
  7.254	-49.035	 -7.202       
  9.687	-51.811	 -6.569       
 11.706	-53.224	 -9.510       
 13.730	-56.302	 -8.781       
 16.720	-56.634	-11.110       
 16.595	-59.999	-12.962       
 19.392	-61.491	-15.158       
 18.617	-61.441	-18.887       
 17.744	-64.585	-21.002       
BRIEF 3O0R C 142              
  6.304	 35.765	 60.114       
  9.633	 37.668	 59.902       
 13.125	 37.036	 58.444       
 14.308	 35.329	 61.662       
 11.771	 32.517	 61.685       
 12.549	 32.265	 57.969       
 16.303	 31.897	 58.588       
 15.907	 29.220	 61.263       
 13.661	 27.038	 59.111       
 16.643	 27.105	 56.752       
 19.258	 26.346	 59.515       
 17.516	 23.442	 61.295       
 15.545	 22.427	 58.238       
 18.819	 21.581	 56.572       
 20.686	 20.205	 59.543       
 17.884	 17.669	 60.019       
 18.034	 16.560	 56.384       
 21.847	 16.456	 56.079       
 22.010	 14.064	 59.091       
 19.052	 12.039	 57.713       
 20.861	 11.684	 54.385       
 24.188	 10.825	 56.088       
 22.264	  8.111	 58.010       
 20.778	  6.535	 54.887       
 24.023	  6.677	 53.035       
 25.554	  4.881	 56.034       
 22.747	  2.301	 55.719       
 23.060	  2.039	 51.953       
 26.759	  1.305	 52.072       
 26.214	 -1.795	 54.224       
 23.911	 -3.440	 51.680       
 26.219	 -2.823	 48.725       
 28.314	 -6.052	 49.122       
 25.087	 -8.022	 48.598       
 23.485	 -5.801	 45.973       
 26.576	 -5.399	 43.771       
 27.913	 -8.848	 44.555       
 31.339	 -7.602	 45.698       
 32.328	-11.239	 46.363       
 32.570	-11.514	 42.524       
 34.344	 -8.089	 42.004       
 37.739	 -9.558	 40.871       
 41.127	 -7.937	 40.110       
 39.974	 -8.418	 36.521       
 36.843	 -6.326	 36.959       
 38.471	 -3.507	 38.978       
 41.032	 -3.258	 36.242       
 38.302	 -3.339	 33.580       
 36.851	 -0.300	 35.344       
 40.199	  1.438	 34.891       
 40.335	  0.584	 31.149       
 36.757	  1.987	 30.959       
 37.622	  5.310	 32.632       
 40.909	  5.750	 30.826       
 39.209	  5.447	 27.417       
 36.172	  7.487	 28.281       
 33.532	  5.077	 27.045       
 31.007	  7.027	 29.151       
 31.860	  9.820	 26.713       
 29.697	  7.983	 24.225       
 27.820	  5.144	 25.974       
 25.593	  4.809	 29.003       
 26.451	  2.465	 31.874       
 23.404	  1.642	 34.043       
 21.714	  4.361	 32.161       
 24.084	  7.204	 33.089       
 26.590	  8.587	 30.607       
 26.310	  9.830	 27.023       
 23.479	  9.093	 24.612       
 25.449	  8.702	 21.395       
 25.924	  5.013	 21.619       
 24.182	  1.949	 23.258       
 23.696	  1.008	 26.938       
 26.568	 -1.356	 27.795       
 25.213	 -2.197	 31.212       
 23.333	 -5.105	 29.754       
 25.216	 -5.570	 26.447       
 26.395	 -9.028	 27.701       
 22.793	-10.264	 27.322       
 22.569	 -9.172	 23.681       
 25.936	-10.485	 22.381       
 25.996	-14.289	 23.094       
 25.897	-13.565	 26.850       
 27.786	-15.347	 29.640       
 29.782	-17.977	 27.617       
 31.080	-16.105	 24.502       
 31.057	-12.399	 25.444       
 34.821	-12.190	 26.128       
 35.565	-13.621	 22.643       
 33.059	-11.184	 21.078       
 34.450	 -8.127	 22.849       
 37.894	 -9.230	 21.692       
 36.586	 -8.988	 18.103       
 34.420	 -5.971	 18.748       
 37.421	 -3.896	 19.806       
 39.837	 -4.848	 16.994       
 37.325	 -4.136	 14.200       
 36.628	 -0.468	 15.053       
 36.049	  1.767	 13.349       
 33.561	 -0.086	 11.117       
 33.573	  2.612	  8.413       
 30.017	  2.478	  7.294       
 29.492	  5.905	  5.672       
 27.452	  8.308	  7.768       
 27.069	  5.873	 10.666       
 28.228	  6.987	 14.128       
 31.767	  5.690	 14.636       
 33.653	  4.172	 17.609       
 37.369	  4.827	 17.813       
 40.180	  2.245	 17.663       
 41.667	  2.041	 21.134       
 44.575	 -0.331	 20.487       
 43.875	 -2.289	 23.666       
 45.708	 -5.332	 24.877       
 44.027	 -8.725	 24.867       
 44.611	 -8.436	 28.641       
 42.888	 -5.026	 28.754       
 39.964	 -6.153	 26.637       
 39.613	 -9.301	 28.754       
 39.404	 -7.102	 31.835       
 36.887	 -4.809	 30.166       
 34.747	 -7.817	 29.523       
 34.639	 -9.013	 33.181       
 33.934	 -5.455	 34.270       
 30.945	 -5.362	 31.886       
 29.850	 -8.922	 32.694       
 29.959	 -7.966	 36.424       
 28.297	 -4.563	 35.923       
 25.425	 -6.441	 34.327       
 24.686	 -8.567	 37.410       
 24.366	 -5.637	 39.887       
 20.869	 -5.590	 41.525       
 19.671	 -2.629	 39.602       
 16.007	 -2.706	 40.712       
 15.252	 -4.543	 37.460       
 16.470	 -1.771	 35.047       
 16.638	 -1.493	 31.916       
 13.123	 -2.552	 30.778       
 14.371	 -5.040	 28.166       
 17.194	 -6.634	 26.156       
 17.845	 -3.512	 24.186       
 18.774	 -1.382	 27.210       
