BRIEF 3PGF A 358              
-14.903	 -4.784	-19.236  0.941
-15.222	 -1.227	-20.596 -0.449
-18.029	 -0.807	-23.299 -0.333
-16.722	  0.139	-26.750 -0.754
-18.522	  3.067	-28.469  0.115
-19.462	  4.976	-25.322 -0.182
-17.720	  7.086	-22.606  0.447
-17.903	  6.496	-18.840  0.470
-16.496	  9.391	-16.700  0.422
-15.730	  9.330	-12.935  1.523
-15.448	 12.689	-11.145  0.878
-15.687	 13.522	 -7.434 -0.333
-19.088	 14.248	 -5.836  0.369
-18.062	 17.713	 -4.687 -0.158
-17.291	 18.860	 -8.333 -0.888
-19.684	 20.032	-11.088  0.811
-20.856	 16.579	-12.305 -0.774
-24.186	 17.827	-13.595 -1.199
-22.440	 20.519	-15.715 -0.240
-19.986	 17.893	-16.999 -0.073
-23.004	 15.691	-17.880 -1.125
-24.339	 18.623	-19.970 -1.560
-21.003	 18.582	-21.869 -0.151
-21.687	 14.805	-22.332  0.324
-25.080	 15.676	-23.838 -2.022
-23.524	 18.076	-26.352 -2.178
-21.015	 15.320	-27.182  1.330
-23.801	 12.860	-27.823  0.544
-26.182	 15.290	-29.640 -0.918
-23.428	 15.702	-32.183 -0.670
-21.496	 12.392	-32.421  0.542
-24.150	  9.801	-31.391 -0.033
-21.805	  8.700	-28.583  1.041
-23.342	  8.384	-25.181 -1.081
-21.422	  9.835	-22.171  1.488
-22.175	  8.613	-18.656 -1.007
-20.856	 10.696	-15.742  0.232
-20.656	  8.983	-12.363  0.364
-19.379	 10.111	 -8.985 -0.642
-18.676	  7.005	 -6.934  0.509
-17.608	  7.175	 -3.279  0.237
-13.836	  6.825	 -2.733 -1.237
-13.366	  6.952	 -6.524 -0.661
 -9.661	  7.626	 -6.037 -1.097
 -9.231	  4.282	 -4.268 -0.654
-11.600	  2.346	 -6.541 -0.073
 -9.967	  3.499	 -9.811  0.274
 -6.564	  1.814	 -9.191 -0.316
 -8.404	 -1.342	 -7.964  1.086
-10.652	 -1.709	-11.045  1.255
 -8.192	 -0.328	-13.680  0.988
 -5.502	 -2.884	-12.740  0.799
 -7.558	 -5.632	-14.420  0.688
 -8.767	 -3.434	-17.306  1.229
-12.066	 -2.264	-15.776 -0.574
-13.291	  1.196	-14.658  0.806
-14.277	  4.426	-16.415  1.766
-12.759	  5.610	-19.717  1.783
-11.860	  9.000	-18.073  1.064
-11.090	  9.815	-14.474 -0.035
-10.915	 13.276	-12.874  0.157
 -8.942	 13.931	 -9.722  0.088
 -6.251	 16.332	 -8.481  1.301
 -2.909	 15.560	-10.116  1.320
 -1.289	 14.237	 -6.932  1.242
 -2.819	 10.670	 -7.363  0.525
 -2.035	 10.500	-11.103  0.229
  1.660	  9.694	-10.529  1.028
  0.814	  6.461	 -8.676 -0.259
 -1.680	  5.611	-11.427  0.715
  0.942	  6.290	-14.216  1.133
  3.569	  4.212	-12.370 -1.004
  1.097	  1.240	-12.225  0.416
  0.487	  1.583	-16.002  1.087
 -3.098	  2.628	-15.510  0.635
 -3.107	  5.839	-17.563  0.483
 -2.849	  6.210	-21.355 -0.955
 -0.223	  8.672	-22.506  0.992
 -2.230	 11.539	-23.952  0.309
 -1.331	 12.925	-27.409 -0.135
 -2.334	 16.560	-27.645 -0.884
 -0.624	 18.276	-30.525 -0.874
  1.665	 21.306	-29.894 -2.208
 -1.165	 23.725	-30.793 -1.906
 -3.626	 22.248	-28.288 -2.320
 -0.973	 22.373	-25.557 -2.450
 -0.541	 26.195	-26.296 -2.450
 -4.132	 26.710	-25.358 -1.116
 -3.233	 26.119	-21.665  0.141
 -0.806	 28.018	-19.404 -0.849
  2.482	 26.254	-20.075 -1.006
  3.204	 25.493	-16.427 -0.474
 -0.014	 23.603	-15.866  0.264
  1.306	 20.730	-18.077 -0.677
  3.988	 20.021	-15.591 -1.548
  1.500	 18.856	-12.890  1.153
  0.455	 16.047	-15.359 -0.056
  3.855	 14.866	-16.573 -0.054
  5.149	 11.657	-15.113 -0.898
  8.569	 10.335	-16.150 -1.025
  8.607	 12.938	-18.896  1.200
  5.270	 11.811	-20.404  0.569
  1.912	 13.625	-20.443 -1.444
 -0.614	 11.443	-18.614  1.050
 -3.608	 13.722	-18.173  1.317
 -5.123	 16.983	-19.225  0.484
 -4.917	 19.812	-16.631  1.783
 -8.253	 21.472	-15.967 -0.519
 -7.880	 23.900	-13.000  0.705
 -5.765	 25.001	-10.089  0.680
 -7.728	 24.641	 -6.795  1.508
 -6.492	 26.229	 -3.523  1.100
 -8.313	 26.452	 -0.156  0.490
 -9.295	 29.908	  1.073  0.783
-10.817	 31.403	  4.256  1.090
-14.544	 31.862	  3.564  0.602
-16.346	 34.151	  6.038  1.779
-19.742	 35.515	  6.826  1.783
-19.485	 39.344	  6.345  1.532
-22.546	 39.974	  8.521  0.345
-21.123	 38.096	 11.535  0.476
-17.539	 39.113	 10.752  0.656
-16.908	 42.269	  8.678 -2.394
-13.136	 42.158	  9.490 -0.930
-11.920	 38.527	  9.517  0.509
 -8.941	 37.664	 11.743  1.778
 -5.462	 38.082	 10.313 -0.686
 -3.991	 35.282	 12.508  1.493
 -4.816	 31.774	 13.605  0.036
 -3.736	 32.708	 17.162  0.116
 -6.552	 35.168	 17.617  0.872
 -9.261	 32.599	 16.712  0.654
 -9.717	 31.379	 20.333 -2.140
-10.511	 34.987	 21.511 -2.392
-12.843	 35.564	 18.567 -0.479
-14.667	 32.294	 19.238  1.174
-15.239	 33.285	 22.911 -0.324
-16.817	 36.530	 21.705 -0.858
-19.046	 34.834	 19.146 -0.207
-19.972	 32.022	 21.604  0.230
-21.481	 34.666	 23.846 -2.412
-23.998	 35.366	 20.971 -2.431
-24.760	 31.730	 20.105 -0.481
-22.281	 31.366	 17.220 -0.772
-18.782	 29.962	 16.680 -0.779
-15.780	 31.435	 14.906  1.413
-14.712	 28.567	 12.649  0.316
-15.735	 25.099	 11.403  0.301
-13.976	 23.098	  8.707 -0.842
-13.487	 19.507	  7.736 -0.003
-11.059	 17.937	 10.279 -1.085
-11.382	 14.456	  8.799 -0.674
 -9.367	 15.116	  5.576  0.036
 -5.740	 16.241	  5.967 -0.905
 -6.067	 18.397	  2.893  0.288
 -8.007	 20.953	  5.071 -0.904
 -5.629	 20.903	  8.063  0.345
 -2.384	 20.904	  5.967 -1.165
 -2.287	 24.676	  5.491  0.315
 -1.892	 25.182	  9.211 -0.517
  0.327	 22.196	  9.722 -0.442
  2.574	 23.381	  6.892 -1.072
  2.675	 27.144	  7.861  0.626
  5.668	 27.344	 10.217 -0.198
  9.269	 26.689	  8.962  1.724
 14.746	 12.229	  7.757  1.184
 11.528	 13.805	  9.172 -0.461
  9.842	 12.956	  5.784  0.465
  6.364	 11.393	  5.847 -2.433
  6.362	  8.760	  3.034 -1.832
  9.126	 10.674	  1.131 -0.384
  7.362	 14.058	  1.351  0.390
  9.576	 16.739	  3.108  0.640
  7.996	 18.216	  6.222  0.493
  9.406	 20.745	  8.678  0.762
  9.369	 18.658	 11.884  0.634
  9.265	 21.603	 14.365 -0.995
  6.802	 23.424	 12.128 -0.026
  4.431	 20.460	 11.736  0.432
  4.538	 19.952	 15.557  0.180
  3.727	 23.651	 16.092 -0.855
  0.759	 23.686	 13.670  0.969
 -0.721	 20.411	 14.763  0.299
 -0.371	 21.318	 18.483 -1.402
 -2.228	 24.564	 17.780 -1.018
 -5.008	 22.602	 16.115 -0.022
 -5.171	 20.073	 19.037 -0.770
 -5.391	 23.052	 21.452 -0.431
 -8.336	 24.594	 19.497  0.260
-10.099	 21.251	 20.077 -0.958
 -9.158	 20.835	 23.800 -0.888
-10.316	 24.394	 24.447 -1.213
-13.676	 23.716	 22.729 -0.577
-13.252	 26.112	 19.803 -0.739
-13.657	 23.217	 17.351  0.039
-14.926	 19.627	 17.576  0.122
-12.665	 16.625	 16.522 -1.056
-15.589	 14.967	 14.729  0.209
-16.418	 17.895	 12.399 -0.277
-16.405	 16.739	  8.804 -0.419
-17.212	 18.197	  5.362 -0.653
-21.023	 18.094	  5.757 -0.217
-21.216	 19.325	  9.278 -0.807
-18.908	 22.265	  8.553  0.338
-20.755	 23.154	  5.329 -0.124
-24.195	 23.008	  6.945  0.078
-23.002	 25.168	  9.947 -0.326
-21.545	 27.830	  7.643  1.562
-24.401	 27.849	  5.123 -0.091
-26.909	 28.168	  7.985 -0.414
-25.097	 31.144	  9.507  1.418
-24.083	 29.299	 12.701 -0.156
-20.309	 29.674	 12.278  0.571
-18.493	 32.819	 11.132  1.488
-15.745	 31.109	  8.958  1.430
-14.981	 27.967	  7.113  0.331
-12.028	 26.717	  5.010  0.794
-12.951	 25.369	  1.603  1.042
-12.277	 25.379	 -2.149  1.782
-14.026	 27.035	 -5.084  1.481
-16.358	 24.068	 -5.586  1.436
-18.052	 25.098	 -2.308  0.299
-19.185	 28.550	 -3.426 -0.100
-22.377	 27.548	 -5.312 -0.948
-24.014	 25.960	 -2.242 -0.380
-23.156	 29.138	 -0.330 -0.395
-24.712	 31.285	 -3.132 -1.185
-27.882	 29.182	 -2.815 -1.076
-27.803	 29.705	  1.009  0.120
-27.935	 33.565	  0.741 -1.028
-25.213	 33.962	  3.512  0.155
-23.489	 37.205	  2.681  0.590
-19.964	 35.723	  2.285  0.008
-16.406	 36.741	  1.327  1.191
-13.430	 34.718	  0.166  1.039
-10.098	 35.789	  1.594  0.643
 -6.479	 35.030	  2.473 -0.553
 -6.048	 32.332	  5.085  0.281
 -4.850	 33.474	  8.511  1.783
 -1.134	 33.516	  9.345 -0.510
  0.458	 31.260	 11.916 -0.603
  3.570	 32.373	 13.916 -1.429
  3.539	 35.408	 11.528  1.158
  3.765	 33.147	  8.448 -0.981
  1.141	 32.545	  5.689 -2.389
 -0.947	 29.301	  5.882 -0.907
  0.470	 27.038	  3.129  0.002
 -2.131	 24.834	  1.376  1.046
 -1.156	 21.892	 -0.749  0.432
 -2.492	 22.853	 -4.152  0.332
 -4.145	 20.293	 -6.496  1.766
 -4.660	 20.634	-10.254  1.372
 -7.917	 18.978	-11.105  0.814
 -6.844	 16.744	-14.085  0.683
 -8.491	 14.261	-16.551  0.444
 -6.729	 10.995	-17.290  0.259
 -7.662	  8.375	-19.849  0.877
 -7.800	  4.736	-18.672  0.920
 -4.947	  2.732	-20.333 -0.072
 -7.460	 -0.123	-20.846 -0.270
-10.090	  2.000	-22.540  1.280
-11.077	  0.913	-26.056  0.016
-12.226	  4.556	-26.584  0.985
 -8.993	  6.517	-26.392 -0.489
 -9.667	  8.485	-29.564 -0.419
-13.219	  9.347	-28.440  0.652
-12.024	 10.355	-24.971  1.773
 -9.378	 12.617	-26.563 -0.865
-12.063	 14.265	-28.755  0.060
-14.354	 14.728	-25.782  1.198
-11.621	 16.261	-23.661 -0.008
 -9.825	 18.502	-26.224  1.130
-12.797	 19.588	-28.339 -0.521
-15.741	 19.592	-25.892  0.150
-14.539	 20.068	-22.267  0.599
-11.383	 22.135	-22.667  0.977
-13.226	 24.963	-24.412  0.675
-14.890	 28.158	-23.077 -1.056
-18.348	 26.565	-23.481 -0.540
-17.323	 23.260	-21.884 -0.028
-15.577	 24.686	-18.884  0.862
-18.269	 27.303	-18.399 -1.146
-20.829	 24.482	-18.151 -2.452
-18.913	 22.726	-15.380 -0.579
-17.985	 26.025	-13.723  0.679
-21.642	 27.246	-13.409 -1.250
-22.467	 24.031	-11.664 -1.211
-19.502	 24.163	 -9.183  0.509
-16.625	 26.634	 -9.734  0.104
-13.382	 25.080	-10.870  0.621
-10.830	 27.539	 -9.467  0.784
 -8.142	 29.071	-11.644  1.768
 -8.707	 27.253	-15.005  0.844
 -5.774	 26.047	-17.090  0.488
 -7.404	 27.151	-20.345 -1.053
 -5.914	 30.606	-21.149 -0.210
 -8.977	 31.882	-23.067  0.874
-11.418	 31.073	-20.281 -1.246
 -9.161	 31.880	-17.251 -1.444
 -8.795	 35.279	-18.668 -1.394
-12.422	 36.014	-18.003 -1.659
-12.772	 34.364	-14.576 -2.450
 -9.647	 36.054	-13.135 -0.472
-11.470	 39.386	-12.381 -1.190
-13.820	 37.714	 -9.824  0.710
-12.383	 38.681	 -6.437  0.458
-13.118	 35.125	 -5.167 -1.295
-10.703	 33.807	 -7.767  0.146
 -8.193	 36.557	 -6.931 -0.858
 -8.376	 35.279	 -3.284  0.640
 -7.940	 31.678	 -4.548  1.160
 -4.891	 32.814	 -6.440 -0.454
 -3.496	 34.679	 -3.456 -2.112
 -3.718	 31.562	 -1.243  0.964
 -2.215	 29.397	 -4.030  0.641
  0.827	 31.797	 -4.275 -2.150
  1.428	 31.189	 -0.562 -1.299
  1.117	 27.360	 -0.774  1.321
  2.880	 24.574	 -2.601 -0.939
  1.819	 22.421	 -5.583  0.649
  1.323	 18.789	 -4.491  1.394
  4.072	 16.263	 -5.435  1.649
  2.732	 13.454	 -7.631  0.365
  5.210	 10.765	 -6.477  0.318
  3.659	  7.245	 -6.229  0.740
  3.922	  7.561	 -2.395  0.514
  1.305	 10.314	 -2.262  1.143
 -1.589	  7.947	 -1.400 -0.512
  0.533	  6.520	  1.529  0.111
  1.523	 10.101	  2.492  1.115
 -2.060	 11.265	  2.807  0.919
 -3.126	  8.278	  4.776 -0.679
 -0.256	  8.693	  7.295  0.079
 -1.136	 12.394	  7.758 -0.072
 -4.804	 11.658	  8.061 -0.842
 -4.109	  9.042	 10.779 -0.781
 -1.755	 11.403	 12.615  1.006
 -4.216	 14.330	 12.645  0.146
 -7.177	 12.220	 13.744 -0.287
 -5.210	 10.450	 16.539 -0.410
 -3.685	 13.738	 17.833  0.510
 -7.015	 15.666	 17.575 -0.447
 -8.987	 12.977	 19.458 -0.305
 -6.360	 12.908	 22.174  0.885
 -5.579	  9.191	 21.479 -0.208
 -1.939	 10.124	 21.017 -0.614
  0.199	 13.112	 21.738 -0.424
  1.361	 15.280	 18.829  0.160
  4.910	 14.041	 19.144 -0.537
  3.758	 10.319	 19.115 -2.443
  1.359	 10.870	 16.170  1.382
  4.068	 12.674	 14.132  1.033
  6.704	 10.081	 14.992 -1.088
  4.329	  7.273	 13.794 -1.293
  3.750	  9.127	 10.464  1.266
  7.546	  9.525	  9.992  0.775
  8.245	  5.830	 10.558 -1.195
  8.485	  3.444	  7.564  0.946
BRIEF 3PGF H 222              
 17.104	 34.296	 -0.757       
 19.700	 34.077	 -3.480       
 20.770	 32.749	 -6.895       
 24.558	 32.704	 -7.371       
 25.964	 32.189	-10.923       
 29.468	 30.905	-11.497       
 31.590	 29.456	-14.287       
 31.634	 32.243	-16.923       
 34.655	 34.039	-18.375       
 36.747	 34.074	-21.532       
 36.231	 31.113	-23.867       
 37.609	 30.277	-27.384       
 35.067	 30.178	-30.156       
 33.846	 26.648	-30.929       
 34.641	 25.981	-27.215       
 32.532	 25.038	-24.163       
 31.577	 26.334	-20.674       
 29.386	 25.042	-17.871       
 27.426	 27.767	-15.975       
 26.102	 26.943	-12.462       
 23.277	 28.691	-10.615       
 23.260	 27.763	 -6.909       
 19.891	 28.507	 -5.259       
 18.622	 29.043	 -1.736       
 15.752	 30.433	  0.267       
 12.858	 29.173	 -1.888       
 11.338	 25.818	 -2.958       
 13.773	 24.734	 -5.679       
 11.948	 21.367	 -6.381       
  8.818	 23.180	 -7.624       
 10.440	 26.230	 -9.314       
 11.481	 26.721	-12.935       
 15.038	 27.874	-13.607       
 15.480	 30.221	-16.563       
 18.645	 31.543	-18.228       
 18.279	 34.960	-19.703       
 21.185	 36.634	-21.499       
 22.121	 40.205	-22.362       
 24.582	 41.099	-25.126       
 26.667	 44.402	-24.652       
 24.279	 47.321	-25.224       
 21.310	 45.090	-26.296       
 18.115	 43.794	-24.612       
 17.325	 40.682	-22.601       
 17.197	 37.391	-24.456       
 15.555	 34.374	-22.811       
 17.487	 31.238	-23.850       
 16.337	 28.184	-21.853       
 14.220	 26.989	-18.844       
 13.800	 23.808	-16.850       
 10.936	 22.604	-14.625       
 12.413	 21.141	-11.455       
  9.053	 19.481	-10.927       
  8.828	 17.483	-14.190       
 12.371	 17.843	-15.720       
 10.856	 19.324	-18.780       
 13.301	 21.641	-20.641       
 12.961	 23.995	-23.560       
 15.241	 26.360	-25.624       
 15.316	 29.559	-27.731       
 15.876	 28.794	-31.430       
 19.250	 30.644	-31.223       
 20.861	 28.117	-28.876       
 18.977	 24.889	-29.705       
 21.310	 21.947	-30.239       
 24.347	 23.647	-28.642       
 23.136	 24.499	-25.082       
 21.895	 21.982	-22.518       
 19.943	 23.124	-19.429       
 19.913	 20.778	-16.365       
 19.195	 20.758	-12.560       
 20.138	 18.766	 -9.512       
 17.295	 19.190	 -7.005       
 19.471	 17.530	 -4.326       
 21.979	 20.408	 -4.380       
 19.526	 23.164	 -5.374       
 21.770	 23.901	 -8.402       
 20.858	 24.320	-12.048       
 23.276	 24.290	-15.024       
 23.658	 25.558	-18.542       
 26.212	 23.587	-20.533       
 27.250	 25.748	-23.515       
 28.920	 24.024	-26.467       
 30.200	 25.206	-29.848       
 30.322	 28.740	-28.477       
 30.160	 31.725	-30.917       
 30.825	 35.424	-30.923       
 26.993	 35.871	-31.030       
 26.769	 34.203	-27.506       
 28.958	 36.833	-25.853       
 26.735	 38.236	-23.111       
 26.160	 38.612	-19.424       
 24.188	 35.399	-18.524       
 21.505	 35.612	-15.778       
 19.848	 32.775	-14.024       
 16.401	 33.564	-12.788       
 13.504	 31.643	-11.288       
  9.757	 31.450	-11.404       
  7.681	 29.507	 -8.787       
  5.204	 26.742	 -9.658       
  2.236	 28.991	-10.298       
  1.647	 30.074	-13.875       
  0.780	 33.709	-13.240       
  4.145	 34.711	-11.665       
  7.054	 36.759	-12.958       
 10.734	 36.208	-12.681       
 11.013	 37.284	 -9.041       
 14.522	 36.112	 -8.210       
 17.617	 36.837	-10.392       
 21.323	 36.033	-10.183       
 24.000	 38.720	-10.300       
 24.852	 37.776	-13.936       
 28.105	 36.311	-15.244       
 29.938	 37.638	-18.294       
 30.680	 35.119	-21.054       
 33.237	 36.399	-23.599       
 33.765	 34.254	-26.758       
 36.993	 35.207	-28.627       
 40.572	 33.902	-29.367       
 42.324	 36.815	-27.724       
 44.493	 36.171	-24.703       
 43.895	 37.612	-21.223       
 45.837	 40.822	-20.636       
 46.168	 42.842	-17.392       
 45.841	 46.650	-17.736       
 48.450	 49.347	-17.443       
 47.377	 52.180	-15.127       
 48.450	 55.732	-15.766       
 47.760	 58.885	-13.664       
 45.600	 61.708	-15.021       
 47.373	 64.410	-13.046       
 45.618	 67.565	-11.763       
 46.382	 70.645	-13.870       
 49.095	 73.015	-12.457       
 46.593	 75.787	-13.532       
 43.830	 74.371	-11.203       
 41.670	 77.365	-10.126       
 42.560	 79.000	 -6.759       
 39.693	 78.384	 -4.226       
 38.053	 76.280	 -7.005       
 37.626	 72.589	 -7.881       
 40.244	 70.342	 -9.489       
 39.949	 67.073	-11.488       
 42.327	 64.087	-11.341       
 42.063	 60.466	-12.382       
 43.490	 57.240	-13.657       
 43.434	 55.772	-17.163       
 43.207	 51.903	-17.079       
 44.485	 51.021	-20.520       
 44.793	 47.831	-22.713       
 43.096	 44.920	-20.875       
 41.063	 41.982	-21.983       
 38.510	 40.640	-21.211       
 36.160	 42.963	-19.259       
 35.654	 43.721	-16.392       
 37.858	 46.058	-14.398       
 36.812	 47.799	-11.061       
 38.213	 51.073	 -9.805       
 38.001	 52.545	 -6.276       
 39.530	 55.706	 -4.713       
 41.356	 55.636	 -1.328       
 40.140	 52.032	 -0.837       
 36.445	 52.924	 -1.029       
 36.602	 55.924	  1.377       
 36.317	 58.450	 -1.459       
 33.120	 58.070	 -3.448       
 31.768	 61.562	 -3.626       
 32.523	 63.262	 -7.042       
 33.846	 59.897	 -8.487       
 32.980	 58.963	-12.078       
 34.159	 55.682	-13.564       
 33.301	 55.612	-17.258       
 32.212	 52.702	-19.408       
 35.168	 50.971	-21.125       
 35.627	 51.485	-24.843       
 36.908	 48.718	-27.055       
 39.997	 49.964	-28.993       
 40.678	 48.903	-32.635       
 43.432	 46.720	-31.090       
 40.779	 44.544	-29.422       
 41.810	 45.718	-25.976       
 39.581	 47.799	-23.626       
 40.453	 51.100	-22.091       
 38.721	 53.048	-19.322       
 39.072	 56.179	-17.215       
 38.018	 56.985	-13.669       
 38.157	 60.573	-12.322       
 37.244	 62.499	 -9.228       
 36.903	 66.180	 -8.452       
 38.455	 67.514	 -5.239       
 39.016	 71.029	 -3.916       
 42.147	 72.727	 -5.500       
 43.552	 73.655	 -2.059       
 43.701	 69.919	 -1.160       
 46.189	 69.015	 -3.947       
 49.214	 69.891	 -1.716       
 47.713	 68.357	  1.424       
 45.574	 65.227	  0.733       
 46.422	 61.848	 -0.745       
 44.461	 60.413	 -3.711       
 45.069	 56.790	 -4.757       
 43.240	 54.806	 -7.379       
 42.760	 51.123	 -6.720       
 42.314	 49.061	 -9.899       
 41.307	 45.388	-10.000       
 41.231	 43.193	-13.131       
 40.094	 39.802	-11.766       
 40.612	 37.830	-15.003       
 44.475	 38.434	-14.893       
 44.637	 38.784	-11.073       
 45.953	 42.301	-11.444       
 45.573	 44.743	 -8.584       
 47.308	 48.135	 -8.860       
 47.240	 51.128	 -6.500       
 48.343	 54.362	 -8.119       
 48.978	 57.610	 -6.238       
 47.839	 60.550	 -8.341       
 49.648	 63.835	 -7.885       
 50.499	 67.142	 -9.638       
 53.502	 66.729	-11.984       
 56.887	 68.113	-10.848       
 59.075	 70.477	-12.956       
BRIEF 3PGF L 214              
  7.788	 33.052	-31.379       
  5.862	 35.886	-29.697       
  7.296	 39.417	-30.294       
  6.610	 42.022	-27.733       
  6.860	 45.646	-29.097       
  7.378	 48.470	-26.578       
  6.555	 52.150	-27.336       
  8.388	 54.413	-27.175       
 11.896	 52.937	-27.270       
 13.205	 55.933	-25.327       
 11.690	 58.814	-23.409       
 12.749	 61.819	-21.352       
 10.428	 63.069	-18.543       
 10.692	 65.531	-15.595       
 10.658	 64.496	-11.959       
  7.005	 64.414	-10.867       
  5.769	 63.689	-14.408       
  3.467	 60.747	-15.089       
  5.137	 58.282	-17.449       
  3.377	 55.629	-19.673       
  5.237	 52.795	-21.466       
  3.081	 50.537	-23.673       
  3.781	 47.000	-24.899       
  1.889	 45.299	-27.783       
  2.028	 41.556	-28.055       
  2.681	 39.979	-31.564       
 -0.427	 37.628	-31.179       
 -2.840	 37.435	-28.160       
 -1.074	 36.517	-24.925       
 -3.359	 36.438	-21.935       
 -2.696	 38.747	-18.922       
  0.491	 36.703	-18.505       
  2.806	 39.812	-18.777       
  5.399	 41.020	-16.259       
  7.426	 44.378	-16.212       
 10.968	 44.705	-14.985       
 13.294	 47.684	-14.326       
 16.959	 47.201	-15.085       
 19.597	 49.628	-13.934       
 22.690	 49.478	-16.140       
 25.330	 47.040	-14.727       
 22.584	 45.061	-12.895       
 19.986	 42.329	-12.847       
 16.483	 43.296	-13.882       
 14.046	 43.587	-10.907       
 10.447	 42.492	-11.147       
  7.885	 45.256	-10.804       
  4.483	 43.955	-11.949       
  3.232	 40.364	-12.704       
  0.023	 39.075	-14.226       
 -0.243	 42.510	-15.982       
 -1.466	 44.457	-12.960       
 -0.189	 42.843	 -9.700       
  2.355	 44.968	 -7.873       
  5.248	 42.821	 -6.751       
  5.755	 42.852	 -2.922       
  7.817	 45.889	 -1.795       
  7.689	 47.820	 -5.118       
  6.691	 51.503	 -4.630       
  3.063	 52.176	 -5.355       
  3.939	 54.794	 -8.042       
  4.423	 51.775	-10.365       
  1.280	 50.260	-11.831       
  0.330	 47.977	-14.681       
 -2.816	 47.755	-16.750       
 -4.176	 45.956	-19.797       
 -6.532	 46.913	-22.630       
 -7.037	 43.910	-24.941       
 -3.554	 43.251	-26.404       
 -1.998	 46.535	-25.173       
 -0.082	 46.437	-21.833       
  0.671	 49.696	-20.030       
  3.329	 50.386	-17.339       
  2.612	 53.673	-15.535       
  4.910	 55.569	-13.183       
  2.524	 57.995	-11.588       
  5.191	 60.498	-10.447       
  8.685	 60.046	-11.855       
 11.653	 60.099	 -9.334       
 15.289	 60.946	-10.065       
 16.114	 57.368	 -9.161       
 13.816	 55.878	-11.862       
 16.125	 56.199	-14.795       
 16.521	 52.662	-16.261       
 15.468	 50.410	-19.080       
 12.021	 48.939	-18.528       
 11.088	 45.583	-20.152       
  7.767	 43.794	-20.631       
  7.797	 39.998	-20.801       
  5.179	 37.397	-21.830       
  4.840	 33.969	-20.374       
  1.744	 32.735	-22.185       
  3.984	 30.821	-24.596       
  7.331	 29.083	-24.510       
  9.853	 30.504	-25.646       
  9.403	 33.213	-23.042       
  9.920	 36.578	-24.804       
 10.928	 40.119	-23.646       
 10.024	 43.499	-25.263       
 13.038	 45.377	-26.696       
 13.125	 47.791	-23.698       
 12.176	 51.441	-23.156       
 15.005	 53.670	-21.897       
 13.722	 56.319	-19.448       
 15.866	 59.280	-18.662       
 15.134	 62.205	-16.288       
 14.575	 65.564	-18.071       
 15.968	 68.553	-16.123       
 17.105	 72.110	-16.747       
 20.206	 72.731	-18.935       
 23.589	 72.378	-17.039       
 26.923	 73.330	-18.583       
 29.891	 70.939	-18.397       
 33.072	 71.728	-16.529       
 36.004	 70.830	-18.829       
 39.442	 69.390	-17.975       
 42.256	 68.222	-20.309       
 45.000	 65.761	-19.216       
 48.278	 65.255	-21.015       
 49.715	 61.695	-21.294       
 51.829	 60.665	-18.328       
 55.537	 60.099	-18.536       
 55.000	 56.384	-17.674       
 52.766	 56.080	-20.710       
 55.229	 57.648	-23.220       
 57.931	 55.488	-21.758       
 55.952	 52.700	-23.700       
 55.284	 54.049	-27.231       
 51.776	 55.598	-26.956       
 50.178	 58.871	-25.937       
 46.581	 59.119	-24.749       
 45.222	 62.622	-24.214       
 42.074	 62.800	-22.146       
 39.292	 65.413	-22.112       
 36.759	 65.376	-19.264       
 33.305	 67.046	-19.414       
 31.844	 66.853	-15.905       
 28.175	 67.125	-14.729       
 26.148	 68.456	-17.661       
 22.653	 68.116	-19.152       
 21.427	 67.265	-21.821       
 23.559	 64.284	-22.850       
 24.476	 65.703	-26.321       
 27.889	 67.402	-25.802       
 30.293	 67.588	-28.735       
 34.081	 67.213	-28.288       
 36.506	 68.328	-31.088       
 40.179	 67.570	-30.678       
 42.649	 69.934	-32.304       
 46.378	 69.281	-32.594       
 48.317	 72.507	-33.550       
 44.901	 73.675	-34.567       
 44.381	 70.822	-37.066       
 40.998	 69.029	-36.785       
 41.317	 65.360	-35.819       
 39.120	 62.531	-37.044       
 39.144	 58.712	-36.486       
 41.715	 58.677	-33.612       
 39.442	 59.387	-30.571       
 36.758	 57.496	-28.606       
 34.382	 58.536	-25.872       
 32.013	 57.176	-23.305       
 29.401	 58.688	-21.019       
 28.329	 57.858	-17.435       
 24.744	 56.901	-16.530       
 22.646	 59.800	-15.260       
 23.374	 60.893	-11.651       
 20.719	 59.672	 -9.203       
 20.478	 63.016	 -7.335       
 21.193	 65.820	 -9.886       
 20.361	 63.956	-13.146       
 23.570	 65.110	-14.997       
 25.961	 63.182	-17.242       
 29.708	 63.146	-17.467       
 31.747	 62.393	-20.599       
 35.310	 61.298	-21.130       
 37.141	 61.522	-24.534       
 40.541	 59.916	-25.310       
 42.680	 61.086	-28.254       
 45.241	 58.332	-28.927       
 48.521	 58.914	-30.903       
 51.930	 57.222	-31.255       
 54.708	 58.597	-29.046       
 56.291	 59.589	-32.431       
 53.270	 61.490	-33.639       
 52.687	 63.053	-30.190       
 56.225	 64.422	-30.304       
 55.838	 66.142	-33.726       
 53.251	 68.621	-32.295       
 52.941	 71.329	-29.694       
 49.423	 72.423	-28.864       
 46.862	 69.791	-27.749       
 43.293	 71.082	-27.379       
 39.823	 69.851	-26.664       
 36.950	 72.067	-27.715       
 33.539	 71.475	-26.135       
 30.247	 72.568	-27.612       
 27.024	 72.140	-25.532       
 23.634	 73.802	-24.956       
 24.712	 75.180	-21.529       
 27.755	 76.995	-22.977       
 27.104	 80.295	-24.709       
 30.205	 79.575	-26.875       
 32.553	 76.613	-27.207       
 35.023	 76.145	-24.424       
 38.578	 75.071	-25.201       
 41.088	 73.558	-22.728       
 44.614	 73.000	-24.038       
 48.224	 72.341	-23.010       
 51.546	 72.736	-24.777       
 53.543	 69.485	-24.982       
 56.449	 69.373	-22.506       
 55.641	 72.594	-20.692       
 54.458	 71.837	-17.081       
